0.051106	-0.825951	0.000000	0.000000	0.000000
0.046756	-0.785964	0.099999	0.000346	-0.000376
0.042491	-0.739076	0.199994	0.001023	-0.001082
0.038342	-0.683675	0.299984	0.002014	-0.002075
0.034347	-0.617636	0.399968	0.003302	-0.003310
0.030551	-0.538171	0.499946	0.004870	-0.004744
0.027007	-0.442690	0.599916	0.006701	-0.006334
0.023785	-0.324801	0.699880	0.008775	-0.008040
0.020969	-0.181750	0.799838	0.011075	-0.009822
0.018663	-0.008868	0.899790	0.013580	-0.011641
0.016972	0.193487	0.999737	0.016273	-0.013462
0.015973	0.417434	1.099680	0.019132	-0.015251
0.015671	0.647350	1.199620	0.022136	-0.016974
0.015976	0.865860	1.299558	0.025266	-0.018604
0.016729	1.060554	1.399494	0.028500	-0.020111
0.017758	1.229425	1.499430	0.031814	-0.021473
0.018914	1.376208	1.599366	0.035189	-0.022667
0.020083	1.503929	1.699303	0.038600	-0.023675
0.021187	1.618861	1.799241	0.042024	-0.024483
0.022176	1.725752	1.899181	0.045438	-0.025080
0.023020	1.828710	1.999123	0.048818	-0.025457
0.023721	1.931130	2.099068	0.052139	-0.025612
0.024321	2.035073	2.199015	0.055376	-0.025545
0.024880	2.140592	2.298966	0.058505	-0.025261
0.025459	2.249934	2.398920	0.061499	-0.024767
0.026119	2.360587	2.498877	0.064333	-0.024075
0.026917	2.473364	2.598839	0.066982	-0.023199
0.027899	2.584573	2.698803	0.069419	-0.022157
0.029097	2.694274	2.798772	0.071619	-0.020967
0.030530	2.798569	2.898745	0.073557	-0.019652
0.032199	2.896856	2.998721	0.075208	-0.018234
0.034094	2.988991	3.098701	0.076546	-0.016738
0.036193	3.072321	3.198684	0.077547	-0.015190
0.038464	-3.135550	3.298670	0.078187	-0.013618
0.040875	-3.068126	3.398657	0.078443	-0.012049
0.043388	-3.007241	3.498645	0.078290	-0.010509
0.045965	-2.954418	3.598632	0.077708	-0.009029
0.048568	-2.908131	3.698617	0.076674	-0.007634
0.051162	-2.867859	3.798598	0.075168	-0.006352
0.053709	-2.832117	3.898571	0.073170	-0.005209
0.056177	-2.802475	3.998535	0.070660	-0.004230
0.058536	-2.777467	4.098486	0.067621	-0.003438
0.060776	-2.755320	4.198420	0.064035	-0.002856
0.062895	-2.737324	4.298333	0.059887	-0.002503
0.064892	-2.721901	4.398221	0.055162	-0.002399
0.066771	-2.708578	4.498080	0.049845	-0.002559
0.068535	-2.695962	4.597903	0.043924	-0.003001
0.070189	-2.685720	4.697687	0.037386	-0.003738
0.071740	-2.676570	4.797424	0.030219	-0.004786
0.073194	-2.667265	4.897110	0.022414	-0.006156
0.074558	-2.659588	4.996737	0.013960	-0.007861
0.075840	-2.652348	5.096300	0.004850	-0.009912
0.077048	-2.644370	5.195792	-0.004926	-0.012319
0.078191	-2.637495	5.295206	-0.015375	-0.015095
0.079276	-2.629577	5.394535	-0.026503	-0.018249
0.080312	-2.622479	5.493772	-0.038315	-0.021790
0.081309	-2.614077	5.592909	-0.050818	-0.025730
0.082276	-2.606250	5.691939	-0.064016	-0.030079
0.083222	-2.596888	5.790854	-0.077913	-0.034847
0.084157	-2.587888	5.889646	-0.092511	-0.040044
0.085092	-2.577153	5.988307	-0.107814	-0.045683
0.086036	-2.565624	6.086829	-0.123824	-0.051775
0.086991	-2.554358	6.185203	-0.140541	-0.058332
0.087957	-2.541440	6.283421	-0.157968	-0.065369
0.088936	-2.527949	6.381474	-0.176104	-0.072899
0.089928	-2.513962	6.479353	-0.194950	-0.080937
0.090932	-2.500554	6.577048	-0.214503	-0.089498
0.091950	-2.485795	6.674551	-0.234763	-0.098597
0.092979	-2.471753	6.771851	-0.255729	-0.108250
0.094022	-2.456490	6.868938	-0.277398	-0.118473
0.095075	-2.442068	6.965803	-0.299767	-0.129283
0.096140	-2.426545	7.062435	-0.322834	-0.140695
0.097213	-2.411974	7.158823	-0.346594	-0.152727
0.098295	-2.397406	7.254957	-0.371044	-0.165395
0.099383	-2.381890	7.350825	-0.396179	-0.178716
0.100475	-2.367470	7.446417	-0.421994	-0.192707
0.101569	-2.354187	7.541721	-0.448485	-0.207383
0.102663	-2.340081	7.636725	-0.475646	-0.222762
0.103753	-2.326187	7.731418	-0.503471	-0.238858
0.104838	-2.313537	7.825787	-0.531954	-0.255688
0.105914	-2.300163	7.919819	-0.561090	-0.273267
0.106978	-2.288086	8.013503	-0.590871	-0.291610
0.108029	-2.276299	8.106825	-0.621291	-0.310731
0.109066	-2.264788	8.199773	-0.652343	-0.330644
0.110087	-2.253540	8.292332	-0.684021	-0.351362
0.111093	-2.242544	8.384491	-0.716316	-0.372898
0.112082	-2.232786	8.476235	-0.749221	-0.395265
0.113053	-2.222256	8.567551	-0.782729	-0.418474
0.114006	-2.211942	8.658424	-0.816831	-0.442536
0.114940	-2.202833	8.748842	-0.851520	-0.467464
0.115854	-2.192919	8.838789	-0.886787	-0.493267
0.116747	-2.184191	8.928252	-0.922622	-0.519956
0.117619	-2.174637	9.017215	-0.959018	-0.547539
0.118469	-2.165249	9.105666	-0.995963	-0.576026
0.119297	-2.156018	9.193589	-1.033449	-0.605426
0.120101	-2.146936	9.280970	-1.071465	-0.635747
0.120881	-2.137992	9.367794	-1.110000	-0.666997
0.121637	-2.129181	9.454048	-1.149042	-0.699185
0.122368	-2.120492	9.539716	-1.188581	-0.732315
0.123074	-2.111920	9.624784	-1.228605	-0.766396
0.123753	-2.102455	9.709238	-1.269101	-0.801433
0.124406	-2.093094	9.793064	-1.310057	-0.837432
0.125031	-2.083837	9.876247	-1.351458	-0.874398
0.125627	-2.074691	9.958773	-1.393291	-0.912337
0.126193	-2.065659	10.040630	-1.435542	-0.951253
0.126727	-2.056744	10.121802	-1.478196	-0.991149
0.127228	-2.046951	10.202276	-1.521239	-1.032030
0.127694	-2.037284	10.282040	-1.564653	-1.073898
0.128124	-2.028745	10.361080	-1.608424	-1.116756
0.128518	-2.018337	10.439383	-1.652536	-1.160605
0.128872	-2.009065	10.516937	-1.696971	-1.205448
0.129186	-1.999932	10.593731	-1.741712	-1.251284
0.129458	-1.989939	10.669752	-1.786743	-1.298114
0.129687	-1.981090	10.744989	-1.832045	-1.345939
0.129871	-1.971388	10.819430	-1.877601	-1.394756
0.130009	-1.961836	10.893067	-1.923393	-1.444563
0.130099	-1.952437	10.965887	-1.969402	-1.495360
0.130139	-1.943194	11.037883	-2.015611	-1.547142
0.130128	-1.933110	11.109044	-2.062001	-1.599907
0.130064	-1.924187	11.179362	-2.108552	-1.653650
0.129946	-1.915430	11.248830	-2.155247	-1.708366
0.129774	-1.905833	11.317439	-2.202068	-1.764049
0.129556	-1.896357	11.385183	-2.248994	-1.820694
0.129303	-1.886954	11.452055	-2.296009	-1.878294
0.129026	-1.877579	11.518051	-2.343092	-1.936841
0.128735	-1.868190	11.583164	-2.390226	-1.996328
0.128442	-1.858743	11.647389	-2.437391	-2.056747
0.128157	-1.849197	11.710723	-2.484569	-2.118091
0.127892	-1.838515	11.773161	-2.531742	-2.180351
0.127658	-1.827658	11.834699	-2.578889	-2.243519
0.127467	-1.817591	11.895334	-2.625991	-2.307588
0.127329	-1.805281	11.955061	-2.673030	-2.372550
0.127257	-1.793697	12.013878	-2.719982	-2.438398
0.127263	-1.781812	12.071781	-2.766829	-2.505126
0.127358	-1.768603	12.128767	-2.813550	-2.572726
0.127554	-1.755049	12.184833	-2.860121	-2.641194
0.127864	-1.741135	12.239974	-2.906519	-2.710524
0.128300	-1.725851	12.294187	-2.952722	-2.780711
0.128874	-1.710191	12.347468	-2.998704	-2.851752
0.129600	-1.694155	12.399812	-3.044439	-2.923643
0.130489	-1.676750	12.451216	-3.089900	-2.996382
0.131550	-1.659016	12.501674	-3.135057	-3.069968
0.132764	-1.641101	12.551181	-3.179880	-3.144399
0.134107	-1.622172	12.599731	-3.224339	-3.219674
0.135555	-1.604381	12.647318	-3.268399	-3.295793
0.137082	-1.585868	12.693935	-3.312028	-3.372756
0.138663	-1.567758	12.739576	-3.355192	-3.450562
0.140269	-1.551160	12.784235	-3.397857	-3.529209
0.141875	-1.534176	12.827904	-3.439989	-3.608695
0.143452	-1.519894	12.870576	-3.481553	-3.689016
0.144973	-1.506394	12.912244	-3.522519	-3.770168
0.146409	-1.494750	12.952898	-3.562855	-3.852145
0.147733	-1.485031	12.992532	-3.602533	-3.934939
0.148916	-1.477304	13.031135	-3.641528	-4.018540
0.149931	-1.472635	13.068698	-3.679815	-4.102939
0.150751	-1.470097	13.105209	-3.717376	-4.188122
0.151348	-1.470763	13.140657	-3.754196	-4.274074
0.151696	-1.473718	13.175028	-3.790264	-4.360778
0.151770	-1.480059	13.208310	-3.825573	-4.448217
0.151545	-1.488896	13.240489	-3.860123	-4.536370
0.150997	-1.500363	13.271550	-3.893917	-4.625213
0.150114	-1.515566	13.301481	-3.926964	-4.714723
0.148920	-1.533444	13.330268	-3.959280	-4.804873
0.147450	-1.553894	13.357899	-3.990884	-4.895635
0.145739	-1.574826	13.384362	-4.021803	-4.986979
0.143820	-1.598144	13.409648	-4.052062	-5.078876
0.141727	-1.622755	13.433751	-4.081692	-5.171295
0.139495	-1.647554	13.456664	-4.110726	-5.264203
0.137154	-1.672426	13.478387	-4.139197	-5.357571
0.134736	-1.698238	13.498919	-4.167140	-5.451366
0.132270	-1.724838	13.518262	-4.194590	-5.545560
0.129783	-1.750049	13.536419	-4.221582	-5.640121
0.127300	-1.775667	13.553398	-4.248149	-5.735020
0.124845	-1.801456	13.569206	-4.274325	-5.830230
0.122437	-1.825147	13.583852	-4.300143	-5.925723
0.120094	-1.848437	13.597347	-4.325633	-6.021474
0.117831	-1.869989	13.609702	-4.350823	-6.117457
0.115660	-1.890428	13.620930	-4.375740	-6.213650
0.113591	-1.907348	13.631045	-4.400407	-6.310031
0.111634	-1.922311	13.640061	-4.424844	-6.406579
0.109796	-1.933852	13.647990	-4.449067	-6.503276
0.108081	-1.941571	13.654849	-4.473090	-6.600105
0.106478	-1.945413	13.660650	-4.496920	-6.697051
0.104974	-1.945430	13.665409	-4.520561	-6.794100
0.103563	-1.941696	13.669138	-4.544014	-6.891239
0.102237	-1.934303	13.671853	-4.567275	-6.988458
0.100991	-1.924363	13.673568	-4.590336	-7.085748
0.099825	-1.911003	13.674297	-4.613189	-7.183099
0.098736	-1.893370	13.674054	-4.635820	-7.280504
0.097724	-1.873624	13.672854	-4.658213	-7.377957
0.096789	-1.850942	13.670712	-4.680351	-7.475453
0.095930	-1.825517	13.667642	-4.702213	-7.572986
0.095148	-1.798553	13.663661	-4.723777	-7.670552
0.094441	-1.768266	13.658785	-4.745020	-7.768148
0.093807	-1.736884	13.653032	-4.765916	-7.865771
0.093242	-1.702639	13.646417	-4.786439	-7.963418
0.092741	-1.667768	13.638961	-4.806562	-8.061089
0.092298	-1.632510	13.630683	-4.826256	-8.158780
0.091903	-1.596103	13.621602	-4.845495	-8.256491
0.091546	-1.559779	13.611741	-4.864249	-8.354220
0.091216	-1.524765	13.601119	-4.882494	-8.451967
0.090900	-1.490254	13.589760	-4.900202	-8.549729
0.090590	-1.457327	13.577684	-4.917351	-8.647504
0.090277	-1.425034	13.564914	-4.933918	-8.745292
0.089954	-1.395420	13.551472	-4.949882	-8.843091
0.089613	-1.367527	13.537380	-4.965225	-8.940896
0.089245	-1.342391	13.522657	-4.979930	-9.038708
0.088842	-1.318048	13.507324	-4.993985	-9.136520
0.088396	-1.296530	13.491401	-5.007376	-9.234332
0.087898	-1.275867	13.474904	-5.020094	-9.332139
0.087340	-1.258089	13.457853	-5.032130	-9.429937
0.086714	-1.242225	13.440265	-5.043478	-9.527721
0.086012	-1.228306	13.422154	-5.054133	-9.625489
0.085226	-1.215367	13.403537	-5.064095	-9.723234
0.084347	-1.204442	13.384427	-5.073361	-9.820953
0.083368	-1.195574	13.364838	-5.081933	-9.918640
0.082282	-1.187812	13.344784	-5.089814	-10.016292
0.081081	-1.181213	13.324277	-5.097010	-10.113901
0.079758	-1.176844	13.303329	-5.103527	-10.211465
0.078307	-1.172788	13.281951	-5.109374	-10.308979
0.076721	-1.171145	13.260156	-5.114560	-10.406437
0.074996	-1.170014	13.237954	-5.119099	-10.503835
0.073142	-1.170424	13.215357	-5.123004	-10.601170
0.071170	-1.172400	13.192374	-5.126291	-10.698438
0.069092	-1.174982	13.169017	-5.128977	-10.795635
0.066920	-1.180232	13.145296	-5.131081	-10.892758
0.064668	-1.186228	13.121220	-5.132621	-10.989804
0.062348	-1.194071	13.096800	-5.133621	-11.086772
0.059976	-1.203882	13.072045	-5.134100	-11.183658
0.057564	-1.215801	13.046963	-5.134084	-11.280462
0.055129	-1.229995	13.021564	-5.133595	-11.377181
0.052685	-1.246650	12.995855	-5.132657	-11.473815
0.050249	-1.264978	12.969844	-5.131297	-11.570364
0.047837	-1.287206	12.943538	-5.129539	-11.666826
0.045465	-1.312579	12.916945	-5.127409	-11.763201
0.043151	-1.340346	12.890070	-5.124932	-11.859491
0.040914	-1.372751	12.862919	-5.122135	-11.955694
0.038770	-1.408006	12.835498	-5.119043	-12.051811
0.036739	-1.448272	12.807812	-5.115681	-12.147843
0.034837	-1.491612	12.779866	-5.112074	-12.243791
0.033082	-1.539955	12.751663	-5.108246	-12.339655
0.031486	-1.591090	12.723208	-5.104222	-12.435437
0.030057	-1.646830	12.694503	-5.100023	-12.531137
0.028799	-1.705874	12.665552	-5.095672	-12.626755
0.027713	-1.766753	12.636358	-5.091190	-12.722294
0.026801	-1.830820	12.606922	-5.086598	-12.817753
0.026058	-1.896273	12.577246	-5.081914	-12.913133
0.025480	-1.962192	12.547333	-5.077159	-13.008436
0.025059	-2.027596	12.517183	-5.072349	-13.103661
0.024783	-2.091514	12.486797	-5.067502	-13.198810
0.024637	-2.153052	12.456177	-5.062633	-13.293882
0.024608	-2.211443	12.425322	-5.057759	-13.388878
0.024678	-2.266080	12.394234	-5.052893	-13.483798
0.024831	-2.316531	12.362911	-5.048049	-13.578642
0.025051	-2.363525	12.331355	-5.043240	-13.673411
0.025322	-2.404935	12.299564	-5.038478	-13.768103
0.025629	-2.442744	12.267539	-5.033772	-13.862720
0.025961	-2.476023	12.235279	-5.029134	-13.957260
0.026305	-2.503895	12.202783	-5.024573	-14.051722
0.026652	-2.528519	12.170051	-5.020096	-14.146108
0.026994	-2.550068	12.137080	-5.015711	-14.240414
0.027322	-2.566751	12.103872	-5.011425	-14.334642
0.027633	-2.579906	12.070424	-5.007243	-14.428789
0.027925	-2.590882	12.036734	-5.003169	-14.522855
0.028195	-2.598002	12.002803	-4.999208	-14.616839
0.028444	-2.603561	11.968629	-4.995363	-14.710740
0.028670	-2.606834	11.934210	-4.991635	-14.804556
0.028876	-2.607073	11.899546	-4.988028	-14.898286
0.029061	-2.606516	11.864633	-4.984541	-14.991929
0.029227	-2.603387	11.829473	-4.981176	-15.085484
0.029375	-2.599898	11.794062	-4.977932	-15.178948
0.029508	-2.594252	11.758399	-4.974809	-15.272320
0.029625	-2.587646	11.722484	-4.971806	-15.365600
0.029729	-2.580272	11.686314	-4.968922	-15.458785
0.029822	-2.572316	11.649889	-4.966155	-15.551874
0.029903	-2.563964	11.613206	-4.963504	-15.644865
0.029975	-2.554398	11.576266	-4.960967	-15.737757
0.030038	-2.545798	11.539065	-4.958540	-15.830549
0.030093	-2.535347	11.501604	-4.956222	-15.923238
0.030140	-2.526222	11.463882	-4.954011	-16.015824
0.030179	-2.516604	11.425896	-4.951904	-16.108304
0.030211	-2.507641	11.387647	-4.949898	-16.200679
0.030236	-2.498352	11.349134	-4.947991	-16.292945
0.030254	-2.490727	11.310356	-4.946180	-16.385102
0.030264	-2.482755	11.271312	-4.944463	-16.477149
0.030268	-2.474428	11.232002	-4.942839	-16.569085
0.030265	-2.467738	11.192426	-4.941304	-16.660907
0.030255	-2.460680	11.152584	-4.939856	-16.752616
0.030239	-2.454247	11.112475	-4.938495	-16.844210
0.030217	-2.448434	11.072100	-4.937217	-16.935688
0.030189	-2.443238	11.031458	-4.936021	-17.027049
0.030156	-2.439656	10.990551	-4.934905	-17.118292
0.030118	-2.435686	10.949378	-4.933868	-17.209417
0.030076	-2.432325	10.907939	-4.932910	-17.300422
0.030030	-2.429573	10.866236	-4.932029	-17.391307
0.029980	-2.428428	10.824269	-4.931223	-17.482071
0.029927	-2.426890	10.782038	-4.930493	-17.572713
0.029872	-2.426959	10.739544	-4.929838	-17.663233
0.029815	-2.427634	10.696789	-4.929259	-17.753631
0.029758	-2.429916	10.653773	-4.928754	-17.843905
0.029699	-2.432803	10.610497	-4.928324	-17.934055
0.029641	-2.436286	10.566963	-4.927971	-18.024080
0.029583	-2.440314	10.523170	-4.927695	-18.113981
0.029525	-2.445826	10.479122	-4.927496	-18.203757
0.029466	-2.451762	10.434818	-4.927377	-18.293407
0.029406	-2.458061	10.390260	-4.927339	-18.382931
0.029345	-2.465663	10.345450	-4.927384	-18.472330
0.029283	-2.473508	10.300389	-4.927513	-18.561602
0.029219	-2.481534	10.255078	-4.927729	-18.650747
0.029152	-2.489682	10.209520	-4.928033	-18.739766
0.029082	-2.498892	10.163715	-4.928428	-18.828657
0.029008	-2.507103	10.117665	-4.928916	-18.917422
0.028930	-2.516257	10.071373	-4.929499	-19.006060
0.028847	-2.525293	10.024839	-4.930180	-19.094571
0.028758	-2.533151	9.978067	-4.930959	-19.182955
0.028662	-2.541773	9.931057	-4.931840	-19.271212
0.028559	-2.550098	9.883811	-4.932824	-19.359342
0.028447	-2.558065	9.836333	-4.933913	-19.447346
0.028325	-2.565614	9.788622	-4.935109	-19.535222
0.028193	-2.572683	9.740683	-4.936412	-19.622973
0.028050	-2.579208	9.692517	-4.937826	-19.710597
0.027894	-2.585137	9.644125	-4.939350	-19.798095
0.027727	-2.590472	9.595511	-4.940985	-19.885468
0.027549	-2.594227	9.546677	-4.942733	-19.972715
0.027361	-2.598414	9.497624	-4.944593	-20.059838
0.027166	-2.601043	9.448355	-4.946566	-20.146836
0.026963	-2.604123	9.398872	-4.948651	-20.233710
0.026754	-2.605662	9.349178	-4.950849	-20.320461
0.026540	-2.607668	9.299274	-4.953159	-20.407088
0.026323	-2.608147	9.249163	-4.955580	-20.493593
0.026104	-2.608106	9.198846	-4.958111	-20.579975
0.025884	-2.607550	9.148327	-4.960753	-20.666235
0.025664	-2.606487	9.097607	-4.963503	-20.752374
0.025446	-2.604923	9.046687	-4.966360	-20.838391
0.025231	-2.602866	8.995570	-4.969324	-20.924288
0.025020	-2.599323	8.944258	-4.972393	-21.010065
0.024815	-2.596306	8.892752	-4.975564	-21.095722
0.024617	-2.591825	8.841053	-4.978837	-21.181259
0.024428	-2.587893	8.789164	-4.982210	-21.266676
0.024249	-2.582526	8.737086	-4.985680	-21.351974
0.024081	-2.576743	8.684819	-4.989247	-21.437153
0.023925	-2.570572	8.632366	-4.992908	-21.522214
0.023781	-2.564081	8.579726	-4.996661	-21.607155
0.023650	-2.557350	8.526901	-5.000504	-21.691977
0.023530	-2.550461	8.473892	-5.004436	-21.776680
0.023420	-2.543496	8.420700	-5.008453	-21.861264
0.023322	-2.536540	8.367324	-5.012555	-21.945728
0.023232	-2.528677	8.313766	-5.016739	-22.030073
0.023152	-2.521995	8.260026	-5.021003	-22.114297
0.023080	-2.515579	8.206104	-5.025346	-22.198402
0.023016	-2.509515	8.152001	-5.029765	-22.282386
0.022959	-2.503888	8.097717	-5.034260	-22.366249
0.022908	-2.498784	8.043252	-5.038829	-22.449992
0.022862	-2.494287	7.988608	-5.043471	-22.533612
0.022821	-2.490481	7.933783	-5.048184	-22.617111
0.022783	-2.488450	7.878779	-5.052967	-22.700488
0.022749	-2.486275	7.823597	-5.057820	-22.783743
0.022716	-2.486040	7.768235	-5.062743	-22.866874
0.022686	-2.486827	7.712696	-5.067734	-22.949883
0.022656	-2.488719	7.656979	-5.072795	-23.032769
0.022627	-2.492796	7.601085	-5.077925	-23.115531
0.022598	-2.497113	7.545015	-5.083126	-23.198169
0.022569	-2.503600	7.488770	-5.088397	-23.280684
0.022540	-2.512155	7.432350	-5.093741	-23.363075
0.022510	-2.520678	7.375758	-5.099159	-23.445343
0.022480	-2.531069	7.318993	-5.104652	-23.527486
0.022450	-2.542228	7.262057	-5.110223	-23.609506
0.022418	-2.554054	7.204951	-5.115874	-23.691403
0.022385	-2.566447	7.147678	-5.121608	-23.773176
0.022351	-2.579309	7.090237	-5.127426	-23.854826
0.022315	-2.592540	7.032632	-5.133331	-23.936354
0.022277	-2.607044	6.974863	-5.139326	-24.017759
0.022236	-2.620722	6.916932	-5.145413	-24.099042
0.022191	-2.634479	6.858840	-5.151596	-24.180204
0.022142	-2.649220	6.800591	-5.157876	-24.261244
0.022087	-2.662851	6.742185	-5.164256	-24.342164
0.022026	-2.676278	6.683625	-5.170738	-24.422964
0.021957	-2.689410	6.624912	-5.177326	-24.503645
0.021880	-2.703154	6.566048	-5.184021	-24.584207
0.021793	-2.715419	6.507036	-5.190825	-24.664652
0.021694	-2.727111	6.447877	-5.197740	-24.744979
0.021583	-2.737170	6.388574	-5.204768	-24.825190
0.021459	-2.747668	6.329129	-5.211909	-24.905285
0.021322	-2.757708	6.269544	-5.219166	-24.985266
0.021170	-2.766396	6.209821	-5.226539	-25.065133
0.021004	-2.775838	6.149961	-5.234029	-25.144887
0.020824	-2.784146	6.089968	-5.241637	-25.224530
0.020629	-2.792430	6.029844	-5.249362	-25.304063
0.020420	-2.800810	5.969591	-5.257206	-25.383486
0.020196	-2.808405	5.909211	-5.265168	-25.462801
0.019958	-2.817346	5.848707	-5.273248	-25.542010
0.019705	-2.826768	5.788082	-5.281446	-25.621113
0.019439	-2.835815	5.727337	-5.289763	-25.700113
0.019158	-2.845642	5.666477	-5.298198	-25.779010
0.018865	-2.856415	5.605503	-5.306750	-25.857808
0.018559	-2.868316	5.544419	-5.315420	-25.936507
0.018242	-2.881538	5.483228	-5.324207	-26.015111
0.017913	-2.895296	5.421934	-5.333112	-26.093620
0.017575	-2.911822	5.360539	-5.342133	-26.172038
0.017230	-2.929369	5.299048	-5.351271	-26.250366
0.016878	-2.949212	5.237464	-5.360525	-26.328608
0.016524	-2.971568	5.175792	-5.369896	-26.406766
0.016170	-2.995338	5.114035	-5.379384	-26.484843
0.015822	-3.022307	5.052198	-5.388989	-26.562843
0.015484	-3.050217	4.990285	-5.398711	-26.640768
0.015160	-3.080755	4.928301	-5.408551	-26.718622
0.014851	-3.111556	4.866251	-5.418509	-26.796407
0.014561	3.139989	4.804139	-5.428585	-26.874128
0.014290	3.107987	4.741969	-5.438780	-26.951787
0.014038	3.076151	4.679746	-5.449094	-27.029388
0.013806	3.045047	4.617473	-5.459527	-27.106934
0.013592	3.015277	4.555156	-5.470080	-27.184427
0.013393	2.986461	4.492797	-5.480752	-27.261870
0.013207	2.961236	4.430400	-5.491543	-27.339267
0.013029	2.939247	4.367968	-5.502454	-27.416618
0.012857	2.920147	4.305504	-5.513484	-27.493926
0.012687	2.906602	4.243011	-5.524632	-27.571194
0.012514	2.897301	4.180489	-5.535897	-27.648422
0.012338	2.893968	4.117940	-5.547278	-27.725611
0.012156	2.897378	4.055366	-5.558774	-27.802762
0.011969	2.907368	3.992766	-5.570382	-27.879876
0.011780	2.925555	3.930140	-5.582100	-27.956951
0.011605	2.951364	3.867487	-5.593927	-28.033988
0.011460	2.983734	3.804804	-5.605859	-28.110986
0.011361	3.021299	3.742091	-5.617892	-28.187941
0.011325	3.061352	3.679343	-5.630026	-28.264854
0.011362	3.102875	3.616559	-5.642256	-28.341721
0.011484	-3.139535	3.553734	-5.654581	-28.418540
0.011695	-3.100744	3.490865	-5.666998	-28.495307
0.011999	-3.069000	3.427948	-5.679508	-28.572021
0.012397	-3.043018	3.364980	-5.692110	-28.648678
0.012888	-3.025068	3.301957	-5.704806	-28.725274
0.013472	-3.015937	3.238876	-5.717596	-28.801806
0.014152	-3.015958	3.175732	-5.730485	-28.878270
0.014934	-3.025057	3.112524	-5.743478	-28.954663
0.015825	-3.042818	3.049248	-5.756581	-29.030981
0.016839	-3.067544	2.985903	-5.769803	-29.107222
0.017992	-3.100305	2.922486	-5.783154	-29.183380
0.019307	-3.139000	2.858998	-5.796646	-29.259454
0.020806	3.101773	2.795438	-5.810294	-29.335439
0.022515	3.055912	2.731806	-5.824115	-29.411334
0.024458	3.008077	2.668105	-5.838129	-29.487134
0.026637	2.960343	2.604336	-5.852357	-29.562839
0.029043	2.914333	2.540505	-5.866825	-29.638445
0.031663	2.872050	2.476615	-5.881558	-29.713950
0.034477	2.833020	2.412671	-5.896586	-29.789351
0.037465	2.797437	2.348681	-5.911939	-29.864648
0.040603	2.764273	2.284650	-5.927648	-29.939836
0.043865	2.735371	2.220588	-5.943747	-30.014915
0.047226	2.710503	2.156501	-5.960270	-30.089881
0.050659	2.687412	2.092399	-5.977250	-30.164731
0.054136	2.666840	2.028290	-5.994722	-30.239463
0.057630	2.648537	1.964186	-6.012722	-30.314073
0.061115	2.632275	1.900096	-6.031284	-30.388557
0.064563	2.618848	1.836031	-6.050443	-30.462912
0.067948	2.606072	1.772002	-6.070232	-30.537133
0.071242	2.594789	1.708021	-6.090685	-30.611214
0.074419	2.584860	1.644098	-6.111832	-30.685151
0.077451	2.577167	1.580246	-6.133706	-30.758938
0.080314	2.569611	1.516475	-6.156333	-30.832567
0.082979	2.563108	1.452798	-6.179741	-30.906034
0.085426	2.556573	1.389227	-6.203954	-30.979330
0.087658	2.551871	1.325771	-6.228995	-31.052449
0.089683	2.547878	1.262444	-6.254884	-31.125384
0.091509	2.544491	1.199256	-6.281637	-31.198126
0.093144	2.540628	1.136216	-6.309270	-31.270669
0.094598	2.538219	1.073337	-6.337798	-31.343004
0.095879	2.535205	1.010627	-6.367231	-31.415123
0.096995	2.533537	0.948096	-6.397578	-31.487018
0.097956	2.531171	0.885755	-6.428849	-31.558683
0.098771	2.529072	0.823613	-6.461048	-31.630107
0.099448	2.528205	0.761678	-6.494181	-31.701285
0.099997	2.526542	0.699959	-6.528250	-31.772209
0.100427	2.526057	0.638465	-6.563258	-31.842869
0.100746	2.524726	0.577203	-6.599205	-31.913260
0.100963	2.524526	0.516181	-6.636090	-31.983373
0.101089	2.523439	0.455407	-6.673911	-32.053201
0.101131	2.523443	0.394886	-6.712667	-32.122737
0.101099	2.523522	0.334626	-6.752352	-32.191974
0.101002	2.522656	0.274633	-6.792964	-32.260906
0.100849	2.522830	0.214913	-6.834497	-32.329525
0.100648	2.523027	0.155472	-6.876944	-32.397825
0.100404	2.523242	0.096315	-6.920301	-32.465800
0.100118	2.524468	0.037447	-6.964561	-32.533443
0.099794	2.524701	-0.021128	-7.009716	-32.600749
0.099435	2.524935	-0.079405	-7.055759	-32.667710
0.099044	2.525166	-0.137379	-7.102683	-32.734322
0.098624	2.526387	-0.195046	-7.150479	-32.800580
0.098177	2.526595	-0.252404	-7.199138	-32.866477
0.097707	2.527785	-0.309446	-7.248654	-32.932008
0.097217	2.527950	-0.366172	-7.299015	-32.997169
0.096709	2.528086	-0.422576	-7.350214	-33.061955
0.096186	2.529188	-0.478656	-7.402242	-33.126361
0.095652	2.529250	-0.534408	-7.455088	-33.190384
0.095109	2.529268	-0.589831	-7.508744	-33.254019
0.094560	2.530236	-0.644919	-7.563201	-33.317262
0.094008	2.530148	-0.699672	-7.618447	-33.380111
0.093457	2.530000	-0.754086	-7.674475	-33.442561
0.092909	2.529787	-0.808158	-7.731275	-33.504609
0.092366	2.529502	-0.861886	-7.788837	-33.566253
0.091833	2.529141	-0.915266	-7.847151	-33.627490
0.091311	2.528702	-0.968296	-7.906209	-33.688317
0.090799	2.527189	-1.020974	-7.966002	-33.748732
0.090297	2.526612	-1.073295	-8.026520	-33.808733
0.089803	2.524979	-1.125257	-8.087754	-33.868318
0.089316	2.524299	-1.176857	-8.149696	-33.927484
0.088835	2.522581	-1.228092	-8.212336	-33.986231
0.088359	2.521834	-1.278958	-8.275666	-34.044556
0.087885	2.520066	-1.329454	-8.339678	-34.102458
0.087414	2.518286	-1.379576	-8.404363	-34.159936
0.086943	2.517505	-1.429322	-8.469711	-34.216988
0.086471	2.515731	-1.478688	-8.535715	-34.273614
0.085998	2.513974	-1.527673	-8.602367	-34.329811
0.085521	2.513243	-1.576273	-8.669657	-34.385579
0.085040	2.511548	-1.624487	-8.737577	-34.440917
0.084553	2.510899	-1.672312	-8.806118	-34.495824
0.084059	2.509305	-1.719746	-8.875273	-34.550300
0.083556	2.508777	-1.766788	-8.945033	-34.604343
0.083044	2.508324	-1.813436	-9.015388	-34.657953
0.082520	2.507958	-1.859690	-9.086331	-34.711129
0.081985	2.507689	-1.905547	-9.157854	-34.763870
0.081436	2.507524	-1.951009	-9.229947	-34.816176
0.080874	2.507456	-1.996073	-9.302601	-34.868046
0.080300	2.508475	-2.040740	-9.375809	-34.919480
0.079714	2.508569	-2.085010	-9.449562	-34.970477
0.079117	2.509727	-2.128884	-9.523851	-35.021037
0.078510	2.510937	-2.172362	-9.598666	-35.071159
0.077894	2.511188	-2.215446	-9.674000	-35.120844
0.077269	2.512467	-2.258136	-9.749845	-35.170091
0.076635	2.513763	-2.300433	-9.826190	-35.218900
0.075995	2.515062	-2.342339	-9.903028	-35.267271
0.075348	2.516350	-2.383855	-9.980351	-35.315205
0.074695	2.517616	-2.424984	-10.058148	-35.362702
0.074037	2.518843	-2.465726	-10.136413	-35.409762
0.073375	2.520018	-2.506084	-10.215137	-35.456386
0.072709	2.521126	-2.546060	-10.294311	-35.502575
0.072040	2.522150	-2.585656	-10.373927	-35.548329
0.071369	2.523075	-2.624873	-10.453977	-35.593651
0.070697	2.523884	-2.663713	-10.534452	-35.638541
0.070024	2.524560	-2.702179	-10.615346	-35.683000
0.069351	2.525083	-2.740273	-10.696649	-35.727031
0.068679	2.524442	-2.777997	-10.778353	-35.770635
0.068008	2.524645	-2.815351	-10.860452	-35.813814
0.067337	2.523706	-2.852339	-10.942937	-35.856570
0.066667	2.523640	-2.888961	-11.025801	-35.898907
0.065998	2.522464	-2.925220	-11.109036	-35.940825
0.065328	2.521192	-2.961117	-11.192636	-35.982329
0.064659	2.520843	-2.996653	-11.276592	-36.023422
0.063990	2.519433	-3.031831	-11.360897	-36.064105
0.063321	2.517981	-3.066652	-11.445545	-36.104382
0.062652	2.517506	-3.101118	-11.530528	-36.144256
0.061982	2.516029	-3.135230	-11.615840	-36.183730
0.061311	2.515569	-3.168991	-11.701474	-36.222808
0.060639	2.514148	-3.202404	-11.787423	-36.261492
0.059966	2.513788	-3.235469	-11.873679	-36.299786
0.059292	2.512514	-3.268190	-11.960238	-36.337693
0.058616	2.512350	-3.300568	-12.047092	-36.375217
0.057938	2.512321	-3.332607	-12.134235	-36.412360
0.057258	2.512453	-3.364308	-12.221661	-36.449126
0.056576	2.512777	-3.395676	-12.309363	-36.485518
0.055890	2.513320	-3.426713	-12.397336	-36.521539
0.055202	2.515105	-3.457423	-12.485573	-36.557192
0.054513	2.516122	-3.487808	-12.574069	-36.592481
0.053822	2.518352	-3.517874	-12.662816	-36.627407
0.053133	2.519773	-3.547624	-12.751811	-36.661975
0.052445	2.522364	-3.577061	-12.841047	-36.696187
0.051761	2.525102	-3.606190	-12.930518	-36.730045
0.051081	2.527964	-3.635016	-13.020219	-36.763553
0.050407	2.530924	-3.663542	-13.110145	-36.796714
0.049741	2.533956	-3.691773	-13.200290	-36.829530
0.049082	2.537032	-3.719713	-13.290649	-36.862003
0.048434	2.540121	-3.747367	-13.381218	-36.894137
0.047797	2.543192	-3.774739	-13.471991	-36.925935
0.047171	2.546212	-3.801833	-13.562963	-36.957399
0.046560	2.549147	-3.828653	-13.654130	-36.988532
0.045963	2.551960	-3.855203	-13.745487	-37.019336
0.045383	2.553612	-3.881488	-13.837031	-37.049815
0.044820	2.556065	-3.907510	-13.928755	-37.079972
0.044276	2.557275	-3.933273	-14.020658	-37.109808
0.043752	2.559202	-3.958780	-14.112734	-37.139328
0.043249	2.559800	-3.984035	-14.204979	-37.168533
0.042769	2.560036	-4.009039	-14.297391	-37.197427
0.042309	2.559913	-4.033796	-14.389965	-37.226012
0.041868	2.559448	-4.058307	-14.482699	-37.254292
0.041444	2.557657	-4.082575	-14.575588	-37.282268
0.041034	2.556558	-4.106601	-14.668629	-37.309945
0.040636	2.554169	-4.130387	-14.761820	-37.337325
0.040248	2.552510	-4.153933	-14.855158	-37.364411
0.039869	2.549601	-4.177241	-14.948640	-37.391206
0.039495	2.546460	-4.200313	-15.042262	-37.417712
0.039126	2.544108	-4.223149	-15.136022	-37.443933
0.038758	2.540564	-4.245750	-15.229917	-37.469873
0.038390	2.536849	-4.268117	-15.323945	-37.495533
0.038019	2.533981	-4.290251	-15.418104	-37.520917
0.037644	2.529979	-4.312152	-15.512389	-37.546028
0.037261	2.526861	-4.333823	-15.606799	-37.570870
0.036870	2.522646	-4.355263	-15.701331	-37.595445
0.036468	2.519349	-4.376475	-15.795983	-37.619758
0.036051	2.514988	-4.397458	-15.890752	-37.643810
0.035620	2.511579	-4.418215	-15.985636	-37.667607
0.035170	2.508135	-4.438747	-16.080631	-37.691152
0.034700	2.504668	-4.459055	-16.175736	-37.714448
0.034212	2.502176	-4.479141	-16.270947	-37.737499
0.033706	2.498655	-4.499009	-16.366262	-37.760309
0.033185	2.496102	-4.518659	-16.461679	-37.782882
0.032651	2.492513	-4.538094	-16.557194	-37.805222
0.032104	2.489888	-4.557318	-16.652806	-37.827333
0.031546	2.487225	-4.576331	-16.748511	-37.849220
0.030979	2.484524	-4.595138	-16.844307	-37.870886
0.030404	2.481786	-4.613741	-16.940191	-37.892337
0.029823	2.479015	-4.632143	-17.036161	-37.913576
0.029238	2.476213	-4.650348	-17.132215	-37.934608
0.028650	2.473387	-4.668357	-17.228349	-37.955438
0.028061	2.470543	-4.686176	-17.324561	-37.976069
0.027472	2.467690	-4.703806	-17.420850	-37.996506
0.026885	2.464841	-4.721251	-17.517212	-38.016754
0.026301	2.462008	-4.738515	-17.613646	-38.036817
0.025722	2.459207	-4.755600	-17.710149	-38.056700
0.025150	2.455459	-4.772510	-17.806718	-38.076406
0.024585	2.452785	-4.789248	-17.903353	-38.095941
0.024029	2.449212	-4.805818	-18.000050	-38.115308
0.023484	2.446763	-4.822221	-18.096808	-38.134513
0.022950	2.443448	-4.838463	-18.193625	-38.153558
0.022424	2.440269	-4.854545	-18.290499	-38.172447
0.021907	2.437228	-4.870471	-18.387428	-38.191186
0.021398	2.434328	-4.886244	-18.484410	-38.209778
0.020895	2.430569	-4.901867	-18.581444	-38.228225
0.020399	2.427951	-4.917343	-18.678528	-38.246534
0.019908	2.424472	-4.932675	-18.775661	-38.264706
0.019422	2.422130	-4.947865	-18.872840	-38.282746
0.018939	2.418923	-4.962918	-18.970065	-38.300657
0.018460	2.415845	-4.977835	-19.067333	-38.318442
0.017983	2.412891	-4.992620	-19.164644	-38.336106
0.017508	2.410053	-5.007276	-19.261996	-38.353652
0.017033	2.407323	-5.021806	-19.359387	-38.371083
0.016559	2.404691	-5.036213	-19.456816	-38.388402
0.016085	2.402144	-5.050500	-19.554282	-38.405614
0.015609	2.399668	-5.064670	-19.651784	-38.422721
0.015131	2.397247	-5.078726	-19.749320	-38.439726
0.014651	2.395860	-5.092672	-19.846889	-38.456633
0.014167	2.393485	-5.106511	-19.944489	-38.473446
0.013679	2.391101	-5.120246	-20.042120	-38.490167
0.013189	2.388708	-5.133880	-20.139780	-38.506800
0.012696	2.386312	-5.147417	-20.237467	-38.523348
0.012201	2.383923	-5.160861	-20.335182	-38.539815
0.011705	2.382551	-5.174214	-20.432922	-38.556204
0.011209	2.380211	-5.187481	-20.530686	-38.572519
0.010714	2.377920	-5.200664	-20.628473	-38.588761
0.010220	2.376699	-5.213767	-20.726283	-38.604936
0.009728	2.375576	-5.226794	-20.824113	-38.621046
0.009239	2.373585	-5.239749	-20.921963	-38.637094
0.008754	2.372768	-5.252635	-21.019832	-38.653084
0.008273	2.372179	-5.265455	-21.117718	-38.669019
0.007797	2.371883	-5.278213	-21.215621	-38.684901
0.007327	2.372965	-5.290913	-21.313540	-38.700734
0.006864	2.373530	-5.303557	-21.411473	-38.716521
0.006408	2.375712	-5.316151	-21.509419	-38.732264
0.005960	2.377682	-5.328697	-21.607379	-38.747967
0.005522	2.381661	-5.341198	-21.705350	-38.763631
0.005093	2.386934	-5.353658	-21.803332	-38.779261
0.004674	2.394878	-5.366080	-21.901324	-38.794857
0.004268	2.403941	-5.378468	-21.999325	-38.810423
0.003872	2.416514	-5.390826	-22.097335	-38.825962
0.003490	2.432057	-5.403155	-22.195352	-38.841474
0.003120	2.451182	-5.415459	-22.293376	-38.856963
0.002763	2.474731	-5.427742	-22.391406	-38.872430
0.002421	2.504892	-5.440006	-22.489441	-38.887878
0.002093	2.541406	-5.452254	-22.587482	-38.903308
0.001781	2.588932	-5.464489	-22.685526	-38.918722
0.001486	2.650733	-5.476713	-22.783574	-38.934122
0.001210	2.734042	-5.488929	-22.881625	-38.949511
0.000957	2.851879	-5.501140	-22.979678	-38.964889
0.000733	3.028786	-5.513347	-23.077733	-38.980258
0.000553	-2.974184	-5.525552	-23.175789	-38.995620
0.000443	-2.543122	-5.537758	-23.273846	-39.010976
0.000433	-2.028370	-5.549967	-23.371904	-39.026329
0.000510	-1.612799	-5.562179	-23.469961	-39.041680
0.000627	-1.338031	-5.574395	-23.568018	-39.057029
0.000754	-1.152437	-5.586618	-23.666074	-39.072380
0.000880	-1.014544	-5.598849	-23.764129	-39.087733
0.000998	-0.902533	-5.611087	-23.862182	-39.103089
0.001107	-0.802399	-5.623333	-23.960233	-39.118451
0.001208	-0.711053	-5.635587	-24.058282	-39.133820
0.001305	-0.625425	-5.647851	-24.156329	-39.149197
0.001400	-0.544803	-5.660123	-24.254373	-39.164583
0.001495	-0.469218	-5.672403	-24.352415	-39.179980
0.001591	-0.399080	-5.684690	-24.450453	-39.195390
0.001690	-0.334957	-5.696986	-24.548489	-39.210813
0.001791	-0.277432	-5.709288	-24.646521	-39.226252
0.001897	-0.227024	-5.721596	-24.744550	-39.241707
0.002005	-0.184147	-5.733910	-24.842575	-39.257180
0.002116	-0.148106	-5.746230	-24.940597	-39.272671
0.002229	-0.121109	-5.758554	-25.038614	-39.288183
0.002345	-0.102285	-5.770883	-25.136628	-39.303717
0.002463	-0.090703	-5.783216	-25.234638	-39.319273
0.002584	-0.088382	-5.795554	-25.332643	-39.334853
0.002708	-0.093288	-5.807896	-25.430644	-39.350458
0.002837	-0.105327	-5.820243	-25.528640	-39.366089
0.002973	-0.126314	-5.832596	-25.626631	-39.381747
0.003119	-0.153941	-5.844954	-25.724617	-39.397434
0.003278	-0.188736	-5.857320	-25.822597	-39.413151
0.003455	-0.228786	-5.869695	-25.920571	-39.428899
0.003652	-0.273127	-5.882080	-26.018538	-39.444679
0.003873	-0.319759	-5.894478	-26.116498	-39.460493
0.004118	-0.365970	-5.906892	-26.214451	-39.476341
0.004389	-0.411373	-5.919323	-26.312396	-39.492226
0.004686	-0.454910	-5.931775	-26.410332	-39.508148
0.005008	-0.495840	-5.944251	-26.508258	-39.524109
0.005354	-0.532695	-5.956754	-26.606174	-39.540111
0.005723	-0.566230	-5.969288	-26.704080	-39.556156
0.006112	-0.596370	-5.981857	-26.801974	-39.572245
0.006518	-0.623160	-5.994464	-26.899855	-39.588379
0.006941	-0.645728	-6.007113	-26.997723	-39.604562
0.007376	-0.666246	-6.019808	-27.095576	-39.620795
0.007822	-0.682915	-6.032552	-27.193415	-39.637079
0.008275	-0.697940	-6.045351	-27.291237	-39.653418
0.008734	-0.709525	-6.058208	-27.389043	-39.669814
0.009195	-0.719863	-6.071127	-27.486830	-39.686269
0.009655	-0.727133	-6.084111	-27.584598	-39.702785
0.010113	-0.733496	-6.097165	-27.682347	-39.719365
0.010565	-0.738099	-6.110292	-27.780074	-39.736011
0.011010	-0.741092	-6.123496	-27.877779	-39.752726
0.011447	-0.742691	-6.136780	-27.975460	-39.769514
0.011876	-0.743097	-6.150148	-28.073118	-39.786375
0.012298	-0.743474	-6.163602	-28.170750	-39.803314
0.012712	-0.741961	-6.177146	-28.268356	-39.820332
0.013120	-0.740677	-6.190783	-28.365935	-39.837434
0.013521	-0.737719	-6.204515	-28.463485	-39.854620
0.013916	-0.735174	-6.218346	-28.561006	-39.871895
0.014305	-0.731115	-6.232277	-28.658496	-39.889261
0.014690	-0.726606	-6.246311	-28.755955	-39.906721
0.015069	-0.722703	-6.260451	-28.853381	-39.924277
0.015444	-0.717455	-6.274698	-28.950773	-39.941934
0.015815	-0.711904	-6.289055	-29.048131	-39.959693
0.016182	-0.706090	-6.303524	-29.145452	-39.977559
0.016547	-0.699046	-6.318107	-29.242737	-39.995533
0.016909	-0.691803	-6.332805	-29.339983	-40.013620
0.017270	-0.684389	-6.347620	-29.437190	-40.031823
0.017628	-0.675828	-6.362554	-29.534357	-40.050144
0.017986	-0.667144	-6.377607	-29.631481	-40.068587
0.018344	-0.657356	-6.392782	-29.728563	-40.087157
0.000000	0.000000	-6.392782	-29.728563	-40.087157
