0.051107	-0.825473	0.000000	0.000000	0.000000
0.046759	-0.785763	0.099999	0.000347	-0.000376
0.042494	-0.739210	0.199994	0.001024	-0.001082
0.038344	-0.684216	0.299984	0.002015	-0.002074
0.034347	-0.618670	0.399968	0.003303	-0.003309
0.030545	-0.539801	0.499946	0.004871	-0.004743
0.026994	-0.445024	0.599916	0.006701	-0.006334
0.023759	-0.327931	0.699880	0.008775	-0.008042
0.020928	-0.185691	0.799838	0.011073	-0.009825
0.018600	-0.013455	0.899790	0.013577	-0.011647
0.016884	0.188715	0.999737	0.016267	-0.013472
0.015859	0.413231	1.099680	0.019123	-0.015265
0.015534	0.644496	1.199620	0.022124	-0.016994
0.015821	0.864795	1.299558	0.025249	-0.018630
0.016562	1.061278	1.399494	0.028476	-0.020145
0.017584	1.231679	1.499430	0.031785	-0.021516
0.018737	1.379677	1.599366	0.035152	-0.022721
0.019906	1.508351	1.699303	0.038554	-0.023742
0.021011	1.624050	1.799242	0.041969	-0.024564
0.022002	1.731592	1.899182	0.045372	-0.025177
0.022851	1.835135	1.999124	0.048741	-0.025572
0.023558	1.938108	2.099069	0.052049	-0.025747
0.024166	2.042582	2.199017	0.055273	-0.025702
0.024735	2.148601	2.298969	0.058387	-0.025442
0.025327	2.258390	2.398923	0.061366	-0.024974
0.026002	2.369410	2.498881	0.064185	-0.024311
0.026816	2.482448	2.598843	0.066816	-0.023467
0.027815	2.593790	2.698809	0.069236	-0.022459
0.029032	2.703489	2.798778	0.071418	-0.021305
0.030484	2.807654	2.898752	0.073338	-0.020029
0.032172	2.905708	2.998729	0.074969	-0.018653
0.034084	2.997532	3.098710	0.076288	-0.017202
0.036198	3.080505	3.198694	0.077269	-0.015702
0.038484	-3.127745	3.298680	0.077889	-0.014181
0.040908	-3.060701	3.398668	0.078124	-0.012665
0.043433	-3.000184	3.498657	0.077951	-0.011182
0.046020	-2.947709	3.598645	0.077348	-0.009761
0.048632	-2.901747	3.698631	0.076294	-0.008430
0.051234	-2.861774	3.798612	0.074768	-0.007214
0.053788	-2.826305	3.898586	0.072749	-0.006140
0.056262	-2.796913	3.998550	0.070220	-0.005233
0.058627	-2.772132	4.098500	0.067161	-0.004517
0.060872	-2.750194	4.198434	0.063556	-0.004014
0.062995	-2.732389	4.298347	0.059389	-0.003743
0.064997	-2.717141	4.398234	0.054645	-0.003724
0.066879	-2.703979	4.498092	0.049310	-0.003973
0.068647	-2.691510	4.597914	0.043370	-0.004507
0.070304	-2.681403	4.697695	0.036814	-0.005339
0.071858	-2.672375	4.797430	0.029630	-0.006485
0.073314	-2.663180	4.897113	0.021808	-0.007956
0.074681	-2.655603	4.996737	0.013337	-0.009766
0.075965	-2.648450	5.096296	0.004210	-0.011924
0.077175	-2.640547	5.195784	-0.005582	-0.014443
0.078319	-2.633735	5.295193	-0.016046	-0.017332
0.079405	-2.625867	5.394516	-0.027190	-0.020603
0.080442	-2.618808	5.493747	-0.039018	-0.024265
0.081439	-2.610431	5.592877	-0.051536	-0.028328
0.082406	-2.602615	5.691899	-0.064748	-0.032803
0.083351	-2.593250	5.790806	-0.078658	-0.037700
0.084285	-2.584232	5.889589	-0.093270	-0.043030
0.085219	-2.573464	5.988240	-0.108586	-0.048804
0.086160	-2.561885	6.086751	-0.124608	-0.055035
0.087113	-2.550557	6.185114	-0.141337	-0.061734
0.088077	-2.537564	6.283320	-0.158774	-0.068916
0.089053	-2.523989	6.381360	-0.176919	-0.076595
0.090041	-2.509912	6.479224	-0.195773	-0.084785
0.091042	-2.496407	6.576904	-0.215333	-0.093501
0.092056	-2.481548	6.674391	-0.235599	-0.102759
0.093082	-2.467403	6.771674	-0.256568	-0.112574
0.094120	-2.452039	6.868743	-0.278239	-0.122963
0.095170	-2.437517	6.965589	-0.300609	-0.133941
0.096230	-2.421897	7.062200	-0.323673	-0.145527
0.097299	-2.407234	7.158567	-0.347429	-0.157735
0.098375	-2.392582	7.254679	-0.371872	-0.170583
0.099458	-2.376989	7.350524	-0.396998	-0.184088
0.100544	-2.362500	7.446092	-0.422801	-0.198265
0.101632	-2.349160	7.541371	-0.449275	-0.213133
0.102719	-2.335007	7.636349	-0.476417	-0.228706
0.103803	-2.321079	7.731014	-0.504220	-0.245001
0.104879	-2.308409	7.825354	-0.532677	-0.262032
0.105946	-2.295029	7.919358	-0.561783	-0.279816
0.107000	-2.282961	8.013011	-0.591530	-0.298367
0.108040	-2.271196	8.106302	-0.621912	-0.317699
0.109065	-2.259718	8.199217	-0.652923	-0.337827
0.110075	-2.248514	8.291744	-0.684554	-0.358762
0.111068	-2.237568	8.383869	-0.716798	-0.380518
0.112043	-2.227867	8.475578	-0.749648	-0.403108
0.113001	-2.217398	8.566858	-0.783096	-0.426542
0.113940	-2.207148	8.657695	-0.817134	-0.450832
0.114860	-2.198105	8.748076	-0.851753	-0.475989
0.115760	-2.188258	8.837985	-0.886946	-0.502023
0.116640	-2.179596	8.927410	-0.922702	-0.528944
0.117499	-2.170108	9.016335	-0.959014	-0.556761
0.118337	-2.160783	9.104746	-0.995871	-0.585483
0.119152	-2.151612	9.192630	-1.033264	-0.615119
0.119946	-2.142584	9.279971	-1.071181	-0.645677
0.120717	-2.133692	9.366756	-1.109612	-0.677164
0.121465	-2.124926	9.452969	-1.148546	-0.709589
0.122189	-2.116277	9.538597	-1.187971	-0.742958
0.122890	-2.107737	9.623625	-1.227877	-0.777278
0.123567	-2.098298	9.708039	-1.268250	-0.812553
0.124219	-2.088954	9.791824	-1.309077	-0.848790
0.124845	-2.079709	9.874967	-1.350345	-0.885994
0.125444	-2.070569	9.957454	-1.392041	-0.924171
0.126014	-2.061537	10.039270	-1.434149	-0.963325
0.126554	-2.052619	10.120402	-1.476655	-1.003459
0.127063	-2.042819	10.200837	-1.519546	-1.044577
0.127538	-2.033142	10.280561	-1.562803	-1.086682
0.127979	-2.024592	10.359562	-1.606413	-1.129777
0.128383	-2.014171	10.437826	-1.650358	-1.173862
0.128749	-2.004885	10.515341	-1.694622	-1.218941
0.129075	-1.995736	10.592095	-1.739188	-1.265014
0.129360	-1.985728	10.668077	-1.784038	-1.312080
0.129602	-1.976865	10.743274	-1.829155	-1.360141
0.129800	-1.967148	10.817677	-1.874522	-1.409193
0.129951	-1.957582	10.891273	-1.920120	-1.459237
0.130053	-1.948170	10.964054	-1.965931	-1.510269
0.130106	-1.938915	11.036009	-2.011938	-1.562287
0.130107	-1.928820	11.107129	-2.058120	-1.615288
0.130055	-1.919888	11.177406	-2.104460	-1.669267
0.129947	-1.911123	11.246832	-2.150939	-1.724219
0.129784	-1.901519	11.315399	-2.197540	-1.780138
0.129575	-1.892038	11.383100	-2.244242	-1.837019
0.129329	-1.882631	11.449930	-2.291028	-1.894855
0.129059	-1.873255	11.515881	-2.337878	-1.953638
0.128773	-1.863864	11.580949	-2.384774	-2.013362
0.128485	-1.854418	11.645129	-2.431698	-2.074017
0.128204	-1.844874	11.708417	-2.478631	-2.135596
0.127942	-1.834195	11.770807	-2.525554	-2.198092
0.127710	-1.823342	11.832297	-2.572447	-2.261495
0.127520	-1.813280	11.892882	-2.619292	-2.325799
0.127382	-1.800976	11.952560	-2.666068	-2.390996
0.127310	-1.789400	12.011326	-2.712755	-2.457078
0.127314	-1.777525	12.069177	-2.759331	-2.524040
0.127407	-1.764325	12.126111	-2.805777	-2.591873
0.127601	-1.750782	12.182123	-2.852070	-2.660572
0.127907	-1.736880	12.237210	-2.898187	-2.730133
0.128339	-1.721608	12.291368	-2.944104	-2.800550
0.128908	-1.705960	12.344593	-2.989796	-2.871819
0.129629	-1.689938	12.396881	-3.035237	-2.943938
0.130512	-1.672547	12.448228	-3.080400	-3.016902
0.131566	-1.654826	12.498628	-3.125256	-3.090711
0.132773	-1.636924	12.548076	-3.169774	-3.165364
0.134109	-1.618008	12.596567	-3.213923	-3.240859
0.135550	-1.600230	12.644095	-3.257671	-3.317195
0.137070	-1.581728	12.690652	-3.300984	-3.394373
0.138643	-1.563628	12.736232	-3.343828	-3.472391
0.140244	-1.547041	12.780830	-3.386169	-3.551247
0.141844	-1.530067	12.824438	-3.427973	-3.630939
0.143416	-1.515795	12.867049	-3.469207	-3.711463
0.144934	-1.502305	12.908654	-3.509838	-3.792814
0.146368	-1.490672	12.949247	-3.549837	-3.874986
0.147692	-1.480963	12.988819	-3.589175	-3.957972
0.148877	-1.473248	13.027360	-3.627825	-4.041762
0.149895	-1.468592	13.064860	-3.665765	-4.126345
0.150720	-1.466067	13.101308	-3.702976	-4.211708
0.151326	-1.466748	13.136692	-3.739443	-4.297837
0.151684	-1.469720	13.171000	-3.775154	-4.384714
0.151771	-1.476077	13.204219	-3.810104	-4.472322
0.151562	-1.484932	13.236333	-3.844291	-4.560639
0.151034	-1.496416	13.267329	-3.877719	-4.649643
0.150174	-1.511635	13.297194	-3.910398	-4.739310
0.149006	-1.529526	13.325915	-3.942343	-4.829613
0.147565	-1.549986	13.353477	-3.973574	-4.920525
0.145884	-1.570922	13.379871	-4.004115	-5.012016
0.143997	-1.594238	13.405086	-4.033994	-5.104057
0.141938	-1.618839	13.429116	-4.063241	-5.196616
0.139739	-1.643618	13.451955	-4.091890	-5.289662
0.137431	-1.668458	13.473600	-4.119973	-5.383165
0.135046	-1.694228	13.494051	-4.147525	-5.477094
0.132611	-1.720774	13.513311	-4.174580	-5.571418
0.130154	-1.745919	13.531382	-4.201175	-5.666108
0.127700	-1.771458	13.548271	-4.227342	-5.761135
0.125269	-1.797159	13.563985	-4.253116	-5.856470
0.122884	-1.820755	13.578532	-4.278528	-5.952087
0.120559	-1.843946	13.591925	-4.303609	-6.047959
0.118311	-1.865397	13.604173	-4.328389	-6.144063
0.116150	-1.885740	13.615290	-4.352891	-6.240375
0.114087	-1.902574	13.625289	-4.377141	-6.336874
0.112130	-1.917467	13.634183	-4.401159	-6.433539
0.110287	-1.928960	13.641987	-4.424960	-6.530351
0.108560	-1.936659	13.648715	-4.448558	-6.627293
0.106941	-1.940510	13.654382	-4.471960	-6.724351
0.105417	-1.940565	13.659001	-4.495172	-6.821510
0.103980	-1.936894	13.662587	-4.518193	-6.918758
0.102626	-1.929588	13.665154	-4.541020	-7.016084
0.101349	-1.919755	13.666718	-4.563645	-7.113479
0.100149	-1.906518	13.667292	-4.586060	-7.210932
0.099024	-1.889020	13.666891	-4.608251	-7.308438
0.097974	-1.869415	13.665530	-4.630204	-7.405989
0.097000	-1.846878	13.663224	-4.651900	-7.503580
0.096102	-1.821594	13.659990	-4.673318	-7.601206
0.095281	-1.794766	13.655842	-4.694439	-7.698862
0.094535	-1.764605	13.650799	-4.715237	-7.796545
0.093862	-1.733337	13.644876	-4.735688	-7.894252
0.093261	-1.699191	13.638092	-4.755766	-7.991981
0.092726	-1.664405	13.630466	-4.775444	-8.089728
0.092251	-1.629218	13.622018	-4.794694	-8.187494
0.091828	-1.592869	13.612768	-4.813488	-8.285275
0.091449	-1.556593	13.602736	-4.831799	-8.383071
0.091100	-1.521620	13.591946	-4.849601	-8.480881
0.090771	-1.487148	13.580418	-4.866868	-8.578702
0.090452	-1.454259	13.568175	-4.883576	-8.676533
0.090136	-1.422007	13.555238	-4.899704	-8.774372
0.089814	-1.392440	13.541630	-4.915231	-8.872218
0.089478	-1.364599	13.527371	-4.930137	-8.970067
0.089118	-1.339525	13.512483	-4.944409	-9.067917
0.088726	-1.315252	13.496985	-4.958030	-9.165766
0.088294	-1.293812	13.480896	-4.970990	-9.263608
0.087812	-1.273236	13.464235	-4.983277	-9.361442
0.087272	-1.255554	13.447019	-4.994884	-9.459263
0.086665	-1.239793	13.429264	-5.005804	-9.557066
0.085984	-1.225984	13.410988	-5.016033	-9.654848
0.085218	-1.213159	13.392203	-5.025569	-9.752604
0.084361	-1.202352	13.372925	-5.034410	-9.850329
0.083404	-1.193604	13.353167	-5.042559	-9.948018
0.082339	-1.185960	13.332943	-5.050017	-10.045667
0.081158	-1.179475	13.312263	-5.056791	-10.143271
0.079855	-1.175215	13.291141	-5.062886	-10.240825
0.078422	-1.171259	13.269588	-5.068311	-10.338324
0.076853	-1.169704	13.247616	-5.073076	-10.435763
0.075143	-1.168646	13.225234	-5.077194	-10.533140
0.073302	-1.169113	13.202455	-5.080678	-10.630448
0.071342	-1.171129	13.179288	-5.083543	-10.727685
0.069273	-1.173738	13.155745	-5.085808	-10.824848
0.067110	-1.179000	13.131835	-5.087489	-10.921933
0.064864	-1.184996	13.107569	-5.088608	-11.018938
0.062550	-1.192824	13.082956	-5.089185	-11.115860
0.060182	-1.202607	13.058005	-5.089242	-11.212697
0.057774	-1.214487	13.032727	-5.088802	-11.309448
0.055341	-1.228631	13.007128	-5.087889	-11.406112
0.052899	-1.245226	12.981218	-5.086527	-11.502687
0.050463	-1.263485	12.955003	-5.084742	-11.599173
0.048050	-1.285637	12.928492	-5.082558	-11.695571
0.045678	-1.310930	12.901692	-5.080001	-11.791878
0.043363	-1.338615	12.874607	-5.077098	-11.888097
0.041124	-1.370938	12.847246	-5.073873	-11.984227
0.038978	-1.406119	12.819612	-5.070353	-12.080268
0.036945	-1.446318	12.791712	-5.066562	-12.176222
0.035043	-1.489609	12.763549	-5.062526	-12.272090
0.033287	-1.537920	12.735129	-5.058269	-12.367872
0.031693	-1.589049	12.706454	-5.053815	-12.463569
0.030266	-1.644799	12.677528	-5.049186	-12.559182
0.029012	-1.703862	12.648354	-5.044404	-12.654712
0.027931	-1.764756	12.618935	-5.039492	-12.750160
0.027025	-1.828823	12.589272	-5.034469	-12.845527
0.026291	-1.894251	12.559368	-5.029355	-12.940814
0.025723	-1.960109	12.529224	-5.024169	-13.036021
0.025312	-2.025414	12.498841	-5.018929	-13.131150
0.025047	-2.089194	12.468221	-5.013651	-13.226200
0.024914	-2.150559	12.437363	-5.008354	-13.321172
0.024897	-2.208749	12.406268	-5.003051	-13.416067
0.024979	-2.263170	12.374937	-4.997757	-13.510884
0.025143	-2.313399	12.343369	-4.992486	-13.605624
0.025374	-2.360177	12.311565	-4.987250	-13.700287
0.025655	-2.401386	12.279524	-4.982062	-13.794873
0.025972	-2.439019	12.247246	-4.976933	-13.889381
0.026311	-2.472153	12.214729	-4.971872	-13.983811
0.026662	-2.499916	12.181974	-4.966889	-14.078163
0.027013	-2.524471	12.148978	-4.961992	-14.172436
0.027357	-2.545992	12.115743	-4.957189	-14.266629
0.027686	-2.562689	12.082266	-4.952485	-14.360741
0.027996	-2.575897	12.048546	-4.947888	-14.454772
0.028284	-2.586958	12.014583	-4.943401	-14.548721
0.028549	-2.594189	11.980374	-4.939028	-14.642586
0.028790	-2.599879	11.945920	-4.934773	-14.736366
0.029008	-2.603295	11.911218	-4.930637	-14.830061
0.029202	-2.603683	11.876268	-4.926623	-14.923669
0.029375	-2.603273	11.841068	-4.922732	-15.017188
0.029528	-2.600284	11.805618	-4.918965	-15.110617
0.029661	-2.596919	11.769914	-4.915320	-15.203955
0.029777	-2.591377	11.733957	-4.911798	-15.297200
0.029877	-2.584846	11.697746	-4.908398	-15.390352
0.029962	-2.577514	11.661278	-4.905119	-15.483407
0.030035	-2.569562	11.624553	-4.901959	-15.576366
0.030096	-2.561169	11.587569	-4.898915	-15.669225
0.030147	-2.551513	11.550326	-4.895987	-15.761985
0.030189	-2.542773	11.512823	-4.893171	-15.854643
0.030222	-2.532124	11.475058	-4.890466	-15.947199
0.030247	-2.522745	11.437030	-4.887867	-16.039649
0.030265	-2.512812	11.398739	-4.885374	-16.131994
0.030275	-2.503473	11.360184	-4.882982	-16.224232
0.030279	-2.493760	11.321365	-4.880691	-16.316361
0.030276	-2.485672	11.282280	-4.878495	-16.408381
0.030266	-2.477213	11.242931	-4.876395	-16.500289
0.030251	-2.468386	11.203315	-4.874386	-16.592086
0.030230	-2.461196	11.163434	-4.872466	-16.683769
0.030204	-2.453649	11.123286	-4.870634	-16.775337
0.030173	-2.446752	11.082873	-4.868887	-16.866791
0.030138	-2.440512	11.042194	-4.867223	-16.958128
0.030099	-2.434937	11.001250	-4.865640	-17.049347
0.030058	-2.431038	10.960040	-4.864136	-17.140449
0.030013	-2.426824	10.918566	-4.862711	-17.231432
0.029967	-2.423304	10.876827	-4.861362	-17.322294
0.029920	-2.420490	10.834825	-4.860089	-17.413037
0.029872	-2.419391	10.792560	-4.858891	-17.503658
0.029825	-2.418019	10.750032	-4.857767	-17.594157
0.029779	-2.418384	10.707242	-4.856717	-17.684534
0.029735	-2.419495	10.664192	-4.855740	-17.774787
0.029694	-2.422362	10.620881	-4.854838	-17.864917
0.029657	-2.425994	10.577311	-4.854011	-17.954923
0.029625	-2.430383	10.533484	-4.853259	-18.044803
0.029597	-2.435461	10.489399	-4.852584	-18.134559
0.029574	-2.442146	10.445057	-4.851988	-18.224189
0.029553	-2.449356	10.400461	-4.851471	-18.313692
0.029536	-2.457008	10.355611	-4.851037	-18.403069
0.029520	-2.466021	10.310507	-4.850687	-18.492319
0.029506	-2.475313	10.265152	-4.850424	-18.581442
0.029492	-2.484806	10.219546	-4.850250	-18.670436
0.029477	-2.494420	10.173691	-4.850169	-18.759303
0.029460	-2.505077	10.127588	-4.850181	-18.848042
0.029441	-2.514702	10.081239	-4.850292	-18.936652
0.029418	-2.525219	10.034644	-4.850502	-19.025133
0.029389	-2.535554	9.987806	-4.850816	-19.113485
0.029354	-2.544637	9.940726	-4.851235	-19.201708
0.029310	-2.554394	9.893406	-4.851762	-19.289801
0.029257	-2.563755	9.845847	-4.852400	-19.377766
0.029193	-2.572650	9.798051	-4.853150	-19.465601
0.029115	-2.581009	9.750020	-4.854016	-19.553306
0.029023	-2.588760	9.701756	-4.854999	-19.640883
0.028915	-2.595832	9.653261	-4.856100	-19.728330
0.028789	-2.602168	9.604536	-4.857321	-19.815648
0.028646	-2.607780	9.555585	-4.858663	-19.902837
0.028488	-2.611694	9.506408	-4.860128	-19.989897
0.028314	-2.615935	9.457009	-4.861714	-20.076829
0.028127	-2.618523	9.407388	-4.863423	-20.163633
0.027927	-2.621480	9.357549	-4.865255	-20.250309
0.027717	-2.622824	9.307494	-4.867209	-20.336857
0.027496	-2.624570	9.257225	-4.869285	-20.423279
0.027267	-2.624736	9.206744	-4.871482	-20.509574
0.027031	-2.624337	9.156053	-4.873799	-20.595742
0.026788	-2.623388	9.105154	-4.876235	-20.681785
0.026542	-2.621904	9.054050	-4.878789	-20.767703
0.026293	-2.619901	9.002743	-4.881459	-20.853496
0.026042	-2.617393	8.951234	-4.884243	-20.939164
0.025790	-2.613399	8.899526	-4.887141	-21.024709
0.025541	-2.609935	8.847621	-4.890150	-21.110130
0.025294	-2.605022	8.795520	-4.893267	-21.195429
0.025051	-2.600681	8.743225	-4.896492	-21.280604
0.024815	-2.594936	8.690739	-4.899821	-21.365658
0.024585	-2.588812	8.638062	-4.903253	-21.450589
0.024364	-2.582347	8.585196	-4.906785	-21.535399
0.024152	-2.575601	8.532143	-4.910415	-21.620088
0.023949	-2.568648	8.478905	-4.914140	-21.704656
0.023756	-2.561563	8.425481	-4.917958	-21.789103
0.023572	-2.554425	8.371874	-4.921867	-21.873430
0.023397	-2.547315	8.318084	-4.925865	-21.957636
0.023232	-2.539316	8.264113	-4.929949	-22.041722
0.023077	-2.532515	8.209962	-4.934117	-22.125688
0.022932	-2.525999	8.155632	-4.938366	-22.209534
0.022795	-2.519858	8.101123	-4.942696	-22.293260
0.022668	-2.514182	8.046437	-4.947103	-22.376866
0.022551	-2.509064	7.991574	-4.951587	-22.460352
0.022442	-2.504594	7.936536	-4.956146	-22.543719
0.022343	-2.500866	7.881322	-4.960779	-22.626966
0.022252	-2.498972	7.825935	-4.965484	-22.710092
0.022170	-2.497004	7.770374	-4.970260	-22.793099
0.022097	-2.497052	7.714641	-4.975108	-22.875987
0.022033	-2.498207	7.658736	-4.980027	-22.958754
0.021977	-2.500556	7.602660	-4.985016	-23.041402
0.021931	-2.505186	7.546414	-4.990077	-23.123929
0.021893	-2.510150	7.490000	-4.995209	-23.206337
0.021864	-2.517374	7.433417	-5.000414	-23.288625
0.021843	-2.526750	7.376667	-5.005694	-23.370793
0.021830	-2.536169	7.319752	-5.011049	-23.452841
0.021822	-2.547520	7.262671	-5.016482	-23.534769
0.021820	-2.559693	7.205426	-5.021995	-23.616578
0.021824	-2.572578	7.148018	-5.027591	-23.698267
0.021831	-2.586066	7.090449	-5.033271	-23.779836
0.021841	-2.600050	7.032720	-5.039040	-23.861285
0.021853	-2.614424	6.974832	-5.044899	-23.942616
0.021866	-2.630088	6.916786	-5.050851	-24.023827
0.021879	-2.644942	6.858584	-5.056900	-24.104919
0.021890	-2.659891	6.800228	-5.063048	-24.185893
0.021898	-2.675842	6.741718	-5.069299	-24.266748
0.021902	-2.690708	6.683057	-5.075655	-24.347485
0.021899	-2.705404	6.624247	-5.082119	-24.428105
0.021888	-2.719849	6.565288	-5.088695	-24.508607
0.021868	-2.734966	6.506183	-5.095384	-24.588993
0.021835	-2.748679	6.446934	-5.102189	-24.669263
0.021789	-2.761916	6.387543	-5.109113	-24.749417
0.021727	-2.773631	6.328011	-5.116158	-24.829456
0.021649	-2.785876	6.268340	-5.123325	-24.909381
0.021553	-2.797730	6.208533	-5.130616	-24.989193
0.021440	-2.808270	6.148592	-5.138033	-25.068893
0.021308	-2.819575	6.088518	-5.145576	-25.148481
0.021157	-2.829724	6.028315	-5.153248	-25.227959
0.020986	-2.839802	5.967984	-5.161048	-25.307327
0.020796	-2.849892	5.907528	-5.168977	-25.386587
0.020585	-2.859083	5.846949	-5.177036	-25.465741
0.020354	-2.869469	5.786251	-5.185225	-25.544789
0.020102	-2.880149	5.725435	-5.193543	-25.623733
0.019830	-2.890229	5.664504	-5.201992	-25.702575
0.019536	-2.900825	5.603462	-5.210570	-25.781317
0.019222	-2.912062	5.542311	-5.219277	-25.859960
0.018886	-2.924078	5.481055	-5.228114	-25.938507
0.018531	-2.937026	5.419697	-5.237078	-26.016960
0.018154	-2.950078	5.358241	-5.246169	-26.095321
0.017758	-2.965426	5.296690	-5.255387	-26.173593
0.017343	-2.981288	5.235048	-5.264731	-26.251778
0.016910	-2.998913	5.173319	-5.274199	-26.329880
0.016461	-3.018545	5.111507	-5.283791	-26.407901
0.016003	-3.039294	5.049616	-5.293505	-26.485844
0.015543	-3.063212	4.987652	-5.303340	-26.563714
0.015089	-3.088319	4.925618	-5.313295	-26.641513
0.014648	-3.116584	4.863520	-5.323368	-26.719245
0.014229	3.137276	4.801361	-5.333560	-26.796914
0.013837	3.106074	4.739147	-5.343868	-26.874523
0.013481	3.073283	4.676883	-5.354292	-26.952077
0.013165	3.039306	4.614572	-5.364831	-27.029577
0.012896	3.004670	4.552220	-5.375485	-27.107028
0.012677	2.970021	4.489830	-5.386253	-27.184433
0.012513	2.935106	4.427406	-5.397136	-27.261795
0.012406	2.902746	4.364953	-5.408133	-27.339116
0.012359	2.872791	4.302472	-5.419245	-27.416399
0.012371	2.845078	4.239968	-5.430473	-27.493647
0.012444	2.822379	4.177444	-5.441818	-27.570861
0.012578	2.803358	4.114900	-5.453282	-27.648041
0.012773	2.789543	4.052340	-5.464866	-27.725190
0.013032	2.781298	3.989763	-5.476573	-27.802308
0.013356	2.777816	3.927171	-5.488406	-27.879394
0.013745	2.779969	3.864564	-5.500367	-27.956448
0.014196	2.786925	3.801942	-5.512461	-28.033468
0.014701	2.797701	3.739302	-5.524691	-28.110453
0.015256	2.811367	3.676644	-5.537062	-28.187401
0.015853	2.826087	3.613966	-5.549579	-28.264308
0.016488	2.842131	3.551264	-5.562246	-28.341172
0.017152	2.858885	3.488536	-5.575070	-28.417988
0.017841	2.876842	3.425779	-5.588054	-28.494754
0.018545	2.892600	3.362990	-5.601205	-28.571465
0.019258	2.908840	3.300165	-5.614529	-28.648117
0.019970	2.924322	3.237301	-5.628030	-28.724706
0.020674	2.938864	3.174395	-5.641714	-28.801227
0.021360	2.952330	3.111442	-5.655586	-28.877676
0.022020	2.964622	3.048440	-5.669652	-28.954049
0.022643	2.975665	2.985384	-5.683915	-29.030342
0.023221	2.986402	2.922274	-5.698382	-29.106550
0.023744	2.994783	2.859104	-5.713054	-29.182671
0.024202	3.001760	2.795873	-5.727938	-29.258699
0.024587	3.008278	2.732579	-5.743035	-29.334633
0.024887	3.013272	2.669220	-5.758348	-29.410470
0.025097	3.016707	2.605795	-5.773879	-29.486206
0.025217	3.018721	2.542303	-5.789629	-29.561841
0.025253	3.019465	2.478743	-5.805600	-29.637373
0.025208	3.020062	2.415116	-5.821791	-29.712802
0.025087	3.019612	2.351423	-5.838202	-29.788126
0.024894	3.018199	2.287663	-5.854831	-29.863347
0.024634	3.014893	2.223839	-5.871678	-29.938465
0.024311	3.011753	2.159952	-5.888739	-30.013480
0.023931	3.008833	2.096003	-5.906013	-30.088394
0.023496	3.004178	2.031994	-5.923497	-30.163209
0.023013	2.998834	1.967929	-5.941186	-30.237926
0.022485	2.992844	1.903808	-5.959077	-30.312548
0.021917	2.986254	1.839635	-5.977167	-30.387077
0.021314	2.980112	1.775412	-5.995450	-30.461516
0.020680	2.972473	1.711143	-6.013921	-30.535868
0.020018	2.964403	1.646829	-6.032577	-30.610136
0.019334	2.955978	1.582474	-6.051410	-30.684323
0.018632	2.948292	1.518080	-6.070417	-30.758433
0.017915	2.939461	1.453651	-6.089591	-30.832468
0.017188	2.930628	1.389189	-6.108926	-30.906433
0.016454	2.920929	1.324696	-6.128416	-30.980330
0.015714	2.912363	1.260176	-6.148056	-31.054164
0.014971	2.903893	1.195630	-6.167838	-31.127937
0.014226	2.895474	1.131062	-6.187757	-31.201653
0.013481	2.886060	1.066472	-6.207806	-31.275316
0.012738	2.877597	1.001864	-6.227979	-31.348929
0.011998	2.868024	0.937240	-6.248269	-31.422495
0.011262	2.859271	0.872600	-6.268670	-31.496018
0.010534	2.849255	0.807948	-6.289176	-31.569499
0.009814	2.838875	0.743284	-6.309779	-31.642944
0.009104	2.829011	0.678610	-6.330473	-31.716354
0.008407	2.817514	0.613928	-6.351253	-31.789733
0.007723	2.806197	0.549240	-6.372111	-31.863084
0.007056	2.792822	0.484545	-6.393042	-31.936408
0.006407	2.779083	0.419847	-6.414040	-32.009710
0.005777	2.762577	0.355145	-6.435098	-32.082992
0.005170	2.744768	0.290441	-6.456211	-32.156256
0.004586	2.723926	0.225735	-6.477374	-32.229505
0.004029	2.698039	0.161030	-6.498580	-32.302740
0.003501	2.667674	0.096324	-6.519826	-32.375965
0.003004	2.629745	0.031620	-6.541105	-32.449181
0.002540	2.581060	-0.033082	-6.562413	-32.522390
0.002110	2.517538	-0.097781	-6.583747	-32.595594
0.001718	2.428822	-0.162477	-6.605101	-32.668795
0.001370	2.301890	-0.227170	-6.626471	-32.741995
0.001078	2.114116	-0.291858	-6.647855	-32.815194
0.000863	1.838256	-0.356542	-6.669248	-32.888395
0.000752	1.470717	-0.421221	-6.690648	-32.961598
0.000758	1.090099	-0.485894	-6.712051	-33.034805
0.000851	0.788267	-0.550562	-6.733455	-33.108017
0.000986	0.582650	-0.615223	-6.754858	-33.181234
0.001131	0.448172	-0.679878	-6.776258	-33.254458
0.001270	0.357888	-0.744526	-6.797652	-33.327690
0.001395	0.296893	-0.809168	-6.819039	-33.400930
0.001500	0.256835	-0.873803	-6.840417	-33.474178
0.001585	0.230257	-0.938430	-6.861786	-33.547436
0.001648	0.214996	-1.003050	-6.883145	-33.620703
0.001688	0.209314	-1.067662	-6.904493	-33.693980
0.001706	0.212444	-1.132267	-6.925830	-33.767266
0.001700	0.224376	-1.196864	-6.947155	-33.840563
0.001674	0.245636	-1.261453	-6.968470	-33.913871
0.001628	0.275779	-1.326034	-6.989773	-33.987188
0.001567	0.317815	-1.390607	-7.011067	-34.060515
0.001493	0.371360	-1.455172	-7.032351	-34.133852
0.001411	0.440637	-1.519729	-7.053628	-34.207199
0.001325	0.526389	-1.584278	-7.074897	-34.280555
0.001243	0.633538	-1.648818	-7.096161	-34.353920
0.001170	0.762335	-1.713350	-7.117422	-34.427293
0.001116	0.913785	-1.777874	-7.138680	-34.500674
0.001087	1.084689	-1.842389	-7.159937	-34.574062
0.001090	1.263779	-1.906897	-7.181196	-34.647458
0.001128	1.439745	-1.971395	-7.202458	-34.720859
0.001196	1.602566	-2.035886	-7.223725	-34.794267
0.001291	1.743835	-2.100369	-7.245000	-34.867679
0.001404	1.864017	-2.164843	-7.266283	-34.941097
0.001530	1.962719	-2.229309	-7.287577	-35.014518
0.001662	2.044858	-2.293767	-7.308883	-35.087942
0.001795	2.112517	-2.358218	-7.330204	-35.161370
0.001924	2.168435	-2.422661	-7.351541	-35.234799
0.002045	2.214859	-2.487096	-7.372896	-35.308230
0.002156	2.253638	-2.551523	-7.394269	-35.381662
0.002256	2.286442	-2.615943	-7.415663	-35.455095
0.002343	2.315550	-2.680356	-7.437078	-35.528527
0.002417	2.339910	-2.744762	-7.458516	-35.601960
0.002478	2.362229	-2.809161	-7.479977	-35.675391
0.002526	2.382045	-2.873554	-7.501461	-35.748821
0.002560	2.398768	-2.937941	-7.522970	-35.822250
0.002582	2.414720	-3.002321	-7.544504	-35.895676
0.002590	2.429148	-3.066695	-7.566063	-35.969101
0.002585	2.442246	-3.131064	-7.587647	-36.042523
0.002567	2.454163	-3.195427	-7.609256	-36.115942
0.002536	2.465013	-3.259786	-7.630890	-36.189359
0.002493	2.474878	-3.324139	-7.652549	-36.262772
0.002436	2.483811	-3.388488	-7.674232	-36.336182
0.002367	2.491841	-3.452833	-7.695939	-36.409589
0.002286	2.498963	-3.517173	-7.717669	-36.482993
0.002193	2.505143	-3.581510	-7.739421	-36.556393
0.002087	2.510306	-3.645843	-7.761195	-36.629791
0.001970	2.514322	-3.710173	-7.782989	-36.703185
0.001841	2.516984	-3.774500	-7.804802	-36.776576
0.001701	2.517039	-3.838824	-7.826633	-36.849964
0.001550	2.516378	-3.903145	-7.848481	-36.923349
0.001391	2.512861	-3.967464	-7.870344	-36.996732
0.001224	2.508209	-4.031781	-7.892221	-37.070113
0.001050	2.499906	-4.096096	-7.914109	-37.143492
0.000871	2.487961	-4.160409	-7.936008	-37.216870
0.000689	2.471289	-4.224721	-7.957915	-37.290246
0.000504	2.442731	-4.289031	-7.979829	-37.363622
0.000318	2.386131	-4.353340	-8.001748	-37.436997
0.000135	2.192591	-4.417649	-8.023670	-37.510371
0.000072	-0.003996	-4.481957	-8.045593	-37.583746
0.000245	-0.473468	-4.546265	-8.067516	-37.657121
0.000424	-0.559518	-4.610572	-8.089436	-37.730497
0.000600	-0.601775	-4.674881	-8.111352	-37.803874
0.000770	-0.633032	-4.739190	-8.133262	-37.877251
0.000934	-0.659174	-4.803500	-8.155165	-37.950630
0.001091	-0.684245	-4.867812	-8.177058	-38.024010
0.001240	-0.709769	-4.932126	-8.198941	-38.097392
0.001379	-0.736688	-4.996443	-8.220812	-38.170774
0.001509	-0.765697	-5.060763	-8.242670	-38.244158
0.001629	-0.796175	-5.125087	-8.264513	-38.317543
0.001740	-0.829688	-5.189416	-8.286340	-38.390928
0.001841	-0.863785	-5.253750	-8.308151	-38.464314
0.001934	-0.900162	-5.318089	-8.329944	-38.537699
0.002017	-0.936616	-5.382436	-8.351720	-38.611084
0.002091	-0.974017	-5.446790	-8.373476	-38.684468
0.002157	-1.012296	-5.511153	-8.395214	-38.757850
0.002213	-1.051435	-5.575525	-8.416932	-38.831230
0.002260	-1.091467	-5.639906	-8.438631	-38.904607
0.002298	-1.132474	-5.704299	-8.460310	-38.977980
0.002326	-1.174592	-5.768702	-8.481969	-39.051350
0.002344	-1.218016	-5.833118	-8.503610	-39.124714
0.002352	-1.263012	-5.897547	-8.525231	-39.198072
0.002349	-1.309931	-5.961989	-8.546834	-39.271424
0.002335	-1.359224	-6.026445	-8.568420	-39.344769
0.002310	-1.412473	-6.090916	-8.589989	-39.418106
0.002274	-1.468421	-6.155401	-8.611542	-39.491435
0.002228	-1.530018	-6.219901	-8.633081	-39.564755
0.002171	-1.596477	-6.284416	-8.654606	-39.638066
0.002104	-1.671340	-6.348947	-8.676120	-39.711367
0.002031	-1.755411	-6.413492	-8.697624	-39.784657
0.001956	-1.850149	-6.478053	-8.719119	-39.857936
0.001884	-1.956530	-6.542629	-8.740608	-39.931204
0.001823	-2.075757	-6.607219	-8.762093	-40.004461
0.001778	-2.204801	-6.671823	-8.783576	-40.077706
0.001754	-2.343057	-6.736440	-8.805060	-40.150939
0.001756	-2.484414	-6.801070	-8.826546	-40.224160
0.001785	-2.625893	-6.865712	-8.848037	-40.297369
0.001840	-2.761688	-6.930364	-8.869536	-40.370567
0.001918	-2.887123	-6.995027	-8.891044	-40.443752
0.002014	-3.002105	-7.059699	-8.912565	-40.516926
0.002122	-3.105025	-7.124379	-8.934100	-40.590089
0.002236	3.087836	-7.189066	-8.955652	-40.663240
0.002352	3.007021	-7.253760	-8.977222	-40.736380
0.002464	2.936355	-7.318459	-8.998812	-40.809510
0.002568	2.872430	-7.383161	-9.020425	-40.882629
0.002658	2.815898	-7.447867	-9.042061	-40.955739
0.002732	2.763510	-7.512575	-9.063722	-41.028840
0.002786	2.716118	-7.577284	-9.085409	-41.101932
0.002816	2.671641	-7.641992	-9.107122	-41.175016
0.002821	2.628965	-7.706700	-9.128863	-41.248094
0.002801	2.587824	-7.771406	-9.150631	-41.321164
0.002761	2.545085	-7.836109	-9.172427	-41.394229
0.002703	2.501758	-7.900808	-9.194249	-41.467289
0.002632	2.454948	-7.965503	-9.216098	-41.540346
0.002551	2.405855	-8.030193	-9.237972	-41.613399
0.002464	2.352787	-8.094876	-9.259872	-41.686450
0.002376	2.295226	-8.159553	-9.281794	-41.759500
0.002291	2.232912	-8.224222	-9.303740	-41.832550
0.002212	2.165979	-8.288884	-9.325706	-41.905601
0.002144	2.095081	-8.353536	-9.347693	-41.978653
0.002090	2.021512	-8.418179	-9.369699	-42.051708
0.002053	1.947221	-8.482811	-9.391723	-42.124767
0.002034	1.874709	-8.547433	-9.413763	-42.197831
0.002034	1.806778	-8.612043	-9.435820	-42.270900
0.002053	1.746202	-8.676640	-9.457891	-42.343976
0.002089	1.695410	-8.741225	-9.479976	-42.417058
0.002142	1.655275	-8.805796	-9.502075	-42.490149
0.002209	1.629034	-8.870353	-9.524187	-42.563248
0.002292	1.615305	-8.934894	-9.546313	-42.636356
0.002388	1.615786	-8.999421	-9.568453	-42.709474
0.002497	1.626338	-9.063930	-9.590606	-42.782602
0.002617	1.645503	-9.128423	-9.612775	-42.855741
0.002747	1.671049	-9.192898	-9.634960	-42.928890
0.002887	1.701036	-9.257355	-9.657163	-43.002050
0.003034	1.732836	-9.321793	-9.679384	-43.075220
0.003189	1.767128	-9.386212	-9.701627	-43.148402
0.003350	1.800874	-9.450611	-9.723891	-43.221594
0.003514	1.835288	-9.514989	-9.746180	-43.294797
0.003680	1.867798	-9.579347	-9.768496	-43.368010
0.003845	1.899007	-9.643683	-9.790840	-43.441233
0.004006	1.928657	-9.707998	-9.813214	-43.514465
0.004162	1.956595	-9.772291	-9.835620	-43.587708
0.004309	1.982743	-9.836562	-9.858060	-43.660959
0.004444	2.007078	-9.900810	-9.880537	-43.734218
0.004563	2.029611	-9.965036	-9.903050	-43.807486
0.004665	2.050373	-10.029240	-9.925603	-43.880762
0.004745	2.069403	-10.093421	-9.948196	-43.954044
0.004801	2.087738	-10.157580	-9.970831	-44.027333
0.004829	2.103403	-10.221717	-9.993507	-44.100629
0.004827	2.117467	-10.285833	-10.016227	-44.173930
0.004796	2.130201	-10.349927	-10.038990	-44.247236
0.004739	2.141876	-10.414001	-10.061795	-44.320546
0.004657	2.152714	-10.478054	-10.084644	-44.393861
0.004552	2.163905	-10.542089	-10.107534	-44.467180
0.004428	2.173612	-10.606104	-10.130466	-44.540503
0.004286	2.182985	-10.670102	-10.153438	-44.613828
0.004129	2.193162	-10.734082	-10.176450	-44.687156
0.003959	2.203281	-10.798047	-10.199499	-44.760486
0.003779	2.212480	-10.861996	-10.222585	-44.833818
0.003590	2.222904	-10.925931	-10.245706	-44.907151
0.003395	2.233709	-10.989852	-10.268861	-44.980485
0.003197	2.245067	-11.053761	-10.292046	-45.053821
0.002998	2.258171	-11.117659	-10.315262	-45.127157
0.002800	2.271235	-11.181546	-10.338506	-45.200493
0.002606	2.286497	-11.245423	-10.361776	-45.273829
0.002418	2.302213	-11.309292	-10.385070	-45.347165
0.002238	2.320648	-11.373153	-10.408388	-45.420500
0.002070	2.341046	-11.437007	-10.431726	-45.493835
0.001916	2.364591	-11.500856	-10.455085	-45.567168
0.001777	2.389311	-11.564699	-10.478462	-45.640500
0.001653	2.416972	-11.628537	-10.501856	-45.713831
0.001543	2.446177	-11.692372	-10.525266	-45.787160
0.001445	2.476389	-11.756203	-10.548691	-45.860487
0.001359	2.506943	-11.820031	-10.572130	-45.933812
0.001283	2.538071	-11.883857	-10.595582	-46.007135
0.001216	2.566930	-11.947681	-10.619047	-46.080456
0.001155	2.594639	-12.011504	-10.642523	-46.153774
0.001101	2.619313	-12.075325	-10.666011	-46.227090
0.001051	2.640076	-12.139145	-10.689509	-46.300403
0.001003	2.656062	-12.202965	-10.713018	-46.373713
0.000957	2.666379	-12.266784	-10.736536	-46.447021
0.000911	2.670051	-12.330603	-10.760063	-46.520326
0.000864	2.665907	-12.394421	-10.783599	-46.593629
0.000815	2.652422	-12.458238	-10.807144	-46.666930
0.000764	2.627467	-12.522056	-10.830696	-46.740228
0.000709	2.587921	-12.585872	-10.854256	-46.813525
0.000651	2.529073	-12.649688	-10.877823	-46.886820
0.000591	2.443745	-12.713503	-10.901395	-46.960114
0.000533	2.320272	-12.777316	-10.924974	-47.033407
0.000480	2.147319	-12.841128	-10.948558	-47.106700
0.000444	1.915058	-12.904938	-10.972146	-47.179994
0.000434	1.635110	-12.968745	-10.995737	-47.253288
0.000460	1.344830	-13.032550	-11.019332	-47.326585
0.000521	1.086553	-13.096350	-11.042928	-47.399883
0.000611	0.878520	-13.160147	-11.066524	-47.473185
0.000721	0.716538	-13.223940	-11.090120	-47.546491
0.000848	0.589138	-13.287727	-11.113714	-47.619802
0.000985	0.485809	-13.351509	-11.137306	-47.693119
0.001132	0.398820	-13.415285	-11.160893	-47.766442
0.001286	0.323843	-13.479054	-11.184474	-47.839773
0.001447	0.255255	-13.542817	-11.208048	-47.913112
0.001614	0.191585	-13.606573	-11.231612	-47.986460
0.001787	0.132132	-13.670322	-11.255166	-48.059817
0.001967	0.073722	-13.734064	-11.278707	-48.133184
0.002154	0.017553	-13.797799	-11.302233	-48.206563
0.002350	-0.036907	-13.861527	-11.325742	-48.279953
0.002555	-0.091987	-13.925249	-11.349232	-48.353354
0.002772	-0.145861	-13.988964	-11.372701	-48.426768
0.003002	-0.199578	-14.052674	-11.396145	-48.500195
0.003248	-0.251916	-14.116379	-11.419563	-48.573634
0.003510	-0.302990	-14.180080	-11.442951	-48.647086
0.003789	-0.351981	-14.243778	-11.466307	-48.720551
0.004088	-0.397314	-14.307474	-11.489627	-48.794029
0.004404	-0.439620	-14.371170	-11.512908	-48.867520
0.004739	-0.478701	-14.434867	-11.536146	-48.941023
0.005090	-0.514492	-14.498566	-11.559340	-49.014538
0.005458	-0.546027	-14.562269	-11.582484	-49.088065
0.005840	-0.574406	-14.625978	-11.605575	-49.161605
0.006235	-0.599774	-14.689694	-11.628609	-49.235155
0.006642	-0.622301	-14.753418	-11.651582	-49.308718
0.007059	-0.641171	-14.817154	-11.674491	-49.382291
0.007485	-0.658566	-14.880901	-11.697331	-49.455875
0.007917	-0.672666	-14.944663	-11.720098	-49.529469
0.008353	-0.685640	-15.008440	-11.742789	-49.603074
0.008793	-0.695648	-15.072234	-11.765398	-49.676689
0.009233	-0.704835	-15.136046	-11.787922	-49.750314
0.009673	-0.711334	-15.199879	-11.810356	-49.823949
0.010111	-0.717264	-15.263733	-11.832697	-49.897594
0.010544	-0.721732	-15.327610	-11.854939	-49.971249
0.010971	-0.724851	-15.391510	-11.877080	-50.044914
0.011392	-0.726790	-15.455437	-11.899114	-50.118589
0.011807	-0.727707	-15.519389	-11.921037	-50.192274
0.012217	-0.728734	-15.583368	-11.942846	-50.265969
0.012621	-0.727984	-15.647376	-11.964537	-50.339675
0.013020	-0.727550	-15.711412	-11.986106	-50.413392
0.013414	-0.725514	-15.775479	-12.007548	-50.487119
0.013803	-0.723947	-15.839575	-12.028860	-50.560858
0.014188	-0.720907	-15.903702	-12.050038	-50.634610
0.014569	-0.717448	-15.967861	-12.071078	-50.708373
0.014946	-0.714615	-16.032051	-12.091976	-50.782149
0.015320	-0.710449	-16.096273	-12.112729	-50.855938
0.015691	-0.705984	-16.160527	-12.133333	-50.929741
0.016060	-0.701253	-16.224813	-12.153784	-51.003559
0.016426	-0.695283	-16.289132	-12.174078	-51.077392
0.016791	-0.689099	-16.353483	-12.194212	-51.151240
0.017154	-0.682723	-16.417866	-12.214182	-51.225106
0.017516	-0.675175	-16.482280	-12.233985	-51.298989
0.017877	-0.667473	-16.546725	-12.253616	-51.372890
0.018238	-0.658634	-16.611201	-12.273072	-51.446812
0.000000	0.000000	-16.611201	-12.273072	-51.446812
