0.050938	-0.833743	0.000000	0.000000	0.000000
0.046582	-0.793010	0.099999	0.000342	-0.000377
0.042314	-0.745191	0.199994	0.001012	-0.001086
0.038167	-0.688622	0.299984	0.001992	-0.002082
0.034178	-0.621109	0.399968	0.003267	-0.003321
0.030395	-0.539788	0.499946	0.004819	-0.004758
0.026873	-0.441994	0.599917	0.006633	-0.006351
0.023685	-0.321312	0.699881	0.008689	-0.008060
0.020919	-0.175120	0.799839	0.010970	-0.009843
0.018678	0.000802	0.899792	0.013457	-0.011662
0.017068	0.205203	0.999739	0.016130	-0.013482
0.016158	0.429149	1.099683	0.018971	-0.015266
0.015940	0.656599	1.199624	0.021958	-0.016983
0.016314	0.870877	1.299562	0.025072	-0.018603
0.017116	1.060803	1.399499	0.028291	-0.020098
0.018175	1.225269	1.499436	0.031593	-0.021444
0.019346	1.368352	1.599372	0.034957	-0.022618
0.020518	1.493080	1.699309	0.038360	-0.023603
0.021616	1.605592	1.799248	0.041778	-0.024384
0.022590	1.710494	1.899188	0.045189	-0.024948
0.023414	1.811780	1.999130	0.048569	-0.025289
0.024086	1.912774	2.099075	0.051892	-0.025403
0.024652	2.015527	2.199022	0.055135	-0.025289
0.025171	2.120113	2.298973	0.058272	-0.024953
0.025706	2.228820	2.398926	0.061277	-0.024403
0.026320	2.339174	2.498883	0.064125	-0.023649
0.027070	2.452011	2.598843	0.066789	-0.022706
0.028006	2.563626	2.698806	0.069245	-0.021591
0.029162	2.674024	2.798774	0.071467	-0.020323
0.030557	2.779225	2.898745	0.073428	-0.018924
0.032196	2.878531	2.998719	0.075103	-0.017416
0.034066	2.971705	3.098697	0.076467	-0.015826
0.036147	3.056020	3.198678	0.077496	-0.014177
0.038407	3.132213	3.298662	0.078164	-0.012498
0.040811	-3.082803	3.398647	0.078449	-0.010816
0.043323	-3.021317	3.498634	0.078326	-0.009158
0.045902	-2.968038	3.598619	0.077772	-0.007553
0.048511	-2.921434	3.698603	0.076767	-0.006027
0.051112	-2.880972	3.798582	0.075289	-0.004607
0.053669	-2.845158	3.898554	0.073317	-0.003320
0.056148	-2.815553	3.998517	0.070832	-0.002190
0.058518	-2.790680	4.098467	0.067815	-0.001241
0.060771	-2.768749	4.198400	0.064249	-0.000494
0.062902	-2.751032	4.298314	0.060119	0.000032
0.064912	-2.735939	4.398202	0.055407	0.000317
0.066804	-2.722985	4.498061	0.050100	0.000345
0.068580	-2.710766	4.597886	0.044184	0.000100
0.070247	-2.700944	4.697670	0.037646	-0.000431
0.071811	-2.692227	4.797409	0.030475	-0.001263
0.073277	-2.683363	4.897097	0.022660	-0.002408
0.074654	-2.676131	4.996727	0.014190	-0.003878
0.075949	-2.669331	5.096293	0.005057	-0.005684
0.077170	-2.661785	5.195787	-0.004748	-0.007835
0.078325	-2.655328	5.295205	-0.015234	-0.010343
0.079423	-2.647810	5.394537	-0.026406	-0.013218
0.080472	-2.641090	5.493777	-0.038272	-0.016469
0.081481	-2.633036	5.592918	-0.050836	-0.020107
0.082459	-2.625526	5.691952	-0.064105	-0.024141
0.083417	-2.616443	5.790871	-0.078081	-0.028581
0.084363	-2.607679	5.889667	-0.092770	-0.033438
0.085309	-2.597134	5.988332	-0.108173	-0.038724
0.086264	-2.585745	6.086858	-0.124294	-0.044450
0.087229	-2.574573	6.185236	-0.141134	-0.050628
0.088206	-2.561705	6.283457	-0.158695	-0.057273
0.089196	-2.548224	6.381513	-0.176976	-0.064398
0.090199	-2.534213	6.479395	-0.195979	-0.072018
0.091216	-2.520747	6.577093	-0.215703	-0.080148
0.092247	-2.505902	6.674598	-0.236146	-0.088804
0.093291	-2.491749	6.771899	-0.257309	-0.098001
0.094350	-2.476354	6.868988	-0.279188	-0.107756
0.095422	-2.461783	6.965853	-0.301781	-0.118086
0.096506	-2.446095	7.062484	-0.325086	-0.129007
0.097602	-2.431349	7.158871	-0.349099	-0.140536
0.098708	-2.416598	7.255003	-0.373816	-0.152690
0.099823	-2.400895	7.350868	-0.399235	-0.165487
0.100944	-2.386285	7.446456	-0.425349	-0.178944
0.102070	-2.372814	7.541754	-0.452154	-0.193077
0.103199	-2.358523	7.636751	-0.479645	-0.207903
0.104328	-2.344450	7.731434	-0.507817	-0.223439
0.105453	-2.331631	7.825792	-0.536664	-0.239700
0.106573	-2.318099	7.919812	-0.566181	-0.256702
0.107683	-2.305876	8.013481	-0.596360	-0.274462
0.108783	-2.293957	8.106785	-0.627196	-0.292993
0.109871	-2.282328	8.199712	-0.658682	-0.312311
0.110946	-2.270976	8.292249	-0.690812	-0.332429
0.112006	-2.259888	8.384380	-0.723578	-0.353361
0.113051	-2.250053	8.476094	-0.756973	-0.375119
0.114078	-2.239457	8.567374	-0.790990	-0.397717
0.115087	-2.229091	8.658208	-0.825621	-0.421166
0.116077	-2.219942	8.748581	-0.860858	-0.445478
0.117046	-2.209998	8.838479	-0.896693	-0.470664
0.117994	-2.201251	8.927886	-0.933117	-0.496734
0.118919	-2.191688	9.016788	-0.970121	-0.523699
0.119820	-2.182300	9.105170	-1.007697	-0.551569
0.120697	-2.173076	9.193017	-1.045833	-0.580352
0.121548	-2.164008	9.280315	-1.084520	-0.610058
0.122372	-2.155085	9.367048	-1.123747	-0.640695
0.123168	-2.146299	9.453201	-1.163503	-0.672271
0.123936	-2.137639	9.538760	-1.203776	-0.704794
0.124675	-2.129099	9.623710	-1.244555	-0.738270
0.125382	-2.119668	9.708035	-1.285828	-0.772706
0.126059	-2.110340	9.791722	-1.327581	-0.808108
0.126703	-2.101118	9.874754	-1.369800	-0.844481
0.127314	-2.092006	9.957120	-1.412473	-0.881831
0.127890	-2.083010	10.038803	-1.455583	-0.920164
0.128430	-2.074132	10.119790	-1.499117	-0.959482
0.128934	-2.064377	10.200067	-1.543059	-0.999789
0.129398	-2.054750	10.279621	-1.587394	-1.041088
0.129823	-2.046253	10.358438	-1.632104	-1.083383
0.130208	-2.035891	10.436505	-1.677174	-1.126675
0.130549	-2.026667	10.513810	-1.722587	-1.170966
0.130848	-2.017585	10.590341	-1.768324	-1.216256
0.131101	-2.007648	10.666085	-1.814369	-1.262545
0.131307	-1.998861	10.741031	-1.860703	-1.309834
0.131466	-1.989227	10.815168	-1.907308	-1.358120
0.131576	-1.979750	10.888486	-1.954167	-1.407403
0.131634	-1.970433	10.960974	-2.001261	-1.457679
0.131640	-1.961280	11.032622	-2.048569	-1.508947
0.131593	-1.951297	11.103422	-2.096076	-1.561201
0.131490	-1.942486	11.173366	-2.143759	-1.614439
0.131330	-1.933852	11.242444	-2.191601	-1.668654
0.131114	-1.924391	11.310650	-2.239584	-1.723840
0.130851	-1.915062	11.377977	-2.287689	-1.779992
0.130550	-1.905816	11.444419	-2.335895	-1.837102
0.130224	-1.896608	11.509971	-2.384185	-1.895164
0.129883	-1.887392	11.574627	-2.432539	-1.954168
0.129538	-1.878123	11.638383	-2.480938	-2.014107
0.129201	-1.868760	11.701233	-2.529364	-2.074973
0.128883	-1.858261	11.763176	-2.577799	-2.136758
0.128596	-1.847586	11.824205	-2.626221	-2.199452
0.128351	-1.837697	11.884320	-2.674611	-2.263050
0.128161	-1.825561	11.943515	-2.722950	-2.327542
0.128036	-1.814142	12.001789	-2.771217	-2.392921
0.127990	-1.802413	12.059138	-2.819391	-2.459181
0.128034	-1.789346	12.115559	-2.867451	-2.526315
0.128181	-1.775919	12.171048	-2.915375	-2.594316
0.128444	-1.762114	12.225604	-2.963139	-2.663181
0.128834	-1.746918	12.279221	-3.010720	-2.732904
0.129365	-1.731324	12.331896	-3.058092	-2.803481
0.130051	-1.715331	12.383627	-3.105230	-2.874909
0.130903	-1.697943	12.434407	-3.152106	-2.947187
0.131929	-1.680199	12.484233	-3.198691	-3.020311
0.133112	-1.662249	12.533099	-3.244955	-3.094282
0.134429	-1.643263	12.581001	-3.290866	-3.169100
0.135853	-1.625395	12.627932	-3.336391	-3.244763
0.137360	-1.606786	12.673885	-3.381497	-3.321273
0.138923	-1.588565	12.718856	-3.426150	-3.398627
0.140516	-1.571843	12.762837	-3.470315	-3.476826
0.142111	-1.554724	12.805822	-3.513959	-3.555868
0.143680	-1.540298	12.847803	-3.557047	-3.635749
0.145196	-1.526646	12.888775	-3.599547	-3.716465
0.146631	-1.514844	12.928727	-3.641428	-3.798011
0.147956	-1.504961	12.967653	-3.682662	-3.880379
0.149142	-1.497065	13.005544	-3.723222	-3.963561
0.150163	-1.492225	13.042389	-3.763084	-4.047546
0.150991	-1.489509	13.078177	-3.802229	-4.132321
0.151598	-1.489995	13.112898	-3.840641	-4.217873
0.151957	-1.492765	13.146539	-3.878308	-4.304183
0.152043	-1.498915	13.179086	-3.915223	-4.391235
0.151831	-1.507556	13.210525	-3.951386	-4.479006
0.151298	-1.518817	13.240844	-3.986798	-4.567475
0.150430	-1.533807	13.270029	-4.021469	-4.656616
0.149252	-1.551460	13.298067	-4.055412	-4.746403
0.147797	-1.571675	13.324945	-4.088646	-4.836808
0.146101	-1.592359	13.350652	-4.121197	-4.927801
0.144196	-1.615419	13.375180	-4.153089	-5.019350
0.142118	-1.639759	13.398521	-4.184353	-5.111425
0.139898	-1.664275	13.420670	-4.215021	-5.203993
0.137569	-1.688852	13.441625	-4.245125	-5.297024
0.135162	-1.714358	13.461386	-4.274698	-5.390484
0.132705	-1.740642	13.479955	-4.303775	-5.484345
0.130226	-1.765529	13.497336	-4.332390	-5.578574
0.127750	-1.790817	13.513535	-4.360575	-5.673142
0.125300	-1.816272	13.528560	-4.388365	-5.768021
0.122896	-1.839631	13.542420	-4.415790	-5.863182
0.120556	-1.862594	13.555125	-4.442881	-5.958601
0.118296	-1.883827	13.566688	-4.469665	-6.054251
0.116127	-1.903961	13.577121	-4.496168	-6.150109
0.114061	-1.920597	13.586437	-4.522412	-6.246153
0.112107	-1.935302	13.594651	-4.548418	-6.342362
0.110272	-1.946617	13.601775	-4.574201	-6.438718
0.108562	-1.954149	13.607824	-4.599773	-6.535204
0.106965	-1.957844	13.612813	-4.625144	-6.631803
0.105469	-1.957754	13.616756	-4.650315	-6.728503
0.104066	-1.953952	13.619667	-4.675289	-6.825291
0.102747	-1.946531	13.621560	-4.700059	-6.922156
0.101510	-1.936602	13.622449	-4.724620	-7.019089
0.100351	-1.923291	13.622349	-4.748961	-7.116081
0.099267	-1.905742	13.621274	-4.773071	-7.213125
0.098259	-1.886115	13.619239	-4.796932	-7.310215
0.097325	-1.863582	13.616259	-4.820527	-7.407346
0.096465	-1.838332	13.612350	-4.843836	-7.504513
0.095678	-1.811564	13.607527	-4.866837	-7.601712
0.094961	-1.781489	13.601807	-4.889506	-7.698941
0.094313	-1.750326	13.595207	-4.911819	-7.796196
0.093728	-1.716300	13.587746	-4.933750	-7.893476
0.093202	-1.681639	13.579442	-4.955270	-7.990779
0.092728	-1.646575	13.570315	-4.976352	-8.088105
0.092295	-1.610334	13.560387	-4.996970	-8.185451
0.091895	-1.574142	13.549677	-5.017096	-8.282818
0.091514	-1.539214	13.538210	-5.036703	-8.380204
0.091141	-1.504738	13.526006	-5.055766	-8.477608
0.090767	-1.471791	13.513090	-5.074262	-8.575030
0.090387	-1.439423	13.499482	-5.092170	-8.672468
0.089992	-1.409682	13.485207	-5.109469	-8.769921
0.089575	-1.381610	13.470286	-5.126140	-8.867386
0.089130	-1.356249	13.454741	-5.142170	-8.964861
0.088648	-1.331636	13.438592	-5.157544	-9.062344
0.088123	-1.309808	13.421860	-5.172250	-9.159831
0.087546	-1.288801	13.404564	-5.186280	-9.257319
0.086910	-1.270650	13.386722	-5.199625	-9.354806
0.086206	-1.254390	13.368352	-5.212279	-9.452286
0.085429	-1.240058	13.349470	-5.224240	-9.549756
0.084570	-1.226695	13.330093	-5.235505	-9.647212
0.083622	-1.215344	13.310235	-5.246075	-9.744649
0.082577	-1.206054	13.289911	-5.255950	-9.842062
0.081429	-1.197883	13.269135	-5.265136	-9.939448
0.080171	-1.190894	13.247919	-5.273636	-10.036801
0.078796	-1.186167	13.226277	-5.281459	-10.134117
0.077298	-1.181793	13.204219	-5.288614	-10.231391
0.075672	-1.179884	13.181758	-5.295111	-10.328620
0.073913	-1.178549	13.158905	-5.300962	-10.425797
0.072032	-1.178823	13.135671	-5.306183	-10.522921
0.070038	-1.180735	13.112067	-5.310788	-10.619986
0.067943	-1.183330	13.088103	-5.314795	-10.716989
0.065760	-1.188677	13.063790	-5.318223	-10.813928
0.063501	-1.194863	13.039137	-5.321093	-10.910799
0.061180	-1.202995	13.014153	-5.323425	-11.007600
0.058810	-1.213204	12.988848	-5.325241	-11.104328
0.056406	-1.225645	12.963230	-5.326566	-11.200982
0.053983	-1.240497	12.937306	-5.327422	-11.297559
0.051555	-1.257963	12.911085	-5.327834	-11.394060
0.049139	-1.277270	12.884574	-5.327828	-11.490481
0.046752	-1.300665	12.857779	-5.327428	-11.586824
0.044410	-1.327411	12.830706	-5.326661	-11.683086
0.042132	-1.356774	12.803361	-5.325552	-11.779269
0.039935	-1.391013	12.775749	-5.324127	-11.875371
0.037837	-1.428349	12.747875	-5.322412	-11.971392
0.035858	-1.470939	12.719744	-5.320431	-12.067333
0.034016	-1.516830	12.691358	-5.318211	-12.163194
0.032326	-1.567911	12.662723	-5.315774	-12.258975
0.030803	-1.621914	12.633839	-5.313145	-12.354677
0.029454	-1.680570	12.604711	-5.310347	-12.450300
0.028281	-1.742480	12.575341	-5.307401	-12.545844
0.027287	-1.806057	12.545729	-5.304329	-12.641310
0.026471	-1.872532	12.515879	-5.301151	-12.736698
0.025829	-1.939987	12.485790	-5.297887	-12.832008
0.025354	-2.007410	12.455465	-5.294556	-12.927241
0.025035	-2.073766	12.424904	-5.291175	-13.022397
0.024859	-2.138073	12.394106	-5.287761	-13.117475
0.024811	-2.199465	12.363073	-5.284331	-13.212476
0.024874	-2.257244	12.331804	-5.280900	-13.307399
0.025030	-2.310892	12.300299	-5.277482	-13.402245
0.025262	-2.360073	12.268558	-5.274090	-13.497013
0.025554	-2.405615	12.236579	-5.270738	-13.591703
0.025889	-2.445477	12.204363	-5.267437	-13.686314
0.026255	-2.481718	12.171909	-5.264198	-13.780846
0.026638	-2.513466	12.139215	-5.261031	-13.875297
0.027026	-2.539891	12.106281	-5.257946	-13.969668
0.027411	-2.563184	12.073105	-5.254949	-14.063957
0.027784	-2.583540	12.039686	-5.252049	-14.158163
0.028139	-2.599181	12.006023	-5.249252	-14.252285
0.028472	-2.611442	11.972115	-5.246563	-14.346322
0.028780	-2.621661	11.937960	-5.243987	-14.440273
0.029062	-2.628147	11.903557	-5.241529	-14.534137
0.029319	-2.633180	11.868905	-5.239190	-14.627912
0.029550	-2.636019	11.834001	-5.236973	-14.721597
0.029757	-2.635901	11.798846	-5.234880	-14.815190
0.029941	-2.635049	11.763437	-5.232912	-14.908691
0.030102	-2.631668	11.727773	-5.231070	-15.002097
0.030243	-2.627956	11.691853	-5.229352	-15.095407
0.030365	-2.622101	11.655674	-5.227760	-15.188620
0.030471	-2.615283	11.619237	-5.226291	-15.281733
0.030561	-2.607679	11.582540	-5.224944	-15.374747
0.030637	-2.599463	11.545580	-5.223717	-15.467658
0.030701	-2.590804	11.508358	-5.222609	-15.560466
0.030754	-2.580873	11.470872	-5.221618	-15.653168
0.030797	-2.571838	11.433120	-5.220739	-15.745765
0.030831	-2.560867	11.395102	-5.219972	-15.838253
0.030856	-2.551130	11.356818	-5.219313	-15.930632
0.030873	-2.540794	11.318265	-5.218760	-16.022900
0.030883	-2.531002	11.279443	-5.218309	-16.115055
0.030886	-2.520780	11.240352	-5.217957	-16.207098
0.030881	-2.512130	11.200991	-5.217703	-16.299025
0.030870	-2.503053	11.161360	-5.217542	-16.390836
0.030852	-2.493551	11.121458	-5.217473	-16.482531
0.030829	-2.485628	11.081286	-5.217492	-16.574107
0.030799	-2.477290	11.040842	-5.217598	-16.665563
0.030765	-2.469540	11.000128	-5.217787	-16.756900
0.030726	-2.462387	10.959143	-5.218057	-16.848114
0.030682	-2.455838	10.917887	-5.218406	-16.939207
0.030635	-2.450901	10.876361	-5.218832	-17.030176
0.030584	-2.445585	10.834565	-5.219334	-17.121022
0.030531	-2.440899	10.792500	-5.219909	-17.211742
0.030475	-2.436854	10.750166	-5.220556	-17.302337
0.030419	-2.434460	10.707564	-5.221274	-17.392805
0.030361	-2.431727	10.664695	-5.222062	-17.483147
0.030304	-2.430666	10.621559	-5.222919	-17.573361
0.030247	-2.430287	10.578157	-5.223844	-17.663446
0.030192	-2.431602	10.534490	-5.224838	-17.753403
0.030139	-2.433619	10.490559	-5.225900	-17.843230
0.030089	-2.436336	10.446365	-5.227031	-17.932928
0.030043	-2.439695	10.401909	-5.228232	-18.022495
0.029998	-2.444626	10.357192	-5.229503	-18.111930
0.029955	-2.450059	10.312215	-5.230846	-18.201235
0.029913	-2.455924	10.266979	-5.232262	-18.290407
0.029871	-2.463151	10.221486	-5.233754	-18.379447
0.029829	-2.470670	10.175736	-5.235322	-18.468355
0.029785	-2.478413	10.129731	-5.236969	-18.557129
0.029740	-2.486310	10.083473	-5.238697	-18.645770
0.029691	-2.495294	10.036962	-5.240508	-18.734277
0.029639	-2.503298	9.990201	-5.242405	-18.822650
0.029582	-2.512254	9.943190	-5.244389	-18.910888
0.029519	-2.521098	9.895932	-5.246463	-18.998993
0.029449	-2.528762	9.848428	-5.248630	-19.086962
0.029371	-2.537183	9.800679	-5.250890	-19.174797
0.029283	-2.545294	9.752688	-5.253247	-19.262497
0.029184	-2.553031	9.704456	-5.255702	-19.350062
0.029074	-2.560328	9.655985	-5.258257	-19.437493
0.028949	-2.567118	9.607278	-5.260913	-19.524788
0.028810	-2.573333	9.558336	-5.263672	-19.611950
0.028654	-2.578918	9.509161	-5.266535	-19.698976
0.028484	-2.583875	9.459756	-5.269503	-19.785869
0.028299	-2.587221	9.410122	-5.272577	-19.872627
0.028101	-2.590970	9.360263	-5.275756	-19.959253
0.027892	-2.593133	9.310179	-5.279042	-20.045745
0.027672	-2.595721	9.259875	-5.282433	-20.132104
0.027443	-2.596742	9.209351	-5.285930	-20.218332
0.027206	-2.598204	9.158611	-5.289531	-20.304427
0.026962	-2.598114	9.107656	-5.293237	-20.390392
0.026714	-2.597479	9.056490	-5.297046	-20.476226
0.026462	-2.596305	9.005113	-5.300958	-20.561930
0.026207	-2.594597	8.953529	-5.304970	-20.647504
0.025952	-2.592361	8.901740	-5.309082	-20.732950
0.025697	-2.589606	8.849747	-5.313292	-20.818267
0.025444	-2.585337	8.797553	-5.317598	-20.903457
0.025195	-2.581564	8.745160	-5.321998	-20.988519
0.024951	-2.576298	8.692570	-5.326491	-21.073455
0.024713	-2.571551	8.639785	-5.331075	-21.158265
0.024483	-2.565337	8.586806	-5.335747	-21.242949
0.024263	-2.558675	8.533634	-5.340504	-21.327508
0.024054	-2.551593	8.480273	-5.345346	-21.411942
0.023855	-2.544157	8.426722	-5.350269	-21.496251
0.023668	-2.536448	8.372984	-5.355271	-21.580437
0.023492	-2.528549	8.319059	-5.360350	-21.664498
0.023326	-2.520543	8.264949	-5.365503	-21.748436
0.023172	-2.512521	8.210655	-5.370729	-21.832250
0.023028	-2.503571	8.156177	-5.376024	-21.915941
0.022894	-2.495787	8.101517	-5.381386	-21.999509
0.022770	-2.488261	8.046675	-5.386813	-22.082953
0.022656	-2.481090	7.991653	-5.392304	-22.166274
0.022551	-2.474368	7.936451	-5.397856	-22.249472
0.022455	-2.468191	7.881069	-5.403467	-22.332546
0.022367	-2.462656	7.825509	-5.409137	-22.415497
0.022287	-2.457858	7.769770	-5.414863	-22.498326
0.022214	-2.454894	7.713855	-5.420644	-22.581030
0.022148	-2.451857	7.657763	-5.426479	-22.663611
0.022089	-2.450842	7.601496	-5.432368	-22.746069
0.022036	-2.450943	7.545053	-5.438310	-22.828403
0.021989	-2.452251	7.488435	-5.444304	-22.910614
0.021947	-2.455858	7.431644	-5.450352	-22.992700
0.021911	-2.459822	7.374680	-5.456454	-23.074663
0.021881	-2.466070	7.317543	-5.462610	-23.156501
0.021854	-2.474496	7.260236	-5.468822	-23.238216
0.021832	-2.482990	7.202758	-5.475091	-23.319806
0.021814	-2.493446	7.145110	-5.481419	-23.401272
0.021798	-2.504754	7.087294	-5.487809	-23.482613
0.021785	-2.516805	7.029310	-5.494262	-23.563831
0.021774	-2.529492	6.971160	-5.500780	-23.644924
0.021765	-2.542707	6.912845	-5.507367	-23.725893
0.021756	-2.556345	6.854365	-5.514026	-23.806737
0.021747	-2.571302	6.795724	-5.520758	-23.887458
0.021736	-2.585476	6.736920	-5.527566	-23.968055
0.021723	-2.599768	6.677957	-5.534455	-24.048527
0.021707	-2.615081	6.618835	-5.541426	-24.128877
0.021686	-2.629320	6.559556	-5.548482	-24.209103
0.021659	-2.643394	6.500122	-5.555626	-24.289206
0.021625	-2.657213	6.440534	-5.562861	-24.369187
0.021582	-2.671689	6.380793	-5.570189	-24.449045
0.021528	-2.684735	6.320902	-5.577613	-24.528782
0.021462	-2.697269	6.260863	-5.585134	-24.608398
0.021382	-2.708232	6.200677	-5.592756	-24.687894
0.021287	-2.719684	6.140346	-5.600480	-24.767269
0.021176	-2.730708	6.079871	-5.608307	-24.846526
0.021050	-2.740392	6.019256	-5.616239	-24.925665
0.020907	-2.750823	5.958502	-5.624276	-25.004686
0.020747	-2.760089	5.897611	-5.632421	-25.083590
0.020570	-2.769282	5.836585	-5.640674	-25.162380
0.020376	-2.778497	5.775427	-5.649035	-25.241055
0.020164	-2.786831	5.714139	-5.657504	-25.319617
0.019934	-2.796388	5.652723	-5.666084	-25.398068
0.019685	-2.806278	5.591183	-5.674772	-25.476409
0.019419	-2.815618	5.529520	-5.683571	-25.554641
0.019134	-2.825534	5.467737	-5.692479	-25.632766
0.018832	-2.836163	5.405838	-5.701496	-25.710787
0.018512	-2.847655	5.343826	-5.710624	-25.788704
0.018174	-2.860174	5.281703	-5.719860	-25.866521
0.017819	-2.872904	5.219473	-5.729206	-25.944240
0.017449	-2.888047	5.157140	-5.738660	-26.021862
0.017063	-2.903833	5.094708	-5.748223	-26.099391
0.016662	-2.921517	5.032179	-5.757894	-26.176829
0.016250	-2.941330	4.969559	-5.767673	-26.254179
0.015831	-2.962290	4.906851	-5.777559	-26.331445
0.015411	-2.986336	4.844059	-5.787552	-26.408629
0.014997	-3.011368	4.781189	-5.797653	-26.485735
0.014593	-3.039238	4.718245	-5.807860	-26.562766
0.014205	-3.067736	4.655231	-5.818174	-26.639726
0.013838	-3.097581	4.592152	-5.828595	-26.716619
0.013496	-3.128412	4.529012	-5.839121	-26.793447
0.013181	3.123402	4.465816	-5.849754	-26.870214
0.012898	3.092020	4.402567	-5.860494	-26.946923
0.012648	3.061234	4.339270	-5.871339	-27.023577
0.012431	3.030716	4.275928	-5.882291	-27.100179
0.012249	3.003188	4.212545	-5.893349	-27.176732
0.012101	2.978396	4.149124	-5.904514	-27.253238
0.011986	2.956094	4.085668	-5.915785	-27.329698
0.011903	2.939013	4.022179	-5.927163	-27.406116
0.011852	2.925848	3.958658	-5.938648	-27.482491
0.011832	2.918232	3.895107	-5.950241	-27.558826
0.011843	2.916726	3.831528	-5.961940	-27.635120
0.011888	2.920795	3.767919	-5.973747	-27.711373
0.011968	2.931565	3.704281	-5.985661	-27.787585
0.012089	2.948149	3.640613	-5.997683	-27.863755
0.012254	2.969347	3.576913	-6.009813	-27.939880
0.012469	2.993892	3.513178	-6.022052	-28.015960
0.012737	3.019501	3.449407	-6.034399	-28.091992
0.013062	3.045916	3.385596	-6.046856	-28.167972
0.013443	3.071959	3.321741	-6.059423	-28.243897
0.013883	3.097577	3.257840	-6.072102	-28.319765
0.014378	3.118873	3.193888	-6.084895	-28.395570
0.014928	3.138117	3.129882	-6.097803	-28.471310
0.015529	-3.129433	3.065817	-6.110831	-28.546981
0.016178	-3.117810	3.001691	-6.123980	-28.622578
0.016873	-3.110467	2.937499	-6.137254	-28.698097
0.017610	-3.107560	2.873238	-6.150659	-28.773535
0.018387	-3.109157	2.808904	-6.164200	-28.848886
0.019204	-3.114258	2.744495	-6.177883	-28.924148
0.020061	-3.124807	2.680009	-6.191714	-28.999316
0.020959	-3.139710	2.615444	-6.205702	-29.074387
0.021902	3.125353	2.550798	-6.219855	-29.149358
0.022896	3.103177	2.486071	-6.234184	-29.224225
0.023945	3.077288	2.421262	-6.248698	-29.298986
0.025056	3.048556	2.356374	-6.263410	-29.373638
0.026232	3.017881	2.291406	-6.278333	-29.448180
0.027476	2.987037	2.226362	-6.293480	-29.522611
0.028789	2.955685	2.161245	-6.308867	-29.596927
0.030171	2.924375	2.096057	-6.324508	-29.671129
0.031622	2.892554	2.030803	-6.340420	-29.745216
0.033138	2.862575	1.965489	-6.356620	-29.819186
0.034714	2.834710	1.900118	-6.373124	-29.893038
0.036347	2.807156	1.834696	-6.389951	-29.966773
0.038029	2.781051	1.769229	-6.407118	-30.040390
0.039754	2.756483	1.703723	-6.424645	-30.113887
0.041514	2.733500	1.638185	-6.442549	-30.187264
0.043300	2.713120	1.572622	-6.460850	-30.260521
0.045105	2.693338	1.507040	-6.479565	-30.333656
0.046919	2.675130	1.441447	-6.498715	-30.406669
0.048733	2.658465	1.375851	-6.518317	-30.479558
0.050538	2.644303	1.310257	-6.538391	-30.552322
0.052324	2.630600	1.244675	-6.558953	-30.624959
0.054082	2.618313	1.179111	-6.580022	-30.697467
0.055803	2.606377	1.113573	-6.601616	-30.769844
0.057483	2.596651	1.048068	-6.623750	-30.842089
0.059117	2.587992	0.982605	-6.646441	-30.914197
0.060702	2.580276	0.917190	-6.669705	-30.986167
0.062236	2.572393	0.851830	-6.693556	-31.057995
0.063715	2.566248	0.786534	-6.718010	-31.129678
0.065136	2.559757	0.721308	-6.743078	-31.201212
0.066496	2.554845	0.656159	-6.768776	-31.272593
0.067793	2.549447	0.591095	-6.795114	-31.343818
0.069024	2.544503	0.526123	-6.822104	-31.414883
0.070188	2.540961	0.461251	-6.849757	-31.485783
0.071280	2.536773	0.396484	-6.878084	-31.556514
0.072300	2.533896	0.331830	-6.907092	-31.627072
0.073244	2.530291	0.267296	-6.936791	-31.697452
0.074111	2.527922	0.202888	-6.967188	-31.767649
0.074897	2.524756	0.138613	-6.998289	-31.837660
0.075602	2.522763	0.074478	-7.030101	-31.907479
0.076223	2.520912	0.010489	-7.062628	-31.977101
0.076757	2.518178	-0.053349	-7.095875	-32.046523
0.077203	2.516535	-0.117029	-7.129845	-32.115740
0.077559	2.514959	-0.180545	-7.164539	-32.184747
0.077831	2.513433	-0.243892	-7.199959	-32.253541
0.078022	2.512946	-0.307064	-7.236106	-32.322117
0.078138	2.511484	-0.370058	-7.272979	-32.390470
0.078185	2.510037	-0.432867	-7.310577	-32.458598
0.078168	2.508594	-0.495488	-7.348899	-32.526496
0.078092	2.508146	-0.557915	-7.387941	-32.594161
0.077963	2.506682	-0.620145	-7.427700	-32.661589
0.077786	2.506195	-0.682174	-7.468174	-32.728778
0.077566	2.504677	-0.743997	-7.509357	-32.795724
0.077309	2.503120	-0.805612	-7.551246	-32.862425
0.077020	2.502517	-0.867013	-7.593836	-32.928878
0.076704	2.500862	-0.928198	-7.637121	-32.995081
0.076367	2.499149	-0.989163	-7.681096	-33.061031
0.076014	2.498371	-1.049905	-7.725756	-33.126727
0.075650	2.496525	-1.110420	-7.771095	-33.192166
0.075282	2.494607	-1.170706	-7.817106	-33.257348
0.074913	2.492612	-1.230758	-7.863785	-33.322269
0.074550	2.490538	-1.290574	-7.911125	-33.386930
0.074198	2.488383	-1.350150	-7.959120	-33.451328
0.073861	2.486150	-1.409483	-8.007765	-33.515463
0.073540	2.482851	-1.468569	-8.057053	-33.579334
0.073233	2.480503	-1.527405	-8.106981	-33.642938
0.072940	2.477124	-1.585987	-8.157541	-33.706277
0.072660	2.474731	-1.644312	-8.208729	-33.769348
0.072392	2.471340	-1.702375	-8.260540	-33.832152
0.072135	2.468968	-1.760174	-8.312969	-33.894686
0.071888	2.465634	-1.817704	-8.366011	-33.956950
0.071651	2.462354	-1.874963	-8.419660	-34.018944
0.071422	2.460145	-1.931945	-8.473913	-34.080666
0.071200	2.457026	-1.988649	-8.528764	-34.142116
0.070985	2.454013	-2.045069	-8.584209	-34.203293
0.070776	2.452124	-2.101204	-8.640242	-34.264195
0.070571	2.449376	-2.157050	-8.696860	-34.324823
0.070369	2.447786	-2.212603	-8.754058	-34.385174
0.070170	2.445373	-2.267861	-8.811831	-34.445247
0.069973	2.444152	-2.322821	-8.870175	-34.505042
0.069776	2.443142	-2.377480	-8.929085	-34.564556
0.069578	2.442360	-2.431836	-8.988557	-34.623789
0.069379	2.441823	-2.485887	-9.048586	-34.682738
0.069178	2.441543	-2.539631	-9.109168	-34.741401
0.068973	2.441506	-2.593066	-9.170299	-34.799778
0.068766	2.442689	-2.646190	-9.231973	-34.857865
0.068555	2.443072	-2.699002	-9.294186	-34.915661
0.068340	2.444634	-2.751501	-9.356934	-34.973164
0.068121	2.446351	-2.803687	-9.420212	-35.030370
0.067897	2.447203	-2.855558	-9.484015	-35.087278
0.067669	2.449167	-2.907114	-9.548339	-35.143885
0.067436	2.451221	-2.958355	-9.613179	-35.200189
0.067197	2.453341	-3.009279	-9.678531	-35.256188
0.066953	2.455505	-3.059888	-9.744390	-35.311878
0.066703	2.457690	-3.110180	-9.810750	-35.367258
0.066447	2.459871	-3.160157	-9.877608	-35.422326
0.066185	2.462025	-3.209817	-9.944958	-35.477078
0.065915	2.464127	-3.259161	-10.012796	-35.531513
0.065639	2.466153	-3.308190	-10.081116	-35.585629
0.065356	2.468077	-3.356903	-10.149914	-35.639424
0.065065	2.469873	-3.405301	-10.219184	-35.692896
0.064766	2.471515	-3.453383	-10.288923	-35.746044
0.064459	2.472977	-3.501150	-10.359123	-35.798866
0.064143	2.473237	-3.548603	-10.429782	-35.851360
0.063820	2.474303	-3.595740	-10.500892	-35.903527
0.063488	2.474189	-3.642562	-10.572450	-35.955365
0.063148	2.474910	-3.689070	-10.644450	-36.006873
0.062801	2.474481	-3.735262	-10.716886	-36.058052
0.062446	2.473916	-3.781138	-10.789754	-36.108901
0.062083	2.474231	-3.826699	-10.863048	-36.159420
0.061712	2.473441	-3.871945	-10.936763	-36.209610
0.061335	2.472563	-3.916874	-11.010893	-36.259470
0.060950	2.472611	-3.961488	-11.085433	-36.309000
0.060558	2.471603	-4.005787	-11.160379	-36.358203
0.060159	2.471556	-4.049770	-11.235723	-36.407077
0.059753	2.470486	-4.093438	-11.311462	-36.455623
0.059341	2.470412	-4.136791	-11.387590	-36.503843
0.058921	2.469351	-4.179830	-11.464100	-36.551736
0.058495	2.469323	-4.222554	-11.540989	-36.599305
0.058062	2.469347	-4.264965	-11.618250	-36.646549
0.057623	2.469443	-4.307064	-11.695878	-36.693469
0.057177	2.469631	-4.348852	-11.773869	-36.740067
0.056724	2.469934	-4.390329	-11.852215	-36.786342
0.056265	2.471366	-4.431497	-11.930913	-36.832297
0.055801	2.471923	-4.472358	-12.009956	-36.877932
0.055332	2.473594	-4.512913	-12.089340	-36.923247
0.054859	2.474367	-4.553164	-12.169060	-36.968244
0.054385	2.476229	-4.593113	-12.249109	-37.012923
0.053908	2.478170	-4.632763	-12.329482	-37.057285
0.053431	2.480177	-4.672114	-12.410175	-37.101331
0.052955	2.482236	-4.711171	-12.491183	-37.145062
0.052480	2.484335	-4.749934	-12.572500	-37.188478
0.052008	2.486461	-4.788406	-12.654121	-37.231581
0.051539	2.488598	-4.826590	-12.736042	-37.274371
0.051076	2.490733	-4.864489	-12.818257	-37.316850
0.050617	2.492851	-4.902103	-12.900761	-37.359017
0.050166	2.494937	-4.939437	-12.983551	-37.400875
0.049723	2.496974	-4.976492	-13.066621	-37.442424
0.049288	2.497947	-5.013270	-13.149967	-37.483665
0.048863	2.499838	-5.049774	-13.233584	-37.524600
0.048449	2.500631	-5.086005	-13.317468	-37.565230
0.048047	2.502309	-5.121966	-13.401615	-37.605555
0.047658	2.502853	-5.157657	-13.486020	-37.645578
0.047284	2.503249	-5.193082	-13.570680	-37.685299
0.046922	2.503498	-5.228241	-13.655591	-37.724720
0.046574	2.503605	-5.263136	-13.740749	-37.763842
0.046239	2.502576	-5.297767	-13.826150	-37.802667
0.045917	2.502416	-5.332136	-13.911790	-37.841195
0.045606	2.501130	-5.366244	-13.997667	-37.879429
0.045307	2.500724	-5.400091	-14.083776	-37.917370
0.045019	2.499206	-5.433679	-14.170115	-37.955019
0.044742	2.497582	-5.467007	-14.256681	-37.992378
0.044475	2.496858	-5.500076	-14.343469	-38.029449
0.044218	2.495041	-5.532887	-14.430477	-38.066232
0.043970	2.493140	-5.565440	-14.517703	-38.102728
0.043731	2.492160	-5.597735	-14.605143	-38.138941
0.043501	2.490109	-5.629772	-14.692794	-38.174869
0.043279	2.488996	-5.661552	-14.780653	-38.210516
0.043064	2.486827	-5.693076	-14.868719	-38.245882
0.042857	2.485611	-5.724342	-14.956988	-38.280968
0.042656	2.483355	-5.755352	-15.045457	-38.315776
0.042462	2.482068	-5.786105	-15.134124	-38.350307
0.042273	2.480756	-5.816602	-15.222987	-38.384561
0.042090	2.479426	-5.846842	-15.312043	-38.418541
0.041912	2.479075	-5.876826	-15.401289	-38.452246
0.041739	2.477698	-5.906554	-15.490724	-38.485677
0.041571	2.477290	-5.936027	-15.580345	-38.518836
0.041408	2.475845	-5.965244	-15.670149	-38.551723
0.041250	2.475359	-5.994206	-15.760134	-38.584339
0.041098	2.474825	-6.022914	-15.850299	-38.616684
0.040950	2.474239	-6.051367	-15.940640	-38.648760
0.040806	2.473595	-6.079565	-16.031157	-38.680566
0.040668	2.472887	-6.107510	-16.121845	-38.712104
0.040534	2.472110	-6.135201	-16.212705	-38.743373
0.040406	2.471258	-6.162638	-16.303733	-38.774375
0.040281	2.470326	-6.189821	-16.394927	-38.805110
0.040162	2.469307	-6.216751	-16.486286	-38.835579
0.040047	2.468197	-6.243428	-16.577807	-38.865782
0.039936	2.466988	-6.269851	-16.669489	-38.895720
0.039831	2.465676	-6.296020	-16.761329	-38.925393
0.039729	2.463254	-6.321935	-16.853327	-38.954803
0.039633	2.461718	-6.347597	-16.945479	-38.983949
0.039541	2.459060	-6.373004	-17.037784	-39.012832
0.039453	2.457282	-6.398156	-17.130240	-39.041454
0.039368	2.454405	-6.423052	-17.222846	-39.069815
0.039284	2.451457	-6.447693	-17.315599	-39.097916
0.039199	2.448465	-6.472077	-17.408498	-39.125758
0.039112	2.445455	-6.496203	-17.501541	-39.153341
0.039020	2.441452	-6.520072	-17.594727	-39.180667
0.038922	2.438483	-6.543682	-17.688053	-39.207737
0.038815	2.434569	-6.567033	-17.781518	-39.234552
0.038698	2.431735	-6.590123	-17.875120	-39.261114
0.038569	2.428004	-6.612954	-17.968857	-39.287423
0.038426	2.424398	-6.635523	-18.062727	-39.313481
0.038267	2.420939	-6.657831	-18.156728	-39.339290
0.038090	2.417649	-6.679878	-18.250859	-39.364851
0.037892	2.414549	-6.701663	-18.345117	-39.390166
0.037673	2.411662	-6.723188	-18.439500	-39.415237
0.037430	2.409010	-6.744451	-18.534006	-39.440065
0.037160	2.406616	-6.765455	-18.628633	-39.464652
0.036863	2.404503	-6.786200	-18.723379	-39.489001
0.036535	2.403698	-6.806687	-18.818242	-39.513113
0.036175	2.402228	-6.826918	-18.913218	-39.536991
0.035782	2.401111	-6.846895	-19.008306	-39.560637
0.035358	2.400332	-6.866620	-19.103504	-39.584054
0.034905	2.399867	-6.886096	-19.198808	-39.607243
0.034428	2.399691	-6.905326	-19.294217	-39.630208
0.033927	2.400780	-6.924312	-19.389727	-39.652952
0.033408	2.401113	-6.943059	-19.485337	-39.675478
0.032872	2.401665	-6.961569	-19.581043	-39.697788
0.032322	2.403413	-6.979847	-19.676843	-39.719885
0.031762	2.405331	-6.997896	-19.772734	-39.741772
0.031195	2.406392	-7.015721	-19.868714	-39.763453
0.030623	2.408569	-7.033326	-19.964781	-39.784931
0.030049	2.410832	-7.050716	-20.060931	-39.806208
0.029477	2.413146	-7.067893	-20.157163	-39.827287
0.028910	2.416478	-7.084864	-20.253474	-39.848173
0.028350	2.418789	-7.101632	-20.349862	-39.868867
0.027801	2.422037	-7.118201	-20.446324	-39.889373
0.027265	2.424177	-7.134577	-20.542858	-39.909693
0.026745	2.427162	-7.150762	-20.639463	-39.929831
0.026245	2.429939	-7.166762	-20.736136	-39.949789
0.025768	2.433453	-7.182579	-20.832876	-39.969570
0.025314	2.435657	-7.198219	-20.929680	-39.989177
0.024884	2.438530	-7.213683	-21.026546	-40.008611
0.024475	2.441066	-7.228976	-21.123474	-40.027876
0.024084	2.443253	-7.244101	-21.220461	-40.046974
0.023709	2.445085	-7.259060	-21.317506	-40.065906
0.023347	2.447552	-7.273857	-21.414608	-40.084675
0.022997	2.448647	-7.288494	-21.511765	-40.103283
0.022655	2.450359	-7.302975	-21.608976	-40.121732
0.022321	2.451679	-7.317300	-21.706240	-40.140024
0.021990	2.452596	-7.331473	-21.803554	-40.158160
0.021661	2.453095	-7.345497	-21.900919	-40.176144
0.021332	2.453162	-7.359372	-21.998333	-40.193978
0.021001	2.452776	-7.373103	-22.095794	-40.211662
0.020664	2.451914	-7.386689	-22.193302	-40.229201
0.020320	2.450550	-7.400135	-22.290856	-40.246595
0.019967	2.448648	-7.413442	-22.388453	-40.263848
0.019602	2.446169	-7.426612	-22.486094	-40.280962
0.019224	2.443063	-7.439646	-22.583776	-40.297941
0.018829	2.439270	-7.452548	-22.681499	-40.314786
0.018416	2.433718	-7.465320	-22.779261	-40.331502
0.017984	2.428338	-7.477962	-22.877062	-40.348091
0.017533	2.421132	-7.490479	-22.974899	-40.364558
0.017064	2.413117	-7.502872	-23.072772	-40.380906
0.016578	2.404313	-7.515143	-23.170680	-40.397139
0.016077	2.394739	-7.527295	-23.268620	-40.413262
0.015562	2.384413	-7.539330	-23.366593	-40.429279
0.015033	2.373356	-7.551251	-23.464596	-40.445195
0.014491	2.361593	-7.563061	-23.562628	-40.461014
0.013938	2.349147	-7.574762	-23.660688	-40.476741
0.013373	2.336050	-7.586358	-23.758774	-40.492381
0.012798	2.323334	-7.597852	-23.856886	-40.507938
0.012213	2.309041	-7.609246	-23.955021	-40.523418
0.011619	2.294217	-7.620545	-24.053179	-40.538825
0.011014	2.279919	-7.631752	-24.151358	-40.554164
0.010401	2.264218	-7.642871	-24.249556	-40.569440
0.009778	2.249198	-7.653906	-24.347774	-40.584658
0.009145	2.234964	-7.664861	-24.446008	-40.599823
0.008503	2.219654	-7.675740	-24.544259	-40.614938
0.007850	2.205444	-7.686548	-24.642524	-40.630009
0.007186	2.191572	-7.697291	-24.740802	-40.645040
0.006511	2.179265	-7.707972	-24.839093	-40.660035
0.005824	2.167380	-7.718597	-24.937395	-40.674998
0.005127	2.155583	-7.729173	-25.035706	-40.689933
0.004421	2.144349	-7.739703	-25.134026	-40.704844
0.003706	2.131780	-7.750195	-25.232352	-40.719735
0.002985	2.116135	-7.760655	-25.330685	-40.734609
0.002259	2.093470	-7.771088	-25.429023	-40.749471
0.001530	2.053364	-7.781501	-25.527364	-40.764322
0.000805	1.942330	-7.791900	-25.625708	-40.779169
0.000191	0.849835	-7.802291	-25.724052	-40.794012
0.000715	-0.700714	-7.812681	-25.822397	-40.808858
0.001437	-0.830380	-7.823076	-25.920740	-40.823708
0.002163	-0.870684	-7.833482	-26.019081	-40.838567
0.002886	-0.887095	-7.843906	-26.117418	-40.853438
0.003603	-0.894977	-7.854353	-26.215750	-40.868325
0.004311	-0.896738	-7.864829	-26.314077	-40.883231
0.005008	-0.896249	-7.875341	-26.412395	-40.898162
0.005692	-0.892435	-7.885895	-26.510706	-40.913119
0.006361	-0.887801	-7.896494	-26.609006	-40.928108
0.007015	-0.881640	-7.907146	-26.707296	-40.943132
0.007650	-0.874173	-7.917855	-26.805573	-40.958194
0.008267	-0.865709	-7.928625	-26.903837	-40.973300
0.008868	-0.856497	-7.939462	-27.002086	-40.988453
0.009453	-0.847713	-7.950369	-27.100320	-41.003658
0.010024	-0.837489	-7.961352	-27.198537	-41.018917
0.010581	-0.827921	-7.972413	-27.296735	-41.034236
0.011124	-0.817086	-7.983556	-27.394915	-41.049618
0.011656	-0.807044	-7.994786	-27.493074	-41.065067
0.012177	-0.795845	-8.006105	-27.591211	-41.080589
0.012688	-0.784529	-8.017516	-27.689326	-41.096186
0.013190	-0.774131	-8.029023	-27.787417	-41.111863
0.013683	-0.762681	-8.040628	-27.885483	-41.127625
0.014169	-0.751204	-8.052334	-27.983522	-41.143476
0.014649	-0.739723	-8.064143	-28.081534	-41.159419
0.015124	-0.727260	-8.076058	-28.179517	-41.175460
0.015593	-0.714832	-8.088080	-28.277471	-41.191603
0.016060	-0.702457	-8.100212	-28.375393	-41.207852
0.016523	-0.689152	-8.112456	-28.473283	-41.224212
0.016985	-0.675929	-8.124813	-28.571139	-41.240687
0.017446	-0.661804	-8.137285	-28.668961	-41.257283
0.000000	0.000000	-8.137285	-28.668961	-41.257283
