0.050856	-0.833446	0.000000	0.000000	0.000000
0.046497	-0.792674	0.099999	0.000342	-0.000376
0.042226	-0.744788	0.199994	0.001010	-0.001084
0.038075	-0.688105	0.299984	0.001989	-0.002078
0.034084	-0.620410	0.399969	0.003262	-0.003313
0.030298	-0.538800	0.499946	0.004812	-0.004747
0.026775	-0.440557	0.599917	0.006622	-0.006336
0.023587	-0.319197	0.699882	0.008674	-0.008039
0.020825	-0.172022	0.799840	0.010950	-0.009817
0.018593	0.005211	0.899793	0.013431	-0.011629
0.016997	0.211131	0.999741	0.016099	-0.013441
0.016109	0.436482	1.099685	0.018932	-0.015217
0.015918	0.664834	1.199626	0.021911	-0.016925
0.016320	0.879343	1.299565	0.025015	-0.018535
0.017150	1.068954	1.399502	0.028224	-0.020019
0.018234	1.232799	1.499439	0.031515	-0.021352
0.019428	1.375144	1.599376	0.034866	-0.022514
0.020621	1.499112	1.699314	0.038255	-0.023485
0.021739	1.610878	1.799253	0.041659	-0.024250
0.022731	1.715042	1.899194	0.045054	-0.024798
0.023572	1.815574	1.999137	0.048416	-0.025121
0.024261	1.915766	2.099082	0.051721	-0.025216
0.024842	2.017641	2.199030	0.054944	-0.025082
0.025375	2.121258	2.298981	0.058060	-0.024724
0.025920	2.228910	2.398935	0.061043	-0.024150
0.026540	2.338152	2.498892	0.063867	-0.023371
0.027293	2.449866	2.598852	0.066507	-0.022401
0.028226	2.560411	2.698816	0.068937	-0.021258
0.029375	2.669857	2.798784	0.071130	-0.019959
0.030758	2.774274	2.898755	0.073062	-0.018527
0.032381	2.872993	2.998729	0.074707	-0.016984
0.034233	2.965781	3.098707	0.076040	-0.015356
0.036294	3.049894	3.198688	0.077035	-0.013669
0.038533	3.126044	3.298671	0.077669	-0.011948
0.040916	-3.088888	3.398656	0.077918	-0.010222
0.043406	-3.027220	3.498641	0.077759	-0.008517
0.045965	-2.973688	3.598626	0.077168	-0.006862
0.048555	-2.926779	3.698608	0.076124	-0.005285
0.051138	-2.885976	3.798586	0.074605	-0.003812
0.053678	-2.849794	3.898557	0.072592	-0.002468
0.056141	-2.819803	3.998518	0.070066	-0.001280
0.058498	-2.794530	4.098466	0.067007	-0.000270
0.060737	-2.772190	4.198397	0.063398	0.000541
0.062857	-2.754061	4.298308	0.059224	0.001131
0.064856	-2.738554	4.398195	0.054469	0.001483
0.066738	-2.725187	4.498051	0.049118	0.001580
0.068505	-2.712559	4.597873	0.043158	0.001406
0.070164	-2.702331	4.697656	0.036577	0.000946
0.071720	-2.693215	4.797392	0.029363	0.000187
0.073180	-2.683959	4.897077	0.021506	-0.000884
0.074551	-2.676342	4.996705	0.012994	-0.002279
0.075840	-2.669167	5.096268	0.003820	-0.004009
0.077056	-2.661256	5.195760	-0.006025	-0.006085
0.078207	-2.654448	5.295175	-0.016550	-0.008517
0.079302	-2.646592	5.394506	-0.027759	-0.011317
0.080348	-2.639549	5.493744	-0.039661	-0.014493
0.081355	-2.631191	5.592883	-0.052260	-0.018055
0.082333	-2.623395	5.691916	-0.065560	-0.022015
0.083291	-2.614048	5.790834	-0.079567	-0.026382
0.084239	-2.605044	5.889629	-0.094284	-0.031168
0.085187	-2.594286	5.988294	-0.109713	-0.036383
0.086145	-2.582711	6.086820	-0.125857	-0.042040
0.087114	-2.571379	6.185198	-0.142719	-0.048152
0.088097	-2.558377	6.283421	-0.160298	-0.054731
0.089093	-2.544786	6.381479	-0.178596	-0.061793
0.090102	-2.530686	6.479363	-0.197612	-0.069351
0.091126	-2.517152	6.577063	-0.217347	-0.077423
0.092164	-2.502258	6.674571	-0.237799	-0.086022
0.093216	-2.488071	6.771876	-0.258966	-0.095165
0.094281	-2.472658	6.868969	-0.280848	-0.104868
0.095360	-2.458081	6.965839	-0.303442	-0.115148
0.096450	-2.442400	7.062477	-0.326744	-0.126022
0.097552	-2.427669	7.158870	-0.350752	-0.137507
0.098663	-2.412941	7.255009	-0.375461	-0.149620
0.099782	-2.397266	7.350883	-0.400869	-0.162377
0.100906	-2.382689	7.446479	-0.426969	-0.175797
0.102035	-2.369252	7.541787	-0.453758	-0.189897
0.103164	-2.354995	7.636794	-0.481230	-0.204691
0.104293	-2.340955	7.731489	-0.509380	-0.220198
0.105416	-2.328165	7.825859	-0.538203	-0.236433
0.106533	-2.314657	7.919892	-0.567692	-0.253412
0.107639	-2.302452	8.013574	-0.597840	-0.271150
0.108733	-2.290544	8.106894	-0.628643	-0.289662
0.109814	-2.278920	8.199837	-0.660092	-0.308963
0.110881	-2.267567	8.292390	-0.692182	-0.329067
0.111932	-2.256474	8.384540	-0.724905	-0.349986
0.112967	-2.246629	8.476272	-0.758254	-0.371735
0.113984	-2.236019	8.567574	-0.792221	-0.394324
0.114983	-2.225635	8.658429	-0.826799	-0.417767
0.115962	-2.216465	8.748826	-0.861979	-0.442075
0.116920	-2.206499	8.838748	-0.897753	-0.467259
0.117857	-2.197727	8.928181	-0.934113	-0.493329
0.118771	-2.188139	9.017111	-0.971049	-0.520295
0.119662	-2.178725	9.105523	-1.008552	-0.548167
0.120528	-2.169476	9.193402	-1.046612	-0.576954
0.121369	-2.160384	9.280734	-1.085218	-0.606666
0.122184	-2.151438	9.367503	-1.124360	-0.637310
0.122972	-2.142632	9.453694	-1.164027	-0.668895
0.123732	-2.133956	9.539294	-1.204206	-0.701427
0.124464	-2.125403	9.624286	-1.244887	-0.734914
0.125166	-2.115964	9.708656	-1.286057	-0.769362
0.125838	-2.106634	9.792390	-1.327703	-0.804777
0.126479	-2.097414	9.875474	-1.369812	-0.841164
0.127088	-2.088309	9.957892	-1.412368	-0.878530
0.127663	-2.079322	10.039631	-1.455358	-0.916878
0.128202	-2.070457	10.120677	-1.498767	-0.956213
0.128706	-2.060716	10.201015	-1.542581	-0.996538
0.129172	-2.051104	10.280633	-1.586782	-1.037856
0.129599	-2.042623	10.359518	-1.631355	-1.080171
0.129986	-2.032277	10.437655	-1.676283	-1.123483
0.130331	-2.023068	10.515034	-1.721549	-1.167795
0.130633	-2.013999	10.591641	-1.767137	-1.213107
0.130891	-2.004074	10.667464	-1.813027	-1.259419
0.131103	-1.995294	10.742493	-1.859203	-1.306731
0.131267	-1.985664	10.816716	-1.905647	-1.355042
0.131382	-1.976185	10.890122	-1.952340	-1.404350
0.131448	-1.966862	10.962702	-1.999264	-1.454653
0.131461	-1.957696	11.034445	-2.046400	-1.505948
0.131421	-1.947692	11.105343	-2.093729	-1.558230
0.131326	-1.938852	11.175387	-2.141232	-1.611496
0.131175	-1.930181	11.244569	-2.188891	-1.665741
0.130967	-1.920673	11.312882	-2.236686	-1.720959
0.130712	-1.911287	11.380318	-2.284599	-1.777143
0.130421	-1.901977	11.446873	-2.332611	-1.834286
0.130105	-1.892696	11.512540	-2.380702	-1.892382
0.129773	-1.883400	11.577314	-2.428854	-1.951422
0.129439	-1.874046	11.641190	-2.477048	-2.011398
0.129113	-1.864592	11.704164	-2.525265	-2.072302
0.128806	-1.853997	11.766233	-2.573486	-2.134127
0.128530	-1.843224	11.827392	-2.621691	-2.196863
0.128297	-1.833236	11.887638	-2.669861	-2.260503
0.128119	-1.820997	11.946968	-2.717976	-2.325040
0.128006	-1.809478	12.005378	-2.766014	-2.390465
0.127973	-1.797649	12.062867	-2.813955	-2.456773
0.128030	-1.784485	12.119429	-2.861778	-2.523957
0.128190	-1.770965	12.175063	-2.909460	-2.592011
0.128465	-1.757072	12.229765	-2.956979	-2.660929
0.128869	-1.741796	12.283531	-3.004309	-2.730707
0.129414	-1.726130	12.336358	-3.051427	-2.801342
0.130112	-1.710073	12.388241	-3.098305	-2.872830
0.130978	-1.692633	12.439177	-3.144917	-2.945168
0.132018	-1.674847	12.489161	-3.191233	-3.018356
0.133215	-1.656867	12.538188	-3.237222	-3.092392
0.134544	-1.637861	12.586251	-3.282854	-3.167277
0.135980	-1.619981	12.633346	-3.328094	-3.243009
0.137498	-1.601368	12.679466	-3.372910	-3.319589
0.139071	-1.583149	12.724605	-3.417268	-3.397015
0.140673	-1.566434	12.768756	-3.461132	-3.475288
0.142275	-1.549326	12.811912	-3.504470	-3.554404
0.143849	-1.534912	12.854068	-3.547246	-3.634361
0.145369	-1.521275	12.895215	-3.589428	-3.715155
0.146804	-1.509486	12.935345	-3.630987	-3.796779
0.148127	-1.499617	12.974450	-3.671891	-3.879226
0.149309	-1.491733	13.012521	-3.712117	-3.962488
0.150323	-1.486901	13.049549	-3.751639	-4.046553
0.151141	-1.484191	13.085522	-3.790438	-4.131409
0.151734	-1.484678	13.120429	-3.828499	-4.217041
0.152077	-1.487446	13.154257	-3.865810	-4.303433
0.152143	-1.493589	13.186995	-3.902364	-4.390566
0.151907	-1.502219	13.218626	-3.938160	-4.478418
0.151345	-1.513465	13.249140	-3.973201	-4.566968
0.150445	-1.528435	13.278521	-4.007496	-4.656190
0.149230	-1.546068	13.306758	-4.041059	-4.746058
0.147737	-1.566264	13.333837	-4.073909	-4.836543
0.145999	-1.586932	13.359749	-4.106072	-4.927616
0.144052	-1.609981	13.384484	-4.137572	-5.019245
0.141929	-1.634318	13.408035	-4.168442	-5.111399
0.139664	-1.658841	13.430399	-4.198712	-5.204046
0.137291	-1.683436	13.451572	-4.228415	-5.297156
0.134840	-1.708975	13.471556	-4.257586	-5.390696
0.132341	-1.735307	13.490352	-4.286258	-5.484635
0.129823	-1.760257	13.507965	-4.314466	-5.578944
0.127310	-1.785623	13.524401	-4.342244	-5.673592
0.124827	-1.811171	13.539668	-4.369625	-5.768551
0.122395	-1.834634	13.553776	-4.396641	-5.863793
0.120032	-1.857709	13.566735	-4.423322	-5.959293
0.117754	-1.879060	13.578557	-4.449695	-6.055025
0.115574	-1.899311	13.589255	-4.475787	-6.150967
0.113504	-1.916056	13.598842	-4.501620	-6.247095
0.111552	-1.930857	13.607332	-4.527215	-6.343391
0.109728	-1.942249	13.614740	-4.552588	-6.439834
0.108037	-1.949830	13.621078	-4.577751	-6.536409
0.106466	-1.953547	13.626361	-4.602712	-6.633099
0.105003	-1.953453	13.630603	-4.627475	-6.729892
0.103638	-1.949622	13.633817	-4.652040	-6.826774
0.102364	-1.942151	13.636019	-4.676403	-6.923736
0.101175	-1.932153	13.637221	-4.700556	-7.020768
0.100069	-1.918762	13.637437	-4.724491	-7.117861
0.099041	-1.901126	13.636680	-4.748194	-7.215009
0.098092	-1.881410	13.634967	-4.771649	-7.312204
0.097218	-1.858793	13.632310	-4.794837	-7.409442
0.096420	-1.833468	13.628725	-4.817740	-7.506718
0.095695	-1.806640	13.624227	-4.840334	-7.604028
0.095040	-1.776521	13.618832	-4.862596	-7.701369
0.094453	-1.745335	13.612557	-4.884500	-7.798739
0.093927	-1.711306	13.605419	-4.906021	-7.896134
0.093458	-1.676664	13.597437	-4.927130	-7.993555
0.093036	-1.641637	13.588631	-4.947800	-8.090998
0.092653	-1.605451	13.579020	-4.968003	-8.188463
0.092296	-1.569323	13.568626	-4.987711	-8.285949
0.091954	-1.534468	13.557471	-5.006898	-8.383455
0.091614	-1.500065	13.545577	-5.025538	-8.480980
0.091267	-1.467187	13.532965	-5.043608	-8.578522
0.090907	-1.434883	13.519660	-5.061086	-8.676079
0.090528	-1.405195	13.505683	-5.077951	-8.773651
0.090123	-1.377167	13.491056	-5.094186	-8.871234
0.089685	-1.351836	13.475802	-5.109774	-8.968827
0.089206	-1.327239	13.459941	-5.124703	-9.066426
0.088681	-1.305413	13.443492	-5.138959	-9.164028
0.088100	-1.284392	13.426475	-5.152535	-9.261630
0.087458	-1.266212	13.408910	-5.165421	-9.359228
0.086747	-1.249909	13.390814	-5.177612	-9.456819
0.085960	-1.235520	13.372203	-5.189106	-9.554397
0.085089	-1.222087	13.353093	-5.199899	-9.651959
0.084128	-1.210653	13.333500	-5.209992	-9.749500
0.083069	-1.201271	13.313439	-5.219387	-9.847015
0.081907	-1.192997	13.292922	-5.228088	-9.944501
0.080634	-1.185899	13.271964	-5.236100	-10.041951
0.079245	-1.181057	13.250577	-5.243430	-10.139362
0.077732	-1.176565	13.228773	-5.250087	-10.236728
0.076092	-1.174536	13.206564	-5.256083	-10.334046
0.074320	-1.173081	13.183962	-5.261430	-10.431312
0.072426	-1.173236	13.160978	-5.266142	-10.528520
0.070420	-1.175028	13.137621	-5.270235	-10.625668
0.068314	-1.177506	13.113904	-5.273727	-10.722752
0.066120	-1.182734	13.089837	-5.276636	-10.819769
0.063850	-1.188800	13.065428	-5.278984	-10.916716
0.061519	-1.196812	13.040688	-5.280790	-11.013591
0.059139	-1.206900	13.015626	-5.282078	-11.110391
0.056725	-1.219217	12.990249	-5.282870	-11.207114
0.054292	-1.233943	12.964567	-5.283191	-11.303759
0.051855	-1.251279	12.938586	-5.283066	-11.400325
0.049430	-1.270452	12.912314	-5.282519	-11.496811
0.047033	-1.293708	12.885757	-5.281577	-11.593215
0.044682	-1.320311	12.858922	-5.280264	-11.689539
0.042394	-1.349526	12.831814	-5.278607	-11.785780
0.040188	-1.383613	12.804439	-5.276631	-11.881940
0.038081	-1.420794	12.776800	-5.274363	-11.978017
0.036093	-1.463228	12.748903	-5.271827	-12.074014
0.034242	-1.508968	12.720751	-5.269049	-12.169929
0.032544	-1.559908	12.692347	-5.266053	-12.265764
0.031012	-1.613787	12.663695	-5.262863	-12.361518
0.029655	-1.672339	12.634797	-5.259502	-12.457192
0.028476	-1.734166	12.605655	-5.255991	-12.552788
0.027476	-1.797682	12.576271	-5.252353	-12.648304
0.026655	-1.864117	12.546647	-5.248608	-12.743742
0.026009	-1.931553	12.516783	-5.244775	-12.839101
0.025530	-1.998973	12.486681	-5.240874	-12.934383
0.025209	-2.065340	12.456341	-5.236922	-13.029587
0.025032	-2.129667	12.425763	-5.232936	-13.124714
0.024984	-2.191087	12.394948	-5.228934	-13.219764
0.025047	-2.248896	12.363895	-5.224929	-13.314736
0.025203	-2.302573	12.332605	-5.220937	-13.409630
0.025436	-2.351782	12.301076	-5.216972	-13.504447
0.025729	-2.397347	12.269308	-5.213045	-13.599186
0.026065	-2.437227	12.237301	-5.209169	-13.693846
0.026430	-2.473480	12.205053	-5.205355	-13.788426
0.026811	-2.505232	12.172564	-5.201613	-13.882927
0.027197	-2.531655	12.139832	-5.197952	-13.977348
0.027579	-2.554936	12.106856	-5.194380	-14.071687
0.027946	-2.575269	12.073636	-5.190904	-14.165943
0.028294	-2.590875	12.040169	-5.187532	-14.260117
0.028618	-2.603085	12.006456	-5.184268	-14.354206
0.028916	-2.613235	11.972493	-5.181117	-14.448209
0.029187	-2.619631	11.938281	-5.178082	-14.542125
0.029430	-2.624549	11.903817	-5.175168	-14.635954
0.029647	-2.627244	11.869101	-5.172375	-14.729693
0.029837	-2.626950	11.834131	-5.169706	-14.823341
0.030002	-2.625884	11.798906	-5.167161	-14.916897
0.030144	-2.622248	11.763425	-5.164741	-15.010359
0.030264	-2.618236	11.727686	-5.162445	-15.103727
0.030364	-2.612030	11.691689	-5.160273	-15.196998
0.030446	-2.604808	11.655431	-5.158224	-15.290170
0.030512	-2.596743	11.618913	-5.156296	-15.383244
0.030563	-2.588005	11.582132	-5.154486	-15.476216
0.030600	-2.578762	11.545088	-5.152793	-15.569087
0.030626	-2.568181	11.507779	-5.151214	-15.661853
0.030641	-2.558429	11.470206	-5.149747	-15.754514
0.030646	-2.546672	11.432366	-5.148388	-15.847068
0.030642	-2.536079	11.394260	-5.147134	-15.939515
0.030629	-2.524819	11.355886	-5.145982	-16.031851
0.030608	-2.514036	11.317244	-5.144929	-16.124078
0.030580	-2.502773	11.278334	-5.143972	-16.216192
0.030545	-2.493048	11.239155	-5.143107	-16.308194
0.030504	-2.482880	11.199707	-5.142331	-16.400081
0.030459	-2.472291	11.159991	-5.141642	-16.491853
0.030409	-2.463305	11.120005	-5.141036	-16.583509
0.030355	-2.453945	11.079751	-5.140510	-16.675047
0.030299	-2.445237	11.039227	-5.140061	-16.766468
0.030241	-2.437209	10.998436	-5.139688	-16.857769
0.030182	-2.429889	10.957376	-5.139386	-16.948950
0.030123	-2.424306	10.916049	-5.139154	-17.040010
0.030066	-2.418488	10.874455	-5.138991	-17.130949
0.030010	-2.413467	10.832594	-5.138894	-17.221766
0.029958	-2.409272	10.790467	-5.138861	-17.312460
0.029909	-2.406933	10.748075	-5.138892	-17.403029
0.029866	-2.404479	10.705419	-5.138986	-17.493475
0.029830	-2.403939	10.662498	-5.139141	-17.583795
0.029801	-2.404338	10.619313	-5.139358	-17.673990
0.029783	-2.406703	10.575867	-5.139637	-17.764058
0.029775	-2.410056	10.532157	-5.139978	-17.853999
0.029779	-2.414395	10.488187	-5.140382	-17.943813
0.029794	-2.419626	10.443956	-5.140851	-18.033497
0.029820	-2.426637	10.399464	-5.141386	-18.123053
0.029854	-2.434313	10.354713	-5.141988	-18.212479
0.029896	-2.442541	10.309703	-5.142662	-18.301774
0.029944	-2.452210	10.264435	-5.143408	-18.390938
0.029996	-2.462211	10.218908	-5.144230	-18.479970
0.030051	-2.472437	10.173125	-5.145131	-18.568869
0.030107	-2.482785	10.127085	-5.146114	-18.657634
0.030162	-2.494156	10.080789	-5.147182	-18.746266
0.030214	-2.504453	10.034238	-5.148338	-18.834763
0.030261	-2.515583	9.987433	-5.149586	-18.923124
0.030300	-2.526457	9.940375	-5.150929	-19.011350
0.030330	-2.535988	9.893065	-5.152371	-19.099439
0.030348	-2.546093	9.845504	-5.153913	-19.187391
0.030351	-2.555689	9.797693	-5.155559	-19.275205
0.030337	-2.564696	9.749634	-5.157312	-19.362882
0.030303	-2.573035	9.701327	-5.159174	-19.450421
0.030246	-2.580625	9.652775	-5.161148	-19.537821
0.030163	-2.587385	9.603980	-5.163235	-19.625083
0.030054	-2.593251	9.554942	-5.165436	-19.712206
0.029917	-2.598247	9.505664	-5.167754	-19.799190
0.029755	-2.601412	9.456148	-5.170188	-19.886036
0.029570	-2.604781	9.406396	-5.172740	-19.972744
0.029363	-2.606386	9.356410	-5.175409	-20.059314
0.029136	-2.608255	9.306193	-5.178194	-20.145746
0.028891	-2.608414	9.255747	-5.181096	-20.232040
0.028629	-2.608887	9.205074	-5.184114	-20.318198
0.028352	-2.607697	9.154176	-5.187246	-20.404219
0.028063	-2.605865	9.103058	-5.190491	-20.490105
0.027764	-2.603413	9.051719	-5.193847	-20.575855
0.027455	-2.600360	9.000164	-5.197313	-20.661471
0.027140	-2.596729	8.948395	-5.200887	-20.746953
0.026820	-2.592543	8.896414	-5.204565	-20.832302
0.026498	-2.586826	8.844224	-5.208347	-20.917518
0.026175	-2.581604	8.791827	-5.212230	-21.002603
0.025853	-2.574906	8.739225	-5.216210	-21.087558
0.025534	-2.568766	8.686421	-5.220285	-21.172382
0.025221	-2.561218	8.633417	-5.224453	-21.257077
0.024915	-2.553304	8.580216	-5.228710	-21.341643
0.024618	-2.545070	8.526819	-5.233054	-21.426082
0.024331	-2.536581	8.473228	-5.237481	-21.510393
0.024054	-2.527905	8.419445	-5.241989	-21.594578
0.023789	-2.519117	8.365473	-5.246574	-21.678638
0.023535	-2.510297	8.311313	-5.251235	-21.762572
0.023293	-2.501527	8.256967	-5.255967	-21.846382
0.023064	-2.491894	8.202436	-5.260769	-21.930067
0.022848	-2.483490	8.147722	-5.265637	-22.013630
0.022645	-2.475409	8.092826	-5.270569	-22.097069
0.022456	-2.467748	8.037750	-5.275563	-22.180386
0.022280	-2.460606	7.982495	-5.280616	-22.263581
0.022119	-2.454086	7.927063	-5.285727	-22.346654
0.021972	-2.448288	7.871454	-5.290893	-22.429605
0.021839	-2.443316	7.815670	-5.296113	-22.512436
0.021720	-2.440272	7.759712	-5.301386	-22.595146
0.021617	-2.437257	7.703581	-5.306710	-22.677735
0.021528	-2.436370	7.647278	-5.312086	-22.760203
0.021455	-2.436707	7.590804	-5.317511	-22.842551
0.021398	-2.438359	7.534159	-5.322987	-22.924779
0.021358	-2.442415	7.477344	-5.328513	-23.006886
0.021334	-2.446923	7.420361	-5.334090	-23.088873
0.021326	-2.453794	7.363210	-5.339719	-23.170739
0.021332	-2.462900	7.305891	-5.345401	-23.252484
0.021350	-2.472112	7.248406	-5.351139	-23.334108
0.021379	-2.483299	7.190754	-5.356933	-23.415611
0.021418	-2.495332	7.132937	-5.362787	-23.496992
0.021465	-2.508082	7.074955	-5.368703	-23.578252
0.021517	-2.521425	7.016809	-5.374684	-23.659389
0.021575	-2.535238	6.958500	-5.380732	-23.740404
0.021634	-2.549406	6.900027	-5.386851	-23.821296
0.021695	-2.564819	6.841392	-5.393043	-23.902065
0.021753	-2.579373	6.782597	-5.399312	-23.982711
0.021809	-2.593967	6.723641	-5.405661	-24.063233
0.021858	-2.609512	6.664525	-5.412093	-24.143632
0.021899	-2.623920	6.605252	-5.418612	-24.223908
0.021929	-2.638111	6.545821	-5.425220	-24.304059
0.021946	-2.652011	6.486234	-5.431920	-24.384088
0.021947	-2.666550	6.426493	-5.438716	-24.463993
0.021929	-2.679662	6.366598	-5.445609	-24.543774
0.021890	-2.692284	6.306553	-5.452603	-24.623434
0.021826	-2.703379	6.246357	-5.459700	-24.702970
0.021739	-2.715014	6.186013	-5.466900	-24.782386
0.021627	-2.726277	6.125523	-5.474207	-24.861680
0.021491	-2.736256	6.064889	-5.481622	-24.940854
0.021331	-2.747036	6.004113	-5.489146	-25.019909
0.021147	-2.756706	5.943198	-5.496779	-25.098846
0.020940	-2.766355	5.882145	-5.504523	-25.177666
0.020710	-2.776074	5.820958	-5.512379	-25.256371
0.020458	-2.784958	5.759639	-5.520346	-25.334961
0.020184	-2.795108	5.698191	-5.528425	-25.413440
0.019888	-2.805629	5.636616	-5.536616	-25.491807
0.019572	-2.815635	5.574918	-5.544919	-25.570066
0.019235	-2.826249	5.513100	-5.553335	-25.648218
0.018879	-2.837607	5.451166	-5.561861	-25.726265
0.018505	-2.849853	5.389118	-5.570499	-25.804211
0.018113	-2.863153	5.326961	-5.579248	-25.882056
0.017705	-2.876684	5.264698	-5.588107	-25.959805
0.017282	-2.892651	5.202332	-5.597075	-26.037459
0.016846	-2.909276	5.139869	-5.606153	-26.115021
0.016399	-2.927814	5.077312	-5.615340	-26.192495
0.015942	-2.948505	5.014666	-5.624634	-26.269884
0.015484	-2.970435	4.951935	-5.634036	-26.347192
0.015030	-2.995622	4.889124	-5.643544	-26.424421
0.014588	-3.022041	4.826237	-5.653159	-26.501575
0.014164	-3.051608	4.763278	-5.662879	-26.578658
0.013765	-3.082162	4.700254	-5.672705	-26.655673
0.013398	-3.114447	4.637168	-5.682636	-26.732625
0.013068	3.135083	4.574025	-5.692672	-26.809516
0.012780	3.100538	4.510830	-5.702813	-26.886350
0.012538	3.065698	4.447586	-5.713060	-26.963131
0.012346	3.031262	4.384298	-5.723412	-27.039860
0.012207	2.997010	4.320969	-5.733871	-27.116542
0.012121	2.965769	4.257602	-5.744436	-27.193178
0.012089	2.937371	4.194202	-5.755110	-27.269770
0.012112	2.911611	4.130770	-5.765892	-27.346322
0.012189	2.891203	4.067309	-5.776785	-27.422834
0.012320	2.874748	4.003821	-5.787791	-27.499307
0.012506	2.863710	3.940306	-5.798910	-27.575741
0.012747	2.858401	3.876766	-5.810146	-27.652138
0.013046	2.857970	3.813201	-5.821501	-27.728496
0.013403	2.863255	3.749610	-5.832978	-27.804814
0.013816	2.873380	3.685993	-5.844579	-27.881091
0.014278	2.887321	3.622347	-5.856308	-27.957325
0.014787	2.904113	3.558669	-5.868169	-28.033513
0.015337	2.921887	3.494959	-5.880165	-28.109651
0.015924	2.940879	3.431211	-5.892300	-28.185737
0.016541	2.960447	3.367424	-5.904579	-28.261766
0.017183	2.981059	3.303592	-5.917005	-28.337733
0.017843	2.999288	3.239712	-5.929582	-28.413636
0.018515	3.017803	3.175781	-5.942315	-28.489469
0.019189	3.035347	3.111793	-5.955208	-28.565227
0.019859	3.051731	3.047745	-5.968265	-28.640906
0.020515	3.066815	2.983632	-5.981491	-28.716502
0.021150	3.080499	2.919451	-5.994888	-28.792009
0.021754	3.092707	2.855197	-6.008461	-28.867423
0.022318	3.104382	2.790868	-6.022213	-28.942739
0.022834	3.113475	2.726459	-6.036147	-29.017955
0.023293	3.120938	2.661968	-6.050267	-29.093065
0.023684	3.127716	2.597393	-6.064574	-29.168067
0.024001	3.132740	2.532730	-6.079072	-29.242957
0.024234	3.135978	2.467979	-6.093762	-29.317734
0.024387	3.137593	2.403139	-6.108644	-29.392395
0.024461	3.137764	2.338209	-6.123721	-29.466938
0.024461	3.137638	2.273189	-6.138993	-29.541364
0.024390	3.136341	2.208079	-6.154459	-29.615671
0.024253	3.133976	2.142881	-6.170119	-29.689860
0.024051	3.129634	2.077596	-6.185972	-29.763931
0.023791	3.125395	2.012225	-6.202017	-29.837885
0.023474	3.121331	1.946771	-6.218252	-29.911724
0.023105	3.115508	1.881235	-6.234676	-29.985448
0.022688	3.108992	1.815621	-6.251286	-30.059061
0.022227	3.101847	1.749930	-6.268080	-30.132564
0.021724	3.094141	1.684166	-6.285054	-30.205961
0.021184	3.086946	1.618333	-6.302206	-30.279253
0.020610	3.078342	1.552432	-6.319531	-30.352444
0.020005	3.069421	1.486468	-6.337027	-30.425537
0.019372	3.060288	1.420443	-6.354688	-30.498536
0.018716	3.052067	1.354362	-6.372510	-30.571444
0.018038	3.042907	1.288226	-6.390489	-30.644265
0.017341	3.033986	1.222041	-6.408620	-30.717003
0.016629	3.024474	1.155808	-6.426897	-30.789661
0.015903	3.016375	1.089532	-6.445316	-30.862243
0.015166	3.008651	1.023214	-6.463871	-30.934753
0.014420	3.001264	0.956859	-6.482555	-31.007195
0.013668	2.993175	0.890468	-6.501364	-31.079572
0.012912	2.986345	0.824045	-6.520291	-31.151889
0.012155	2.978731	0.757591	-6.539330	-31.224149
0.011399	2.972285	0.691111	-6.558474	-31.296356
0.010647	2.964954	0.624605	-6.577718	-31.368513
0.009901	2.957679	0.558076	-6.597055	-31.440624
0.009165	2.951385	0.491527	-6.616480	-31.512692
0.008440	2.943985	0.424958	-6.635985	-31.584722
0.007730	2.937366	0.358374	-6.655565	-31.656715
0.007037	2.929387	0.291774	-6.675213	-31.728677
0.006363	2.921863	0.225161	-6.694924	-31.800609
0.005713	2.912546	0.158537	-6.714691	-31.872515
0.005088	2.903102	0.091903	-6.734510	-31.944397
0.004491	2.892072	0.025261	-6.754375	-32.016260
0.003925	2.877807	-0.041389	-6.774281	-32.088104
0.003393	2.861386	-0.108044	-6.794222	-32.159933
0.002898	2.840492	-0.174704	-6.814194	-32.231749
0.002439	2.813217	-0.241368	-6.834193	-32.303555
0.002017	2.777537	-0.308033	-6.854215	-32.375352
0.001631	2.726361	-0.374701	-6.874255	-32.447142
0.001283	2.651590	-0.441368	-6.894311	-32.518928
0.000976	2.535947	-0.508036	-6.914380	-32.590710
0.000718	2.346517	-0.574702	-6.934458	-32.662491
0.000530	2.023342	-0.641367	-6.954543	-32.734271
0.000446	1.545326	-0.708029	-6.974633	-32.806052
0.000479	1.074751	-0.774689	-6.994725	-32.877835
0.000581	0.765401	-0.841344	-7.014818	-32.949622
0.000703	0.588120	-0.907996	-7.034910	-33.021412
0.000821	0.484256	-0.974643	-7.055000	-33.093208
0.000928	0.422483	-1.041285	-7.075086	-33.165009
0.001019	0.387495	-1.107922	-7.095168	-33.236816
0.001093	0.368869	-1.174553	-7.115245	-33.308630
0.001151	0.363104	-1.241178	-7.135316	-33.380451
0.001194	0.367782	-1.307797	-7.155382	-33.452279
0.001222	0.381698	-1.374409	-7.175441	-33.524115
0.001236	0.404409	-1.441014	-7.195493	-33.595960
0.001239	0.435901	-1.507613	-7.215540	-33.667812
0.001232	0.475158	-1.574204	-7.235581	-33.739673
0.001217	0.524352	-1.640788	-7.255617	-33.811542
0.001195	0.581834	-1.707364	-7.275648	-33.883420
0.001171	0.650014	-1.773932	-7.295675	-33.955306
0.001145	0.727219	-1.840493	-7.315699	-34.027199
0.001120	0.815500	-1.907046	-7.335721	-34.099101
0.001099	0.912427	-1.973590	-7.355741	-34.171011
0.001085	1.017875	-2.040127	-7.375762	-34.242928
0.001080	1.130919	-2.106656	-7.395783	-34.314852
0.001085	1.246901	-2.173176	-7.415807	-34.386783
0.001101	1.363731	-2.239689	-7.435834	-34.458721
0.001129	1.479341	-2.306193	-7.455865	-34.530664
0.001167	1.589135	-2.372690	-7.475902	-34.602613
0.001213	1.693291	-2.439179	-7.495947	-34.674568
0.001267	1.788834	-2.505660	-7.515999	-34.746527
0.001325	1.877531	-2.572134	-7.536061	-34.818490
0.001386	1.958698	-2.638601	-7.556134	-34.890457
0.001448	2.033001	-2.705061	-7.576218	-34.962427
0.001507	2.101299	-2.771515	-7.596315	-35.034400
0.001563	2.164536	-2.837962	-7.616426	-35.106374
0.001616	2.223602	-2.904404	-7.636551	-35.178350
0.001665	2.280181	-2.970840	-7.656691	-35.250327
0.001710	2.332773	-3.037272	-7.676847	-35.322303
0.001752	2.383734	-3.103699	-7.697020	-35.394279
0.001791	2.432311	-3.170122	-7.717209	-35.466253
0.001827	2.477661	-3.236542	-7.737417	-35.538226
0.001860	2.521873	-3.302959	-7.757642	-35.610196
0.001890	2.563979	-3.369374	-7.777885	-35.682163
0.001918	2.603967	-3.435787	-7.798147	-35.754127
0.001944	2.641786	-3.502200	-7.818427	-35.826086
0.001967	2.677357	-3.568611	-7.838727	-35.898041
0.001987	2.710574	-3.635023	-7.859045	-35.969990
0.002005	2.741307	-3.701435	-7.879382	-36.041933
0.002020	2.769406	-3.767847	-7.899739	-36.113871
0.002032	2.794698	-3.834261	-7.920114	-36.185801
0.002042	2.816991	-3.900677	-7.940508	-36.257725
0.002048	2.836064	-3.967095	-7.960922	-36.329642
0.002051	2.851671	-4.033515	-7.981354	-36.401551
0.002051	2.863536	-4.099938	-8.001805	-36.473452
0.002048	2.870479	-4.166363	-8.022275	-36.545345
0.002041	2.874828	-4.232792	-8.042764	-36.617231
0.002030	2.875015	-4.299223	-8.063271	-36.689108
0.002015	2.873445	-4.365657	-8.083796	-36.760978
0.001996	2.868495	-4.432094	-8.104340	-36.832839
0.001972	2.861527	-4.498533	-8.124902	-36.904693
0.001944	2.853887	-4.564975	-8.145482	-36.976540
0.001912	2.843912	-4.631420	-8.166080	-37.048379
0.001874	2.832938	-4.697867	-8.186696	-37.120211
0.001831	2.822304	-4.764316	-8.207329	-37.192036
0.001784	2.810362	-4.830767	-8.227979	-37.263855
0.001730	2.799489	-4.897219	-8.248645	-37.335667
0.001671	2.788096	-4.963673	-8.269328	-37.407473
0.001605	2.778657	-5.030128	-8.290026	-37.479273
0.001533	2.769732	-5.096584	-8.310740	-37.551068
0.001454	2.764021	-5.163042	-8.331467	-37.622858
0.001367	2.761438	-5.229500	-8.352209	-37.694644
0.001272	2.763238	-5.295959	-8.372963	-37.766425
0.001169	2.771243	-5.362418	-8.393730	-37.838201
0.001058	2.788249	-5.428878	-8.414507	-37.909974
0.000938	2.819496	-5.495340	-8.435295	-37.981744
0.000813	2.868840	-5.561802	-8.456091	-38.053509
0.000685	2.948399	-5.628265	-8.476894	-38.125272
0.000560	3.074930	-5.694729	-8.497704	-38.197032
0.000448	-2.998843	-5.761195	-8.518518	-38.268789
0.000368	-2.662168	-5.827663	-8.539335	-38.340543
0.000349	-2.212718	-5.894133	-8.560154	-38.412295
0.000402	-1.800425	-5.960606	-8.580972	-38.484045
0.000506	-1.521994	-6.027082	-8.601789	-38.555792
0.000634	-1.350002	-6.093560	-8.622603	-38.627537
0.000773	-1.241165	-6.160043	-8.643413	-38.699280
0.000914	-1.168930	-6.226530	-8.664216	-38.771021
0.001054	-1.118880	-6.293021	-8.685011	-38.842760
0.001190	-1.083039	-6.359517	-8.705797	-38.914497
0.001318	-1.056791	-6.426018	-8.726573	-38.986233
0.001438	-1.038335	-6.492525	-8.747336	-39.057966
0.001547	-1.023915	-6.559038	-8.768087	-39.129698
0.001644	-1.014399	-6.625557	-8.788824	-39.201429
0.001727	-1.007056	-6.692082	-8.809546	-39.273157
0.001795	-1.003426	-6.758615	-8.830251	-39.344884
0.001846	-1.002197	-6.825154	-8.850941	-39.416609
0.001881	-1.003007	-6.891700	-8.871613	-39.488333
0.001901	-1.005574	-6.958254	-8.892269	-39.560054
0.001908	-1.010708	-7.024815	-8.912907	-39.631774
0.001901	-1.016282	-7.091384	-8.933527	-39.703492
0.001882	-1.024215	-7.157960	-8.954130	-39.775207
0.001853	-1.032460	-7.224544	-8.974716	-39.846921
0.001813	-1.042993	-7.291135	-8.995285	-39.918633
0.001765	-1.054810	-7.357734	-9.015838	-39.990342
0.001708	-1.066919	-7.424340	-9.036375	-40.062049
0.001644	-1.081336	-7.490954	-9.056897	-40.133753
0.001575	-1.097082	-7.557574	-9.077404	-40.205455
0.001500	-1.113171	-7.624202	-9.097898	-40.277154
0.001421	-1.131606	-7.690837	-9.118378	-40.348851
0.001339	-1.150369	-7.757478	-9.138846	-40.420545
0.001254	-1.171401	-7.824125	-9.159302	-40.492237
0.001168	-1.192580	-7.890779	-9.179748	-40.563926
0.001081	-1.215693	-7.957438	-9.200184	-40.635612
0.000994	-1.238381	-8.024103	-9.220611	-40.707295
0.000907	-1.261070	-8.090774	-9.241030	-40.778976
0.000821	-1.283169	-8.157449	-9.261442	-40.850655
0.000736	-1.304170	-8.224128	-9.281848	-40.922331
0.000650	-1.327329	-8.290812	-9.302247	-40.994005
0.000562	-1.352839	-8.357499	-9.322642	-41.065677
0.000471	-1.386771	-8.424190	-9.343033	-41.137347
0.000379	-1.435558	-8.490884	-9.363420	-41.209016
0.000283	-1.520836	-8.557579	-9.383805	-41.280683
0.000187	-1.707442	-8.624277	-9.404188	-41.352348
0.000108	-2.262620	-8.690976	-9.424570	-41.424013
0.000120	2.933441	-8.757676	-9.444952	-41.495677
0.000220	2.460582	-8.824376	-9.465335	-41.567341
0.000348	2.301215	-8.891075	-9.485720	-41.639004
0.000490	2.232471	-8.957774	-9.506108	-41.710668
0.000645	2.199417	-9.024471	-9.526501	-41.782331
0.000813	2.183889	-9.091166	-9.546901	-41.853995
0.000995	2.178255	-9.157858	-9.567308	-41.925659
0.001190	2.178740	-9.224546	-9.587724	-41.997324
0.001401	2.182242	-9.291230	-9.608151	-42.068990
0.001628	2.189490	-9.357909	-9.628591	-42.140657
0.001873	2.197654	-9.424582	-9.649046	-42.212325
0.002136	2.208096	-9.491249	-9.669519	-42.283994
0.002414	2.218118	-9.557909	-9.690012	-42.355664
0.002704	2.228251	-9.624560	-9.710528	-42.427335
0.003004	2.238233	-9.691202	-9.731069	-42.499007
0.003311	2.247925	-9.757835	-9.751638	-42.570680
0.003622	2.256265	-9.824457	-9.772239	-42.642353
0.003933	2.265233	-9.891068	-9.792875	-42.714027
0.004242	2.272839	-9.957667	-9.813548	-42.785702
0.004546	2.281103	-10.024254	-9.834261	-42.857377
0.004841	2.288058	-10.090827	-9.855018	-42.929051
0.005125	2.294737	-10.157385	-9.875821	-43.000725
0.005394	2.301178	-10.223930	-9.896673	-43.072399
0.005646	2.307420	-10.290459	-9.917577	-43.144071
0.005877	2.313499	-10.356972	-9.938535	-43.215742
0.006085	2.319457	-10.423469	-9.959550	-43.287412
0.006266	2.325335	-10.489950	-9.980623	-43.359080
0.006418	2.331175	-10.556414	-10.001757	-43.430745
0.006537	2.337026	-10.622861	-10.022952	-43.502408
0.006621	2.343938	-10.689292	-10.044211	-43.574067
0.006666	2.349974	-10.755705	-10.065533	-43.645724
0.006670	2.356198	-10.822102	-10.086920	-43.717377
0.006636	2.362669	-10.888482	-10.108371	-43.789025
0.006565	2.369442	-10.954846	-10.129887	-43.860670
0.006461	2.376574	-11.021195	-10.151466	-43.932309
0.006327	2.385125	-11.087528	-10.173108	-44.003944
0.006165	2.393163	-11.153847	-10.194811	-44.075574
0.005977	2.401763	-11.220152	-10.216574	-44.147198
0.005768	2.412008	-11.286444	-10.238395	-44.218817
0.005539	2.422995	-11.352724	-10.260273	-44.290429
0.005294	2.433834	-11.418993	-10.282204	-44.362036
0.005035	2.446652	-11.485251	-10.304186	-44.433636
0.004764	2.460596	-11.551500	-10.326218	-44.505230
0.004486	2.475838	-11.617741	-10.348296	-44.576818
0.004202	2.493574	-11.683974	-10.370418	-44.648398
0.003915	2.512033	-11.750201	-10.392581	-44.719972
0.003629	2.533473	-11.816422	-10.414782	-44.791540
0.003346	2.556186	-11.882639	-10.437018	-44.863100
0.003069	2.582488	-11.948853	-10.459287	-44.934654
0.002800	2.611704	-12.015063	-10.481586	-45.006201
0.002543	2.645139	-12.081272	-10.503912	-45.077741
0.002299	2.681077	-12.147479	-10.526262	-45.149274
0.002069	2.722002	-12.213687	-10.548635	-45.220801
0.001853	2.767572	-12.279894	-10.571027	-45.292322
0.001649	2.818638	-12.346103	-10.593436	-45.363836
0.001458	2.876323	-12.412313	-10.615861	-45.435344
0.001279	2.943165	-12.478525	-10.638299	-45.506846
0.001113	3.019331	-12.544739	-10.660748	-45.578342
0.000958	3.109982	-12.610956	-10.683207	-45.649834
0.000815	-3.064317	-12.677175	-10.705673	-45.721320
0.000685	-2.929897	-12.743398	-10.728145	-45.792801
0.000570	-2.758777	-12.809624	-10.750621	-45.864278
0.000474	-2.535139	-12.875852	-10.773101	-45.935752
0.000403	-2.242758	-12.942084	-10.795582	-46.007222
0.000367	-1.884057	-13.008319	-10.818063	-46.078689
0.000372	-1.504779	-13.074557	-10.840542	-46.150154
0.000414	-1.168552	-13.140797	-10.863020	-46.221618
0.000484	-0.901945	-13.207039	-10.885494	-46.293081
0.000572	-0.696208	-13.273283	-10.907963	-46.364543
0.000672	-0.534268	-13.339528	-10.930427	-46.436007
0.000783	-0.403447	-13.405773	-10.952884	-46.507472
0.000901	-0.293086	-13.472018	-10.975334	-46.578940
0.001027	-0.201157	-13.538262	-10.997776	-46.650411
0.001160	-0.124091	-13.604504	-11.020209	-46.721886
0.001299	-0.059867	-13.670744	-11.042631	-46.793368
0.001442	-0.006858	-13.736980	-11.065044	-46.864856
0.001588	0.036250	-13.803211	-11.087445	-46.936351
0.001735	0.070506	-13.869437	-11.109833	-47.007856
0.001883	0.096738	-13.935657	-11.132210	-47.079370
0.002029	0.115585	-14.001869	-11.154572	-47.150895
0.002174	0.127519	-14.068074	-11.176921	-47.222432
0.002315	0.133875	-14.134269	-11.199254	-47.293982
0.002453	0.132866	-14.200456	-11.221571	-47.365546
0.002586	0.125604	-14.266632	-11.243871	-47.437124
0.002716	0.113120	-14.332798	-11.266153	-47.508718
0.002842	0.093382	-14.398953	-11.288415	-47.580327
0.002965	0.068324	-14.465097	-11.310658	-47.651953
0.003087	0.037873	-14.531230	-11.332878	-47.723596
0.003210	-0.000011	-14.597353	-11.355075	-47.795256
0.003338	-0.043285	-14.663465	-11.377247	-47.866933
0.003473	-0.092777	-14.729568	-11.399392	-47.938627
0.003621	-0.146893	-14.795661	-11.421508	-48.010338
0.003786	-0.204972	-14.861747	-11.443593	-48.082067
0.003973	-0.265138	-14.927826	-11.465645	-48.153811
0.004185	-0.324630	-14.993900	-11.487661	-48.225572
0.004424	-0.382898	-15.059970	-11.509638	-48.297348
0.004691	-0.438672	-15.126038	-11.531573	-48.369139
0.004986	-0.491002	-15.192106	-11.553463	-48.440944
0.005307	-0.538254	-15.258175	-11.575306	-48.512761
0.005654	-0.581073	-15.324248	-11.597097	-48.584591
0.006024	-0.619330	-15.390327	-11.618833	-48.656432
0.006414	-0.653066	-15.456413	-11.640510	-48.728284
0.006822	-0.681436	-15.522510	-11.662124	-48.800146
0.007245	-0.706665	-15.588618	-11.683672	-48.872017
0.007680	-0.727014	-15.654740	-11.705149	-48.943896
0.008123	-0.744756	-15.720878	-11.726552	-49.015783
0.008572	-0.758158	-15.787034	-11.747875	-49.087677
0.009025	-0.769472	-15.853209	-11.769115	-49.159578
0.009477	-0.776929	-15.919405	-11.790268	-49.231486
0.009928	-0.782734	-15.985624	-11.811329	-49.303399
0.010373	-0.786066	-16.051867	-11.832294	-49.375318
0.010811	-0.787120	-16.118135	-11.853158	-49.447243
0.011241	-0.786208	-16.184430	-11.873918	-49.519174
0.011664	-0.783624	-16.250752	-11.894569	-49.591111
0.012079	-0.780614	-16.317102	-11.915107	-49.663055
0.012487	-0.775385	-16.383481	-11.935528	-49.735005
0.012888	-0.770113	-16.449889	-11.955827	-49.806963
0.013282	-0.762949	-16.516327	-11.976002	-49.878929
0.013671	-0.756024	-16.582794	-11.996047	-49.950904
0.014053	-0.747450	-16.649290	-12.015959	-50.022888
0.014431	-0.738329	-16.715816	-12.035734	-50.094883
0.014803	-0.729748	-16.782371	-12.055368	-50.166890
0.015172	-0.719786	-16.848955	-12.074857	-50.238909
0.015537	-0.709514	-16.915568	-12.094199	-50.310942
0.015898	-0.698997	-16.982208	-12.113388	-50.382990
0.016256	-0.687292	-17.048875	-12.132421	-50.455054
0.016613	-0.675452	-17.115568	-12.151294	-50.527136
0.016967	-0.663527	-17.182286	-12.170005	-50.599238
0.017320	-0.650560	-17.249028	-12.188549	-50.671361
0.017672	-0.637593	-17.315792	-12.206923	-50.743506
0.018024	-0.623664	-17.382577	-12.225123	-50.815676
0.000000	0.000000	-17.382577	-12.225123	-50.815676
