0.050761	-0.856750	0.000000	0.000000	0.000000
0.046420	-0.816062	0.099999	0.000332	-0.000384
0.042167	-0.768297	0.199994	0.000983	-0.001105
0.038033	-0.711795	0.299984	0.001937	-0.002120
0.034057	-0.644367	0.399969	0.003178	-0.003383
0.030285	-0.563149	0.499946	0.004692	-0.004851
0.026773	-0.465482	0.599917	0.006462	-0.006480
0.023592	-0.344942	0.699882	0.008471	-0.008230
0.020831	-0.198883	0.799840	0.010702	-0.010059
0.018592	-0.023036	0.899793	0.013137	-0.011929
0.016980	0.181432	0.999741	0.015758	-0.013803
0.016066	0.405664	1.099685	0.018546	-0.015647
0.015842	0.633619	1.199626	0.021481	-0.017427
0.016209	0.848533	1.299565	0.024544	-0.019114
0.017004	1.039118	1.399503	0.027715	-0.020679
0.018056	1.204205	1.499440	0.030971	-0.022097
0.019221	1.347867	1.599377	0.034292	-0.023347
0.020389	1.473143	1.699315	0.037656	-0.024409
0.021483	1.586202	1.799254	0.041039	-0.025268
0.022455	1.691668	1.899194	0.044419	-0.025913
0.023280	1.793554	1.999137	0.047772	-0.026334
0.023956	1.895189	2.099083	0.051073	-0.026529
0.024529	1.998607	2.199031	0.054298	-0.026496
0.025058	2.103850	2.298981	0.057422	-0.026241
0.025607	2.213167	2.398935	0.060418	-0.025769
0.026238	2.324041	2.498893	0.063260	-0.025093
0.027009	2.437270	2.598854	0.065923	-0.024226
0.027966	2.549122	2.698818	0.068380	-0.023183
0.029145	2.659602	2.798786	0.070605	-0.021985
0.030563	2.764745	2.898758	0.072571	-0.020651
0.032223	2.863889	2.998733	0.074254	-0.019206
0.034113	2.956839	3.098712	0.075626	-0.017672
0.036211	3.040910	3.198694	0.076663	-0.016075
0.038485	3.116874	3.298678	0.077340	-0.014443
0.040902	-3.098329	3.398664	0.077632	-0.012801
0.043422	-3.036972	3.498651	0.077515	-0.011178
0.046007	-2.983753	3.598637	0.076967	-0.009600
0.048618	-2.937134	3.698621	0.075964	-0.008095
0.051219	-2.896581	3.798600	0.074486	-0.006689
0.053773	-2.860599	3.898572	0.072511	-0.005408
0.056246	-2.830748	3.998535	0.070019	-0.004276
0.058607	-2.805553	4.098485	0.066992	-0.003318
0.060848	-2.783239	4.198418	0.063412	-0.002553
0.062965	-2.765090	4.298330	0.059264	-0.002002
0.064958	-2.749527	4.398217	0.054530	-0.001684
0.066831	-2.736076	4.498075	0.049198	-0.001615
0.068587	-2.723342	4.597898	0.043252	-0.001810
0.070232	-2.712994	4.697681	0.036682	-0.002285
0.071772	-2.703749	4.797418	0.029474	-0.003052
0.073213	-2.694360	4.897103	0.021620	-0.004124
0.074563	-2.686612	4.996730	0.013107	-0.005514
0.075831	-2.679312	5.096294	0.003929	-0.007233
0.077024	-2.671288	5.195786	-0.005924	-0.009290
0.078150	-2.664380	5.295200	-0.016459	-0.011696
0.079218	-2.656443	5.394530	-0.027683	-0.014462
0.080238	-2.649341	5.493767	-0.039601	-0.017598
0.081218	-2.640949	5.592906	-0.052220	-0.021113
0.082168	-2.633149	5.691937	-0.065543	-0.025017
0.083097	-2.623829	5.790854	-0.079575	-0.029321
0.084016	-2.614888	5.889649	-0.094319	-0.034036
0.084936	-2.604229	5.988313	-0.109778	-0.039171
0.085864	-2.592792	6.086839	-0.125954	-0.044740
0.086805	-2.581634	6.185218	-0.142849	-0.050755
0.087758	-2.568834	6.283441	-0.160465	-0.057228
0.088724	-2.555470	6.381500	-0.178802	-0.064174
0.089703	-2.541618	6.479385	-0.197860	-0.071607
0.090695	-2.528348	6.577088	-0.217638	-0.079542
0.091702	-2.513729	6.674599	-0.238136	-0.087995
0.092721	-2.499825	6.771909	-0.259352	-0.096980
0.093753	-2.484701	6.869007	-0.281286	-0.106514
0.094798	-2.470413	6.965883	-0.303934	-0.116614
0.095854	-2.455019	7.062528	-0.327294	-0.127294
0.096920	-2.440570	7.158931	-0.351363	-0.138572
0.097995	-2.426118	7.255081	-0.376138	-0.150465
0.099078	-2.410707	7.350967	-0.401614	-0.162989
0.100166	-2.396383	7.446577	-0.427788	-0.176161
0.101257	-2.383185	7.541902	-0.454654	-0.189998
0.102350	-2.369151	7.636928	-0.482208	-0.204515
0.103441	-2.355317	7.731645	-0.510446	-0.219728
0.104527	-2.342714	7.826039	-0.539360	-0.235654
0.105607	-2.329373	7.920100	-0.568947	-0.252307
0.106677	-2.317314	8.013813	-0.599199	-0.269703
0.107736	-2.305532	8.107166	-0.630111	-0.287856
0.108782	-2.294014	8.200148	-0.661677	-0.306780
0.109815	-2.282749	8.292743	-0.693889	-0.326490
0.110834	-2.271724	8.384939	-0.726742	-0.346997
0.111836	-2.261930	8.476723	-0.760227	-0.368316
0.112823	-2.251354	8.568080	-0.794338	-0.390457
0.113791	-2.240986	8.658998	-0.829068	-0.413434
0.114742	-2.231816	8.749461	-0.864407	-0.437256
0.115672	-2.221833	8.839456	-0.900349	-0.461936
0.116583	-2.213029	8.928968	-0.936885	-0.487484
0.117472	-2.203393	9.017984	-0.974005	-0.513909
0.118340	-2.193917	9.106488	-1.011701	-0.541221
0.119184	-2.184590	9.194467	-1.049964	-0.569430
0.120005	-2.175405	9.281906	-1.088781	-0.598544
0.120801	-2.166353	9.368790	-1.128144	-0.628572
0.121572	-2.157426	9.455105	-1.168041	-0.659523
0.122317	-2.148615	9.540837	-1.208461	-0.691403
0.123036	-2.139912	9.625970	-1.249393	-0.724219
0.123727	-2.130310	9.710491	-1.290824	-0.757978
0.124389	-2.120803	9.794386	-1.332741	-0.792687
0.125023	-2.111395	9.877639	-1.375131	-0.828351
0.125625	-2.102091	9.960238	-1.417980	-0.864977
0.126196	-2.092897	10.042168	-1.461273	-0.902568
0.126733	-2.083818	10.123416	-1.504996	-0.941130
0.127235	-2.073859	10.203968	-1.549135	-0.980667
0.127701	-2.064025	10.283811	-1.593673	-1.021182
0.128129	-2.055319	10.362933	-1.638594	-1.062678
0.128518	-2.044747	10.441319	-1.683882	-1.105158
0.128866	-2.035313	10.518959	-1.729520	-1.148623
0.129172	-2.026021	10.595840	-1.775490	-1.193076
0.129434	-2.015874	10.671951	-1.821775	-1.238516
0.129651	-2.006878	10.747280	-1.868358	-1.284944
0.129820	-1.997035	10.821817	-1.915221	-1.332360
0.129940	-1.987349	10.895550	-1.962344	-1.380761
0.130010	-1.977826	10.968471	-2.009711	-1.430147
0.130028	-1.968468	11.040570	-2.057302	-1.480514
0.129992	-1.958280	11.111837	-2.105098	-1.531860
0.129900	-1.949267	11.182266	-2.153081	-1.584182
0.129751	-1.940432	11.251847	-2.201231	-1.637473
0.129545	-1.930771	11.320574	-2.249531	-1.691730
0.129290	-1.921243	11.388440	-2.297961	-1.746945
0.128999	-1.911800	11.455438	-2.346503	-1.803114
0.128682	-1.902396	11.521565	-2.395136	-1.860228
0.128351	-1.892985	11.586815	-2.443843	-1.918281
0.128017	-1.883523	11.651182	-2.492605	-1.977265
0.127692	-1.873970	11.714664	-2.541402	-2.037172
0.127387	-1.863284	11.777256	-2.590217	-2.097995
0.127115	-1.852427	11.838954	-2.639029	-2.159726
0.126887	-1.842363	11.899756	-2.687818	-2.222358
0.126715	-1.830057	11.959657	-2.736566	-2.285883
0.126612	-1.818478	12.018656	-2.785251	-2.350295
0.126590	-1.806597	12.076749	-2.833853	-2.415587
0.126662	-1.793391	12.133933	-2.882351	-2.481754
0.126840	-1.779839	12.190204	-2.930721	-2.548790
0.127137	-1.765925	12.245559	-2.978942	-2.616691
0.127565	-1.750639	12.299994	-3.026990	-2.685453
0.128139	-1.734976	12.353507	-3.074840	-2.755072
0.128871	-1.718937	12.406092	-3.122466	-2.825546
0.129775	-1.701529	12.457744	-3.169840	-2.896874
0.130858	-1.683793	12.508460	-3.216934	-2.969055
0.132101	-1.665882	12.558233	-3.263717	-3.042089
0.133480	-1.646964	12.607057	-3.310159	-3.115976
0.134968	-1.629194	12.654927	-3.356226	-3.190718
0.136539	-1.610711	12.701835	-3.401886	-3.266315
0.138166	-1.592643	12.747775	-3.447104	-3.342766
0.139821	-1.576099	12.792739	-3.491846	-3.420073
0.141475	-1.559179	12.836720	-3.536079	-3.498234
0.143100	-1.544971	12.879712	-3.579768	-3.577247
0.144667	-1.531554	12.921705	-3.622881	-3.657108
0.146147	-1.520000	12.962691	-3.665389	-3.737813
0.147511	-1.510378	13.002662	-3.707261	-3.819355
0.148729	-1.502754	13.041606	-3.748472	-3.901725
0.149773	-1.498193	13.079516	-3.788998	-3.984915
0.150614	-1.495765	13.116377	-3.828821	-4.068911
0.151225	-1.496545	13.152180	-3.867923	-4.153700
0.151578	-1.499618	13.186910	-3.906295	-4.239266
0.151646	-1.506080	13.220554	-3.943930	-4.325589
0.151404	-1.515044	13.253099	-3.980825	-4.412650
0.150828	-1.526645	13.284529	-4.016986	-4.500425
0.149903	-1.541994	13.314833	-4.052419	-4.588891
0.148657	-1.560030	13.343996	-4.087140	-4.678020
0.147126	-1.580657	13.372006	-4.121170	-4.767783
0.145344	-1.601784	13.398853	-4.154532	-4.858150
0.143350	-1.625323	13.424527	-4.187254	-4.949090
0.141177	-1.650180	13.449023	-4.219365	-5.040571
0.138861	-1.675256	13.472336	-4.250898	-5.132562
0.136435	-1.700436	13.494463	-4.281886	-5.225028
0.133933	-1.726589	13.515406	-4.312364	-5.317940
0.131385	-1.753562	13.535168	-4.342365	-5.411264
0.128820	-1.779176	13.553752	-4.371926	-5.504970
0.126264	-1.805223	13.571166	-4.401078	-5.599028
0.123742	-1.831459	13.587418	-4.429856	-5.693408
0.121275	-1.855607	13.602518	-4.458293	-5.788083
0.118882	-1.879352	13.616477	-4.486417	-5.883026
0.116579	-1.901340	13.629307	-4.514257	-5.978212
0.114379	-1.922179	13.641022	-4.541838	-6.073617
0.112293	-1.939444	13.651635	-4.569185	-6.169217
0.110331	-1.954674	13.661160	-4.596317	-6.264994
0.108500	-1.966381	13.669611	-4.623248	-6.360928
0.106806	-1.974147	13.677003	-4.649993	-6.457001
0.105235	-1.977914	13.683349	-4.676558	-6.553199
0.103776	-1.977739	13.688664	-4.702946	-6.649508
0.102418	-1.973704	13.692961	-4.729158	-6.745916
0.101155	-1.965912	13.696253	-4.755189	-6.842412
0.099981	-1.955488	13.698556	-4.781031	-6.938988
0.098893	-1.941576	13.699881	-4.806674	-7.035635
0.097890	-1.923337	13.700242	-4.832104	-7.132347
0.096969	-1.902952	13.699654	-4.857304	-7.229118
0.096131	-1.879616	13.698130	-4.882255	-7.325943
0.095374	-1.853540	13.695684	-4.906938	-7.422818
0.094697	-1.825947	13.692332	-4.931327	-7.519740
0.094097	-1.795071	13.688089	-4.955400	-7.616707
0.093570	-1.763154	13.682971	-4.979130	-7.713716
0.093112	-1.728443	13.676994	-5.002490	-7.810765
0.092716	-1.693187	13.670176	-5.025452	-7.907854
0.092373	-1.657632	13.662537	-5.047986	-8.004982
0.092073	-1.621022	13.654094	-5.070065	-8.102148
0.091804	-1.584591	13.644870	-5.091659	-8.199352
0.091552	-1.549567	13.634883	-5.112743	-8.296593
0.091302	-1.515138	13.624157	-5.133289	-8.393870
0.091047	-1.482373	13.612711	-5.153273	-8.491182
0.090779	-1.450306	13.600568	-5.172674	-8.588527
0.090491	-1.420970	13.587750	-5.191468	-8.685905
0.090174	-1.393394	13.574276	-5.209639	-8.783313
0.089822	-1.368604	13.560169	-5.227170	-8.880749
0.089427	-1.344623	13.545446	-5.244046	-8.978209
0.088982	-1.323475	13.530128	-5.260255	-9.075690
0.088478	-1.303181	13.514233	-5.275788	-9.173189
0.087908	-1.285763	13.497777	-5.290636	-9.270702
0.087266	-1.270244	13.480779	-5.304792	-9.368225
0.086544	-1.256649	13.463254	-5.318252	-9.465752
0.085735	-1.244006	13.445217	-5.331016	-9.563281
0.084831	-1.233345	13.426682	-5.343081	-9.660804
0.083827	-1.224703	13.407663	-5.354449	-9.758319
0.082716	-1.217123	13.388173	-5.365124	-9.855818
0.081491	-1.210659	13.368224	-5.375111	-9.953298
0.080146	-1.206371	13.347830	-5.384416	-10.050754
0.078676	-1.202337	13.327002	-5.393048	-10.148179
0.077075	-1.200649	13.305751	-5.401018	-10.245569
0.075341	-1.199398	13.284088	-5.408337	-10.342920
0.073481	-1.199614	13.262025	-5.415019	-10.440226
0.071507	-1.201323	13.239572	-5.421080	-10.537484
0.069431	-1.203568	13.216741	-5.426537	-10.634690
0.067264	-1.208407	13.193541	-5.431408	-10.731840
0.065018	-1.213920	13.169984	-5.435713	-10.828930
0.062707	-1.221204	13.146079	-5.439471	-10.925958
0.060344	-1.230378	13.121835	-5.442706	-11.022921
0.057943	-1.241579	13.097262	-5.445440	-11.119816
0.055517	-1.254972	13.072369	-5.447696	-11.216642
0.053082	-1.270740	13.047163	-5.449498	-11.313397
0.050652	-1.288091	13.021654	-5.450872	-11.410078
0.048244	-1.309254	12.995848	-5.451841	-11.506686
0.045874	-1.333476	12.969752	-5.452432	-11.603220
0.043558	-1.360013	12.943374	-5.452670	-11.699678
0.041314	-1.391121	12.916718	-5.452580	-11.796059
0.039160	-1.425036	12.889792	-5.452188	-11.892365
0.037113	-1.463951	12.862599	-5.451518	-11.988595
0.035191	-1.505979	12.835146	-5.450597	-12.084748
0.033412	-1.553110	12.807435	-5.449447	-12.180825
0.031789	-1.603210	12.779471	-5.448093	-12.276826
0.030331	-1.658140	12.751258	-5.446557	-12.372752
0.029042	-1.716645	12.722798	-5.444862	-12.468601
0.027927	-1.777289	12.694094	-5.443028	-12.564375
0.026987	-1.841452	12.665148	-5.441078	-12.660075
0.026220	-1.907336	12.635961	-5.439030	-12.755699
0.025623	-1.974003	12.606536	-5.436903	-12.851248
0.025188	-2.040436	12.576873	-5.434716	-12.946722
0.024904	-2.105608	12.546974	-5.432487	-13.042122
0.024759	-2.168556	12.516839	-5.430231	-13.137446
0.024735	-2.228446	12.486468	-5.427965	-13.232696
0.024817	-2.284609	12.455861	-5.425703	-13.327870
0.024987	-2.336560	12.425019	-5.423459	-13.422968
0.025228	-2.384991	12.393941	-5.421247	-13.517991
0.025523	-2.427747	12.362626	-5.419078	-13.612936
0.025858	-2.466802	12.331075	-5.416964	-13.707805
0.026217	-2.501219	12.299285	-5.414916	-13.802595
0.026589	-2.530127	12.267258	-5.412943	-13.897307
0.026963	-2.555687	12.234990	-5.411053	-13.991940
0.027330	-2.578082	12.202482	-5.409254	-14.086491
0.027680	-2.595528	12.169733	-5.407554	-14.180961
0.028011	-2.609379	12.136740	-5.405958	-14.275348
0.028319	-2.620993	12.103504	-5.404470	-14.369652
0.028602	-2.628702	12.070022	-5.403096	-14.463870
0.028860	-2.634807	12.036294	-5.401837	-14.558002
0.029093	-2.638583	12.002317	-5.400698	-14.652046
0.029301	-2.639286	11.968092	-5.399679	-14.746001
0.029486	-2.639153	11.933615	-5.398782	-14.839866
0.029648	-2.636404	11.898887	-5.398008	-14.933639
0.029790	-2.633249	11.863906	-5.397356	-15.027318
0.029914	-2.627888	11.828669	-5.396827	-15.120903
0.030019	-2.621514	11.793177	-5.396419	-15.214392
0.030109	-2.614314	11.757428	-5.396131	-15.307783
0.030185	-2.606471	11.721420	-5.395962	-15.401075
0.030248	-2.598165	11.685152	-5.395908	-15.494267
0.030299	-2.588576	11.648624	-5.395970	-15.587356
0.030340	-2.579882	11.611834	-5.396143	-15.680343
0.030372	-2.569260	11.574781	-5.396426	-15.773224
0.030394	-2.559888	11.537464	-5.396816	-15.866000
0.030408	-2.549945	11.499882	-5.397309	-15.958668
0.030414	-2.540580	11.462036	-5.397905	-16.051228
0.030412	-2.530822	11.423923	-5.398598	-16.143677
0.030403	-2.522672	11.385544	-5.399388	-16.236016
0.030386	-2.514133	11.346898	-5.400271	-16.328242
0.030363	-2.505207	11.307985	-5.401245	-16.420356
0.030334	-2.497900	11.268805	-5.402307	-16.512355
0.030299	-2.490217	11.229358	-5.403455	-16.604238
0.030259	-2.483164	11.189645	-5.404687	-16.696006
0.030214	-2.476751	11.149664	-5.406000	-16.787657
0.030164	-2.470985	11.109416	-5.407393	-16.879189
0.030112	-2.466876	11.068903	-5.408864	-16.970603
0.030056	-2.462434	11.028124	-5.410411	-17.061897
0.029998	-2.458670	10.987079	-5.412032	-17.153072
0.029939	-2.455594	10.945770	-5.413728	-17.244125
0.029879	-2.454218	10.904198	-5.415496	-17.335057
0.029819	-2.452553	10.862362	-5.417336	-17.425866
0.029760	-2.452610	10.820264	-5.419247	-17.516553
0.029702	-2.453400	10.777905	-5.421230	-17.607117
0.029648	-2.455933	10.735285	-5.423284	-17.697557
0.029597	-2.459219	10.692407	-5.425409	-17.787872
0.029551	-2.463253	10.649269	-5.427608	-17.878063
0.029509	-2.467970	10.605875	-5.429880	-17.968128
0.029471	-2.474294	10.562224	-5.432227	-18.058067
0.029436	-2.481147	10.518318	-5.434651	-18.147881
0.029404	-2.488452	10.474159	-5.437153	-18.237567
0.029374	-2.497131	10.429746	-5.439736	-18.327127
0.029345	-2.506108	10.385083	-5.442401	-18.416558
0.029317	-2.515307	10.340169	-5.445152	-18.505862
0.029288	-2.524651	10.295007	-5.447990	-18.595038
0.029257	-2.535068	10.249597	-5.450918	-18.684085
0.029225	-2.544484	10.203942	-5.453939	-18.773004
0.029188	-2.554827	10.158043	-5.457056	-18.861793
0.029147	-2.565025	10.111901	-5.460271	-18.950453
0.029100	-2.574009	10.065518	-5.463586	-19.038983
0.029046	-2.583710	10.018895	-5.467004	-19.127384
0.028983	-2.593059	9.972036	-5.470528	-19.215655
0.028909	-2.601987	9.924940	-5.474160	-19.303796
0.028824	-2.610427	9.877611	-5.477901	-19.391807
0.028726	-2.618309	9.830050	-5.481754	-19.479688
0.028612	-2.625565	9.782259	-5.485720	-19.567440
0.028483	-2.632138	9.734241	-5.489800	-19.655061
0.028338	-2.638037	9.685996	-5.493997	-19.742554
0.028179	-2.642280	9.637528	-5.498310	-19.829916
0.028006	-2.646887	9.588839	-5.502741	-19.917150
0.027822	-2.649874	9.539931	-5.507289	-20.004255
0.027627	-2.653254	9.490805	-5.511955	-20.091232
0.027422	-2.655041	9.441465	-5.516738	-20.178080
0.027209	-2.657245	9.391913	-5.521638	-20.264801
0.026989	-2.657877	9.342149	-5.526655	-20.351395
0.026763	-2.657946	9.292178	-5.531788	-20.437862
0.026533	-2.657463	9.242001	-5.537035	-20.524203
0.026301	-2.656434	9.191619	-5.542397	-20.610417
0.026067	-2.654870	9.141036	-5.547870	-20.696507
0.025833	-2.652781	9.090252	-5.553455	-20.782471
0.025601	-2.649175	9.039271	-5.559149	-20.868311
0.025372	-2.646065	8.988093	-5.564951	-20.954026
0.025148	-2.641464	8.936721	-5.570859	-21.039618
0.024929	-2.637385	8.885155	-5.576870	-21.125087
0.024718	-2.631846	8.833398	-5.582984	-21.210432
0.024516	-2.625866	8.781452	-5.589197	-21.295655
0.024325	-2.619475	8.729317	-5.595508	-21.380756
0.024144	-2.612742	8.676994	-5.601915	-21.465734
0.023974	-2.605748	8.624485	-5.608415	-21.550590
0.023814	-2.598577	8.571791	-5.615006	-21.635324
0.023665	-2.591315	8.518912	-5.621685	-21.719937
0.023526	-2.584052	8.465850	-5.628451	-21.804427
0.023396	-2.575877	8.412605	-5.635302	-21.888796
0.023277	-2.568883	8.359179	-5.642235	-21.973042
0.023167	-2.562165	8.305571	-5.649248	-22.057167
0.023066	-2.555815	8.251782	-5.656339	-22.141170
0.022974	-2.549930	8.197813	-5.663507	-22.225051
0.022890	-2.544605	8.143664	-5.670749	-22.308810
0.022814	-2.539935	8.089337	-5.678066	-22.392446
0.022745	-2.536015	8.034831	-5.685454	-22.475959
0.022684	-2.533940	7.980147	-5.692913	-22.559350
0.022628	-2.531804	7.925287	-5.700443	-22.642619
0.022580	-2.531699	7.870249	-5.708043	-22.725764
0.022537	-2.532718	7.815035	-5.715712	-22.808786
0.022500	-2.534951	7.759646	-5.723450	-22.891684
0.022468	-2.539490	7.704083	-5.731259	-22.974460
0.022443	-2.544389	7.648346	-5.739138	-23.057111
0.022422	-2.551569	7.592435	-5.747089	-23.139639
0.022406	-2.560917	7.536353	-5.755113	-23.222043
0.022394	-2.570317	7.480100	-5.763211	-23.304323
0.022385	-2.581655	7.423677	-5.771387	-23.386479
0.022379	-2.593817	7.367085	-5.779642	-23.468510
0.022375	-2.606690	7.310326	-5.787978	-23.550418
0.022372	-2.620161	7.253400	-5.796399	-23.632202
0.022370	-2.634120	7.196310	-5.804906	-23.713862
0.022367	-2.648459	7.139056	-5.813503	-23.795398
0.022363	-2.664072	7.081641	-5.822193	-23.876811
0.022356	-2.678857	7.024066	-5.830978	-23.958100
0.022345	-2.693713	6.966332	-5.839862	-24.039265
0.022328	-2.709544	6.908442	-5.848847	-24.120309
0.022305	-2.724255	6.850397	-5.857937	-24.201229
0.022274	-2.738757	6.792199	-5.867134	-24.282028
0.022232	-2.752960	6.733849	-5.876441	-24.362705
0.022179	-2.767778	6.675351	-5.885860	-24.443261
0.022111	-2.781128	6.616707	-5.895393	-24.523696
0.022028	-2.793925	6.557917	-5.905044	-24.604012
0.021927	-2.805118	6.498985	-5.914813	-24.684209
0.021809	-2.816778	6.439913	-5.924702	-24.764289
0.021672	-2.828005	6.380702	-5.934713	-24.844251
0.021518	-2.837900	6.321356	-5.944847	-24.924096
0.021346	-2.848564	6.261877	-5.955104	-25.003827
0.021158	-2.858100	6.202266	-5.965485	-25.083444
0.020952	-2.867613	6.142527	-5.975992	-25.162948
0.020730	-2.877210	6.082663	-5.986623	-25.242341
0.020492	-2.886005	6.022675	-5.997380	-25.321624
0.020239	-2.896113	5.962567	-6.008263	-25.400798
0.019972	-2.906659	5.902341	-6.019270	-25.479865
0.019690	-2.916773	5.842000	-6.030403	-25.558828
0.019396	-2.927594	5.781548	-6.041661	-25.637687
0.019090	-2.939271	5.720987	-6.053043	-25.716445
0.018773	-2.951963	5.660321	-6.064550	-25.795104
0.018446	-2.965842	5.599552	-6.076181	-25.873665
0.018111	-2.980093	5.538685	-6.087936	-25.952132
0.017769	-2.996914	5.477722	-6.099813	-26.030506
0.017423	-3.014518	5.416668	-6.111814	-26.108790
0.017075	-3.034132	5.355527	-6.123938	-26.186987
0.016727	-3.055934	5.294302	-6.136184	-26.265100
0.016382	-3.078832	5.232998	-6.148553	-26.343130
0.016046	-3.104647	5.171619	-6.161044	-26.421083
0.015720	-3.131157	5.110169	-6.173658	-26.498959
0.015408	3.123083	5.048652	-6.186395	-26.576764
0.015112	3.094007	4.987074	-6.199254	-26.654498
0.014833	3.064150	4.925437	-6.212237	-26.732167
0.014573	3.033901	4.863748	-6.225343	-26.809773
0.014332	3.003690	4.802009	-6.238572	-26.887319
0.014109	2.973979	4.740225	-6.251924	-26.964807
0.013904	2.945253	4.678400	-6.265400	-27.042241
0.013714	2.917014	4.616537	-6.279000	-27.119624
0.013537	2.891777	4.554640	-6.292722	-27.196957
0.013370	2.869061	4.492712	-6.306569	-27.274244
0.013211	2.848387	4.430756	-6.320537	-27.351486
0.013055	2.832281	4.368774	-6.334628	-27.428685
0.012900	2.819278	4.306769	-6.348841	-27.505842
0.012742	2.810929	4.244741	-6.363174	-27.582960
0.012580	2.807812	4.182692	-6.377627	-27.660039
0.012413	2.809542	4.120624	-6.392198	-27.737079
0.012241	2.817577	4.058535	-6.406885	-27.814080
0.012076	2.831563	3.996426	-6.421687	-27.891044
0.011932	2.850853	3.934296	-6.436601	-27.967969
0.011821	2.874644	3.872143	-6.451625	-28.044853
0.011757	2.900937	3.809965	-6.466757	-28.121697
0.011754	2.929520	3.747761	-6.481996	-28.198498
0.011821	2.958995	3.685527	-6.497339	-28.275255
0.011970	2.988850	3.623262	-6.512787	-28.351965
0.012207	3.014565	3.560963	-6.528338	-28.428626
0.012540	3.037729	3.498626	-6.543992	-28.505236
0.012973	3.056157	3.436248	-6.559753	-28.581791
0.013511	3.068968	3.373827	-6.575621	-28.658288
0.014159	3.075622	3.311359	-6.591600	-28.734724
0.014924	3.075918	3.248842	-6.607695	-28.811095
0.015812	3.069967	3.186274	-6.623913	-28.887398
0.016833	3.059136	3.123651	-6.640260	-28.963630
0.017998	3.041990	3.060973	-6.656747	-29.039785
0.019320	3.020234	2.998237	-6.673384	-29.115860
0.020813	2.995650	2.935442	-6.690185	-29.191850
0.022494	2.968051	2.872589	-6.707165	-29.267752
0.024376	2.938380	2.809676	-6.724341	-29.343561
0.026457	2.907989	2.746705	-6.741733	-29.419273
0.028726	2.877977	2.683677	-6.759361	-29.494882
0.031174	2.850079	2.620595	-6.777251	-29.570383
0.033787	2.823744	2.557460	-6.795427	-29.645773
0.036551	2.799215	2.494276	-6.813916	-29.721046
0.039450	2.775588	2.431046	-6.832746	-29.796195
0.042467	2.754860	2.367775	-6.851946	-29.871216
0.045586	2.736969	2.304468	-6.871548	-29.946102
0.048789	2.719820	2.241129	-6.891582	-30.020847
0.052059	2.704297	2.177764	-6.912080	-30.095444
0.055377	2.690279	2.114380	-6.933075	-30.169887
0.058725	2.677647	2.050982	-6.954599	-30.244166
0.062086	2.667288	1.987579	-6.976685	-30.318276
0.065440	2.657095	1.924176	-6.999366	-30.392206
0.068770	2.647973	1.860783	-7.022673	-30.465949
0.072058	2.639834	1.797406	-7.046639	-30.539495
0.075285	2.633602	1.734055	-7.071296	-30.612835
0.078433	2.627209	1.670738	-7.096672	-30.685959
0.081485	2.621595	1.607465	-7.122798	-30.758855
0.084424	2.615699	1.544243	-7.149701	-30.831514
0.087244	2.611429	1.481085	-7.177409	-30.903924
0.089941	2.607701	1.417998	-7.205947	-30.976075
0.092512	2.604442	1.354994	-7.235338	-31.047954
0.094953	2.600592	1.292082	-7.265605	-31.119549
0.097260	2.598099	1.229272	-7.296769	-31.190850
0.099430	2.594919	1.166576	-7.328849	-31.261844
0.101459	2.593013	1.104004	-7.361862	-31.332519
0.103344	2.590348	1.041567	-7.395824	-31.402862
0.105082	2.587895	0.979276	-7.430750	-31.472861
0.106668	2.586627	0.917141	-7.466653	-31.542506
0.108100	2.584522	0.855175	-7.503543	-31.611783
0.109374	2.583559	0.793387	-7.541429	-31.680680
0.110487	2.581720	0.731788	-7.580319	-31.749187
0.111436	2.580987	0.670389	-7.620219	-31.817292
0.112217	2.579345	0.609201	-7.661131	-31.884983
0.112827	2.578779	0.548232	-7.703059	-31.952250
0.113262	2.578275	0.487494	-7.746003	-32.019083
0.113520	2.576821	0.426994	-7.789961	-32.085472
0.113597	2.576403	0.366744	-7.834930	-32.151409
0.113493	2.576011	0.306750	-7.880905	-32.216885
0.113215	2.575636	0.247021	-7.927879	-32.281891
0.112776	2.576272	0.187564	-7.975844	-32.346422
0.112186	2.575912	0.128385	-8.024789	-32.410471
0.111457	2.575551	0.069490	-8.074704	-32.474032
0.110600	2.575184	0.010886	-8.125576	-32.537100
0.109625	2.575806	-0.047423	-8.177390	-32.599673
0.108546	2.575412	-0.105432	-8.230134	-32.661745
0.107371	2.575998	-0.163138	-8.283791	-32.723316
0.106114	2.575560	-0.220537	-8.338345	-32.784383
0.104784	2.575095	-0.277627	-8.393780	-32.844946
0.103394	2.575600	-0.334403	-8.450078	-32.905004
0.101954	2.575071	-0.390866	-8.507222	-32.964556
0.100475	2.574506	-0.447012	-8.565194	-33.023606
0.098969	2.574904	-0.502841	-8.623977	-33.082153
0.097447	2.574262	-0.558352	-8.683551	-33.140200
0.095920	2.573580	-0.613543	-8.743901	-33.197749
0.094400	2.572858	-0.668415	-8.805007	-33.254802
0.092897	2.572097	-0.722967	-8.866852	-33.311364
0.091422	2.571298	-0.777198	-8.929420	-33.367438
0.089986	2.570465	-0.831110	-8.992693	-33.423026
0.088586	2.568604	-0.884701	-9.056656	-33.478133
0.087221	2.567722	-0.937971	-9.121293	-33.532762
0.085888	2.565828	-0.990921	-9.186588	-33.586918
0.084585	2.564928	-1.043550	-9.252527	-33.640604
0.083309	2.563031	-1.095859	-9.319096	-33.693825
0.082057	2.562145	-1.147847	-9.386279	-33.746584
0.080826	2.560279	-1.199516	-9.454065	-33.798886
0.079615	2.558443	-1.250866	-9.522438	-33.850735
0.078421	2.557645	-1.301897	-9.591387	-33.902135
0.077240	2.555894	-1.352610	-9.660898	-33.953090
0.076071	2.554201	-1.403005	-9.730958	-34.003605
0.074911	2.553576	-1.453085	-9.801556	-34.053684
0.073757	2.552028	-1.502850	-9.872680	-34.103332
0.072606	2.551570	-1.552302	-9.944317	-34.152553
0.071456	2.550212	-1.601443	-10.016455	-34.201351
0.070305	2.549966	-1.650274	-10.089084	-34.249731
0.069149	2.549845	-1.698797	-10.162191	-34.297698
0.067987	2.549862	-1.747017	-10.235765	-34.345256
0.066815	2.550031	-1.794934	-10.309795	-34.392409
0.065631	2.550362	-1.842553	-10.384270	-34.439163
0.064434	2.550849	-1.889877	-10.459178	-34.485523
0.063225	2.552484	-1.936909	-10.534509	-34.531493
0.062003	2.553253	-1.983654	-10.610251	-34.577079
0.060767	2.555146	-2.030117	-10.686393	-34.622285
0.059517	2.557150	-2.076300	-10.762926	-34.667117
0.058252	2.558252	-2.122211	-10.839837	-34.711580
0.056973	2.560436	-2.167853	-10.917115	-34.755679
0.055679	2.562688	-2.213231	-10.994752	-34.799422
0.054370	2.564989	-2.258352	-11.072734	-34.842813
0.053045	2.567323	-2.303221	-11.151053	-34.885859
0.051703	2.569667	-2.347844	-11.229697	-34.928567
0.050345	2.572000	-2.392226	-11.308657	-34.970942
0.048971	2.574296	-2.436374	-11.387921	-35.012992
0.047579	2.576527	-2.480294	-11.467479	-35.054723
0.046170	2.578662	-2.523992	-11.547321	-35.096144
0.044743	2.580665	-2.567475	-11.627437	-35.137262
0.043297	2.582496	-2.610749	-11.707816	-35.178085
0.041833	2.584106	-2.653820	-11.788449	-35.218621
0.040350	2.585444	-2.696696	-11.869326	-35.258879
0.038848	2.585455	-2.739383	-11.950436	-35.298868
0.037332	2.586124	-2.781886	-12.031769	-35.338596
0.035804	2.585444	-2.824214	-12.113315	-35.378074
0.034270	2.585405	-2.866372	-12.195066	-35.417311
0.032734	2.583996	-2.908368	-12.277010	-35.456318
0.031200	2.582208	-2.950207	-12.359139	-35.495103
0.029672	2.581029	-2.991896	-12.441443	-35.533679
0.028154	2.578446	-3.033442	-12.523913	-35.572054
0.026651	2.575448	-3.074851	-12.606540	-35.610240
0.025168	2.573024	-3.116130	-12.689314	-35.648246
0.023707	2.569168	-3.157285	-12.772228	-35.686082
0.022275	2.565874	-3.198323	-12.855272	-35.723760
0.020873	2.561146	-3.239249	-12.938438	-35.761289
0.019508	2.556995	-3.280070	-13.021719	-35.798678
0.018183	2.551449	-3.320792	-13.105107	-35.835937
0.016902	2.546553	-3.361420	-13.188593	-35.873076
0.015669	2.541382	-3.401961	-13.272172	-35.910103
0.014488	2.536051	-3.442421	-13.355836	-35.947028
0.013363	2.530726	-3.482804	-13.439578	-35.983857
0.012298	2.525648	-3.523116	-13.523393	-36.020599
0.011296	2.522102	-3.563363	-13.607275	-36.057262
0.010355	2.518274	-3.603548	-13.691217	-36.093851
0.009474	2.516332	-3.643678	-13.775215	-36.130374
0.008650	2.514479	-3.683756	-13.859265	-36.166836
0.007882	2.514951	-3.723786	-13.943361	-36.203242
0.007167	2.517025	-3.763774	-14.027499	-36.239598
0.006503	2.521024	-3.803723	-14.111676	-36.275907
0.005890	2.527320	-3.843637	-14.195887	-36.312174
0.005324	2.536339	-3.883519	-14.280130	-36.348403
0.004805	2.548560	-3.923372	-14.364402	-36.384597
0.004331	2.564507	-3.963201	-14.448699	-36.420758
0.003900	2.584737	-4.003008	-14.533019	-36.456891
0.003511	2.609800	-4.042795	-14.617360	-36.492996
0.003163	2.640191	-4.082566	-14.701719	-36.529077
0.002855	2.676260	-4.122322	-14.786095	-36.565135
0.002586	2.717094	-4.162067	-14.870486	-36.601171
0.002353	2.764376	-4.201801	-14.954889	-36.637188
0.002155	2.815240	-4.241527	-15.039305	-36.673186
0.001991	2.870175	-4.281247	-15.123731	-36.709166
0.001856	2.925032	-4.320961	-15.208166	-36.745130
0.001748	2.978308	-4.360672	-15.292611	-36.781078
0.001663	3.027858	-4.400380	-15.377063	-36.817010
0.001599	3.071819	-4.440085	-15.461522	-36.852928
0.001551	3.107685	-4.479790	-15.545988	-36.888831
0.001516	3.136435	-4.519494	-15.630461	-36.924720
0.001493	-3.127619	-4.559198	-15.714939	-36.960595
0.001479	-3.116141	-4.598901	-15.799423	-36.996456
0.001472	-3.113969	-4.638605	-15.883913	-37.032303
0.001470	-3.119483	-4.678309	-15.968409	-37.068138
0.001472	-3.130893	-4.718014	-16.052910	-37.103958
0.001478	3.133858	-4.757718	-16.137417	-37.139765
0.001485	3.110283	-4.797422	-16.221930	-37.175558
0.001494	3.083402	-4.837125	-16.306449	-37.211338
0.001502	3.051958	-4.876827	-16.390974	-37.247104
0.001509	3.018572	-4.916528	-16.475506	-37.282857
0.001514	2.981715	-4.956227	-16.560044	-37.318597
0.001516	2.943693	-4.995924	-16.644589	-37.354323
0.001512	2.902626	-5.035617	-16.729141	-37.390035
0.001503	2.860430	-5.075307	-16.813700	-37.425735
0.001485	2.815786	-5.114994	-16.898266	-37.461423
0.001460	2.768039	-5.154675	-16.982839	-37.497098
0.001428	2.717135	-5.194352	-17.067420	-37.532761
0.001392	2.660021	-5.234023	-17.152008	-37.568414
0.001355	2.597805	-5.273688	-17.236603	-37.604056
0.001319	2.527879	-5.313346	-17.321205	-37.639689
0.001288	2.452101	-5.352997	-17.405814	-37.675314
0.001265	2.370015	-5.392641	-17.490430	-37.710930
0.001253	2.283031	-5.432276	-17.575053	-37.746540
0.001254	2.193470	-5.471903	-17.659682	-37.782143
0.001270	2.104372	-5.511520	-17.744318	-37.817742
0.001302	2.019081	-5.551127	-17.828961	-37.853336
0.001351	1.940709	-5.590723	-17.913609	-37.888928
0.001416	1.871695	-5.630307	-17.998265	-37.924517
0.001496	1.813586	-5.669879	-18.082926	-37.960104
0.001590	1.767061	-5.709438	-18.167595	-37.995690
0.001696	1.732099	-5.748982	-18.252270	-38.031277
0.001815	1.708199	-5.788511	-18.336952	-38.066863
0.001945	1.693576	-5.828023	-18.421642	-38.102450
0.002086	1.689297	-5.867518	-18.506339	-38.138038
0.002240	1.692377	-5.906993	-18.591045	-38.173628
0.002406	1.703617	-5.946448	-18.675760	-38.209218
0.002583	1.719135	-5.985881	-18.760485	-38.244810
0.002769	1.738238	-6.025291	-18.845221	-38.280402
0.002963	1.759612	-6.064675	-18.929968	-38.315995
0.003162	1.782273	-6.104033	-19.014727	-38.351587
0.003366	1.804496	-6.143362	-19.099500	-38.387179
0.003572	1.827764	-6.182661	-19.184288	-38.422768
0.003778	1.849720	-6.221928	-19.269092	-38.458355
0.003982	1.872123	-6.261161	-19.353913	-38.493939
0.004182	1.892825	-6.300359	-19.438752	-38.529518
0.004375	1.912742	-6.339521	-19.523610	-38.565091
0.004560	1.931836	-6.378644	-19.608489	-38.600657
0.004732	1.950103	-6.417728	-19.693389	-38.636216
0.004891	1.967564	-6.456771	-19.778311	-38.671766
0.005034	1.984256	-6.495773	-19.863257	-38.707306
0.005158	2.000229	-6.534732	-19.948227	-38.742835
0.005260	2.015538	-6.573647	-20.033223	-38.778352
0.005338	2.030250	-6.612518	-20.118243	-38.813856
0.005390	2.045434	-6.651345	-20.203290	-38.849346
0.005412	2.059166	-6.690127	-20.288363	-38.884821
0.005404	2.072549	-6.728865	-20.373463	-38.920280
0.005366	2.085756	-6.767559	-20.458590	-38.955724
0.005301	2.098953	-6.806209	-20.543744	-38.991150
0.005212	2.112292	-6.844817	-20.628924	-39.026560
0.005101	2.126913	-6.883383	-20.714130	-39.061952
0.004971	2.140948	-6.921908	-20.799362	-39.097326
0.004824	2.155526	-6.960395	-20.884618	-39.132683
0.004663	2.171776	-6.998844	-20.969899	-39.168021
0.004491	2.188825	-7.037257	-21.055204	-39.203341
0.004309	2.205796	-7.075636	-21.140532	-39.238644
0.004121	2.224812	-7.113983	-21.225882	-39.273928
0.003928	2.244984	-7.152299	-21.311252	-39.309195
0.003735	2.266409	-7.190586	-21.396643	-39.344444
0.003542	2.290154	-7.228847	-21.482053	-39.379675
0.003353	2.314240	-7.267082	-21.567482	-39.414890
0.003170	2.340620	-7.305294	-21.652928	-39.450087
0.002995	2.367148	-7.343485	-21.738390	-39.485268
0.002831	2.395539	-7.381657	-21.823868	-39.520432
0.002680	2.424335	-7.419810	-21.909360	-39.555581
0.002544	2.453861	-7.457946	-21.994866	-39.590713
0.002425	2.481290	-7.496067	-22.080386	-39.625830
0.002320	2.507979	-7.534174	-22.165918	-39.660932
0.002229	2.532379	-7.572269	-22.251462	-39.696019
0.002148	2.553992	-7.610351	-22.337017	-39.731091
0.002077	2.572390	-7.648421	-22.422584	-39.766148
0.002012	2.588224	-7.686482	-22.508161	-39.801191
0.001954	2.599212	-7.724532	-22.593748	-39.836220
0.001899	2.607138	-7.762572	-22.679345	-39.871235
0.001846	2.610823	-7.800603	-22.764952	-39.906237
0.001794	2.610101	-7.838626	-22.850568	-39.941225
0.001742	2.604790	-7.876639	-22.936194	-39.976201
0.001688	2.594648	-7.914644	-23.021828	-40.011164
0.001631	2.579327	-7.952641	-23.107470	-40.046115
0.001570	2.558316	-7.990630	-23.193121	-40.081055
0.001504	2.530854	-8.028610	-23.278780	-40.115984
0.001433	2.495826	-8.066582	-23.364447	-40.150904
0.001356	2.451587	-8.104546	-23.450121	-40.185814
0.001273	2.395732	-8.142501	-23.535802	-40.220716
0.001185	2.324739	-8.180449	-23.621490	-40.255610
0.001094	2.232508	-8.218389	-23.707184	-40.290499
0.001003	2.114268	-8.256320	-23.792883	-40.325382
0.000921	1.961400	-8.294243	-23.878587	-40.360263
0.000858	1.770614	-8.332159	-23.964296	-40.395141
0.000825	1.545182	-8.370066	-24.050008	-40.430019
0.000833	1.301087	-8.407966	-24.135722	-40.464899
0.000887	1.063226	-8.445859	-24.221439	-40.499782
0.000982	0.852148	-8.483744	-24.307157	-40.534670
0.001111	0.675623	-8.521623	-24.392875	-40.569565
0.001266	0.531371	-8.559495	-24.478591	-40.604470
0.001439	0.413179	-8.597362	-24.564306	-40.639386
0.001625	0.315665	-8.635224	-24.650018	-40.674314
0.001821	0.231569	-8.673081	-24.735726	-40.709258
0.002023	0.157888	-8.710934	-24.821428	-40.744219
0.002229	0.092656	-8.748785	-24.907123	-40.779199
0.002438	0.031678	-8.786635	-24.992811	-40.814199
0.002650	-0.024681	-8.824484	-25.078490	-40.849222
0.002864	-0.077655	-8.862334	-25.164158	-40.884270
0.003079	-0.130184	-8.900187	-25.249815	-40.919344
0.003296	-0.180991	-8.938044	-25.335458	-40.954445
0.003515	-0.231630	-8.975907	-25.421087	-40.989575
0.003738	-0.281381	-9.013778	-25.506700	-41.024735
0.003967	-0.330876	-9.051660	-25.592295	-41.059927
0.004205	-0.379601	-9.089553	-25.677872	-41.095151
0.004454	-0.426070	-9.127462	-25.763428	-41.130409
0.004715	-0.470838	-9.165389	-25.848962	-41.165701
0.004989	-0.513527	-9.203336	-25.934472	-41.201028
0.005278	-0.553827	-9.241306	-26.019957	-41.236392
0.005581	-0.590500	-9.279303	-26.105415	-41.271792
0.005899	-0.624383	-9.317329	-26.190844	-41.307231
0.006231	-0.655377	-9.355388	-26.276243	-41.342707
0.006577	-0.683438	-9.393482	-26.361610	-41.378224
0.006936	-0.707571	-9.431616	-26.446942	-41.413780
0.007306	-0.729816	-9.469792	-26.532238	-41.449378
0.007687	-0.748239	-9.508014	-26.617496	-41.485017
0.008078	-0.764925	-9.546285	-26.702713	-41.520701
0.008476	-0.777969	-9.584609	-26.787889	-41.556428
0.008882	-0.789475	-9.622988	-26.873020	-41.592202
0.009294	-0.797544	-9.661427	-26.958104	-41.628023
0.009710	-0.804277	-9.699927	-27.043140	-41.663893
0.010129	-0.808771	-9.738493	-27.128125	-41.699813
0.010551	-0.811152	-9.777128	-27.213056	-41.735786
0.010973	-0.811675	-9.815834	-27.297932	-41.771813
0.011397	-0.810595	-9.854614	-27.382750	-41.807896
0.011822	-0.809130	-9.893472	-27.467508	-41.844038
0.012247	-0.805471	-9.932409	-27.552204	-41.880241
0.012672	-0.801783	-9.971428	-27.636834	-41.916506
0.013097	-0.796208	-10.010532	-27.721397	-41.952838
0.013522	-0.790873	-10.049723	-27.805890	-41.989238
0.013948	-0.783887	-10.089004	-27.890311	-42.025710
0.014373	-0.776349	-10.128376	-27.974657	-42.062255
0.014798	-0.769343	-10.167842	-28.058926	-42.098878
0.015223	-0.760948	-10.207403	-28.143116	-42.135581
0.015648	-0.752229	-10.247061	-28.227223	-42.172367
0.016073	-0.743249	-10.286819	-28.311245	-42.209240
0.016498	-0.733063	-10.326677	-28.395180	-42.246203
0.016923	-0.722718	-10.366637	-28.479026	-42.283259
0.017347	-0.712260	-10.406701	-28.562778	-42.320413
0.017772	-0.700728	-10.446870	-28.646437	-42.357666
0.018196	-0.689158	-10.487144	-28.729997	-42.395025
0.018621	-0.676585	-10.527524	-28.813458	-42.432492
0.000000	0.000000	-10.527524	-28.813458	-42.432492
