0.050688	-0.853986	0.000000	0.000000	0.000000
0.046354	-0.813082	0.099999	0.000333	-0.000382
0.042107	-0.765058	0.199994	0.000985	-0.001101
0.037981	-0.708244	0.299984	0.001940	-0.002111
0.034014	-0.640444	0.399969	0.003184	-0.003369
0.030253	-0.558789	0.499947	0.004700	-0.004830
0.026754	-0.460622	0.599918	0.006473	-0.006451
0.023589	-0.339555	0.699882	0.008485	-0.008191
0.020846	-0.193028	0.799841	0.010720	-0.010009
0.018628	-0.016940	0.899794	0.013160	-0.011867
0.017038	0.187304	0.999742	0.015785	-0.013729
0.016143	0.410681	1.099686	0.018578	-0.015558
0.015934	0.637239	1.199627	0.021519	-0.017323
0.016308	0.850548	1.299566	0.024588	-0.018994
0.017105	1.039645	1.399504	0.027764	-0.020542
0.018155	1.203515	1.499441	0.031027	-0.021942
0.019314	1.346229	1.599378	0.034355	-0.023172
0.020473	1.470768	1.699315	0.037727	-0.024215
0.021557	1.583232	1.799254	0.041118	-0.025054
0.022518	1.688197	1.899195	0.044507	-0.025677
0.023327	1.789642	1.999138	0.047869	-0.026076
0.023987	1.890886	2.099083	0.051181	-0.026248
0.024541	1.993978	2.199030	0.054417	-0.026193
0.025049	2.098990	2.298981	0.057553	-0.025913
0.025574	2.208204	2.398934	0.060562	-0.025417
0.026179	2.319134	2.498891	0.063418	-0.024716
0.026923	2.432594	2.598851	0.066097	-0.023823
0.027854	2.544850	2.698815	0.068571	-0.022755
0.029007	2.655880	2.798782	0.070815	-0.021530
0.030400	2.761678	2.898753	0.072802	-0.020171
0.032039	2.861530	2.998728	0.074507	-0.018698
0.033910	2.955191	3.098706	0.075904	-0.017137
0.035992	3.039937	3.198687	0.076968	-0.015514
0.038254	3.116517	3.298671	0.077673	-0.013854
0.040660	-3.098145	3.398656	0.077996	-0.012186
0.043173	-3.036325	3.498642	0.077913	-0.010535
0.045754	-2.982719	3.598628	0.077401	-0.008929
0.048364	-2.935783	3.698612	0.076437	-0.007397
0.050965	-2.894976	3.798591	0.074999	-0.005964
0.053521	-2.858793	3.898564	0.073068	-0.004656
0.055998	-2.828790	3.998527	0.070623	-0.003498
0.058366	-2.803484	4.098478	0.067645	-0.002513
0.060615	-2.781091	4.198413	0.064117	-0.001722
0.062741	-2.762889	4.298327	0.060023	-0.001145
0.064746	-2.747295	4.398217	0.055347	-0.000802
0.066630	-2.733829	4.498078	0.050074	-0.000708
0.068399	-2.721094	4.597905	0.044190	-0.000879
0.070057	-2.710755	4.697692	0.037684	-0.001330
0.071610	-2.701528	4.797434	0.030543	-0.002075
0.073065	-2.692164	4.897125	0.022757	-0.003125
0.074429	-2.684447	4.996758	0.014316	-0.004494
0.075710	-2.677182	5.096328	0.005210	-0.006192
0.076915	-2.669195	5.195828	-0.004569	-0.008230
0.078054	-2.662328	5.295251	-0.015028	-0.010618
0.079133	-2.654433	5.394590	-0.026175	-0.013367
0.080163	-2.647376	5.493838	-0.038014	-0.016486
0.081152	-2.639029	5.592987	-0.050552	-0.019985
0.082110	-2.631273	5.692030	-0.063794	-0.023876
0.083045	-2.621997	5.790959	-0.077743	-0.028166
0.083968	-2.613098	5.889767	-0.092404	-0.032869
0.084890	-2.602479	5.988445	-0.107778	-0.037993
0.085818	-2.591079	6.086985	-0.123869	-0.043552
0.086757	-2.579953	6.185379	-0.140677	-0.049558
0.087706	-2.567181	6.283618	-0.158205	-0.056024
0.088666	-2.553839	6.381694	-0.176453	-0.062963
0.089639	-2.540000	6.479598	-0.195421	-0.070390
0.090624	-2.526737	6.577319	-0.215108	-0.078320
0.091621	-2.512116	6.674850	-0.235513	-0.086768
0.092632	-2.498204	6.772180	-0.256636	-0.095750
0.093655	-2.483061	6.869300	-0.278474	-0.105282
0.094690	-2.468746	6.966199	-0.301026	-0.115379
0.095737	-2.453317	7.062868	-0.324288	-0.126058
0.096796	-2.438826	7.159296	-0.348257	-0.137335
0.097863	-2.424323	7.255472	-0.372930	-0.149228
0.098939	-2.408855	7.351385	-0.398303	-0.161752
0.100023	-2.394468	7.447024	-0.424371	-0.174924
0.101111	-2.381201	7.542379	-0.451129	-0.188762
0.102202	-2.367095	7.637437	-0.478574	-0.203281
0.103294	-2.353184	7.732186	-0.506700	-0.218496
0.104384	-2.340503	7.826615	-0.535500	-0.234425
0.105469	-2.327082	7.920711	-0.564971	-0.251081
0.106548	-2.314944	8.014462	-0.595105	-0.268482
0.107618	-2.303083	8.107854	-0.625896	-0.286640
0.108678	-2.291490	8.200875	-0.657339	-0.305571
0.109727	-2.280153	8.293513	-0.689427	-0.325287
0.110763	-2.269062	8.385752	-0.722152	-0.345803
0.111784	-2.259206	8.477581	-0.755507	-0.367132
0.112791	-2.248574	8.568984	-0.789487	-0.389285
0.113780	-2.238158	8.659949	-0.824083	-0.412275
0.114752	-2.228947	8.750461	-0.859287	-0.436113
0.115704	-2.218930	8.840506	-0.895091	-0.460811
0.116636	-2.210099	8.930070	-0.931487	-0.486378
0.117546	-2.200444	9.019138	-0.968466	-0.512826
0.118434	-2.190956	9.107695	-1.006019	-0.540163
0.119297	-2.181626	9.195728	-1.044136	-0.568400
0.120135	-2.172444	9.283221	-1.082807	-0.597545
0.120948	-2.163403	9.370161	-1.122022	-0.627607
0.121733	-2.154492	9.456532	-1.161769	-0.658595
0.122489	-2.145704	9.542320	-1.202038	-0.690515
0.123217	-2.137031	9.627510	-1.242816	-0.723375
0.123913	-2.127464	9.712087	-1.284093	-0.757181
0.124579	-2.117996	9.796039	-1.325854	-0.791940
0.125212	-2.108631	9.879349	-1.368087	-0.827657
0.125811	-2.099373	9.962005	-1.410777	-0.864340
0.126376	-2.090226	10.043992	-1.453910	-0.901991
0.126905	-2.081194	10.125297	-1.497472	-0.940616
0.127397	-2.071281	10.205906	-1.541447	-0.980218
0.127851	-2.061491	10.285806	-1.585821	-1.020801
0.128266	-2.052827	10.364984	-1.630575	-1.062368
0.128640	-2.042294	10.443428	-1.675696	-1.104921
0.128972	-2.032895	10.521125	-1.721164	-1.148461
0.129261	-2.023634	10.598063	-1.766964	-1.192991
0.129506	-2.013513	10.674231	-1.813077	-1.238510
0.129705	-2.004537	10.749618	-1.859486	-1.285019
0.129857	-1.994709	10.824212	-1.906173	-1.332516
0.129961	-1.985033	10.898004	-1.953120	-1.381001
0.130014	-1.975513	10.970984	-2.000307	-1.430471
0.130016	-1.966152	11.043142	-2.047718	-1.480924
0.129966	-1.955954	11.114469	-2.095332	-1.532356
0.129861	-1.946923	11.184958	-2.143131	-1.584764
0.129701	-1.938064	11.254601	-2.191096	-1.638142
0.129485	-1.928372	11.323390	-2.239208	-1.692486
0.129223	-1.918806	11.391319	-2.287449	-1.747790
0.128927	-1.909320	11.458382	-2.335800	-1.804046
0.128606	-1.899868	11.524574	-2.384241	-1.861248
0.128273	-1.890404	11.589890	-2.432754	-1.919389
0.127939	-1.880887	11.654325	-2.481319	-1.978461
0.127616	-1.871275	11.717875	-2.529919	-2.038457
0.127315	-1.860528	11.780536	-2.578534	-2.099368
0.127048	-1.849609	11.842305	-2.627144	-2.161187
0.126828	-1.839482	11.903179	-2.675730	-2.223907
0.126665	-1.827114	11.963153	-2.724273	-2.287520
0.126573	-1.815474	12.022226	-2.772750	-2.352021
0.126563	-1.803536	12.080393	-2.821142	-2.417402
0.126649	-1.790275	12.137653	-2.869428	-2.483659
0.126843	-1.776673	12.194000	-2.917585	-2.550784
0.127157	-1.762716	12.249433	-2.965590	-2.618775
0.127605	-1.747393	12.303946	-3.013420	-2.687627
0.128199	-1.731701	12.357536	-3.061049	-2.757337
0.128953	-1.715643	12.410200	-3.108452	-2.827903
0.129879	-1.698225	12.461931	-3.155601	-2.899323
0.130986	-1.680491	12.512725	-3.202467	-2.971597
0.132255	-1.662591	12.562577	-3.249020	-3.044725
0.133659	-1.643693	12.611479	-3.295228	-3.118707
0.135173	-1.625950	12.659427	-3.341059	-3.193544
0.136769	-1.607501	12.706411	-3.386480	-3.269237
0.138419	-1.589470	12.752426	-3.431456	-3.345786
0.140096	-1.572966	12.797465	-3.475953	-3.423191
0.141771	-1.556086	12.841519	-3.519938	-3.501451
0.143413	-1.541917	12.884582	-3.563375	-3.580563
0.144995	-1.528536	12.926644	-3.606234	-3.660525
0.146486	-1.517013	12.967697	-3.648482	-3.741331
0.147857	-1.507417	13.007733	-3.690093	-3.822975
0.149078	-1.499810	13.046740	-3.731038	-3.905449
0.150120	-1.495257	13.084710	-3.771296	-3.988741
0.150955	-1.492828	13.121630	-3.810846	-4.072841
0.151554	-1.493597	13.157488	-3.849672	-4.157733
0.151889	-1.496646	13.192272	-3.887764	-4.243401
0.151933	-1.503072	13.225967	-3.925116	-4.329828
0.151659	-1.511988	13.258561	-3.961725	-4.416991
0.151044	-1.523527	13.290039	-3.997596	-4.504868
0.150074	-1.538802	13.320388	-4.032737	-4.593435
0.148774	-1.556757	13.349595	-4.067164	-4.682663
0.147184	-1.577297	13.377649	-4.100896	-4.772525
0.145338	-1.598337	13.404539	-4.133958	-4.862989
0.143276	-1.621793	13.430258	-4.166378	-4.954025
0.141033	-1.646574	13.454798	-4.198186	-5.045600
0.138646	-1.671586	13.478157	-4.229415	-5.137682
0.136149	-1.696717	13.500333	-4.260098	-5.230239
0.133577	-1.722839	13.521328	-4.290270	-5.323238
0.130960	-1.749802	13.541144	-4.319965	-5.416649
0.128331	-1.775429	13.559787	-4.349219	-5.510439
0.125716	-1.801511	13.577265	-4.378065	-5.604580
0.123140	-1.827804	13.593586	-4.406537	-5.699041
0.120627	-1.852028	13.608761	-4.434668	-5.793795
0.118197	-1.875862	13.622802	-4.462487	-5.888816
0.115866	-1.897946	13.635721	-4.490023	-5.984078
0.113650	-1.918882	13.647531	-4.517302	-6.079558
0.111560	-1.936232	13.658246	-4.544348	-6.175233
0.109606	-1.951527	13.667880	-4.571179	-6.271083
0.107798	-1.963268	13.676448	-4.597811	-6.367090
0.106142	-1.971028	13.683963	-4.624258	-6.463236
0.104623	-1.974749	13.690440	-4.650527	-6.559507
0.103228	-1.974491	13.695890	-4.676620	-6.655888
0.101946	-1.970340	13.700329	-4.702538	-6.752369
0.100767	-1.962410	13.703768	-4.728276	-6.848939
0.099685	-1.951832	13.706220	-4.753825	-6.945589
0.098697	-1.937764	13.707699	-4.779175	-7.042311
0.097798	-1.919376	13.708215	-4.804313	-7.139099
0.096986	-1.898862	13.707783	-4.829221	-7.235946
0.096259	-1.875427	13.706415	-4.853880	-7.332849
0.095614	-1.849290	13.704125	-4.878269	-7.429802
0.095048	-1.821683	13.700927	-4.902363	-7.526803
0.094556	-1.790845	13.696833	-4.926139	-7.623849
0.094134	-1.759019	13.691861	-4.949570	-7.720938
0.093775	-1.724452	13.686025	-4.972629	-7.818068
0.093470	-1.689389	13.679343	-4.995285	-7.915238
0.093209	-1.654070	13.671832	-5.017510	-8.012447
0.092980	-1.617730	13.663512	-5.039276	-8.109695
0.092769	-1.581593	13.654401	-5.060554	-8.206979
0.092562	-1.546873	13.644520	-5.081315	-8.304300
0.092342	-1.512745	13.633890	-5.101533	-8.401656
0.092103	-1.480266	13.622533	-5.121184	-8.499046
0.091838	-1.448465	13.610469	-5.140244	-8.596469
0.091541	-1.419367	13.597721	-5.158693	-8.693922
0.091205	-1.391997	13.584309	-5.176512	-8.791403
0.090824	-1.367375	13.570255	-5.193685	-8.888910
0.090392	-1.343525	13.555577	-5.210197	-8.986439
0.089902	-1.322468	13.540295	-5.226037	-9.083987
0.089349	-1.302225	13.524429	-5.241194	-9.181550
0.088725	-1.284819	13.507996	-5.255660	-9.279124
0.088025	-1.269275	13.491014	-5.269430	-9.376704
0.087243	-1.255620	13.473498	-5.282499	-9.474287
0.086372	-1.242884	13.455464	-5.294867	-9.571867
0.085406	-1.232102	13.436927	-5.306532	-9.669439
0.084341	-1.223316	13.417902	-5.317497	-9.766998
0.083170	-1.215572	13.398402	-5.327766	-9.864539
0.081888	-1.208929	13.378439	-5.337343	-9.962058
0.080490	-1.204454	13.358028	-5.346236	-10.059547
0.078971	-1.200229	13.337179	-5.354454	-10.157004
0.077326	-1.198353	13.315906	-5.362007	-10.254423
0.075555	-1.196923	13.294219	-5.368909	-10.351798
0.073664	-1.196972	13.272130	-5.375172	-10.449127
0.071664	-1.198525	13.249650	-5.380813	-10.546404
0.069567	-1.200627	13.226791	-5.385849	-10.643626
0.067383	-1.205339	13.203563	-5.390298	-10.740789
0.065125	-1.210738	13.179976	-5.394180	-10.837890
0.062806	-1.217925	13.156040	-5.397515	-10.934926
0.060437	-1.227015	13.131766	-5.400327	-11.031894
0.058033	-1.238150	13.107162	-5.402636	-11.128792
0.055608	-1.251491	13.082237	-5.404467	-11.225619
0.053175	-1.267223	13.057000	-5.405844	-11.322372
0.050749	-1.284553	13.031458	-5.406792	-11.419051
0.048346	-1.305709	13.005619	-5.407335	-11.515653
0.045982	-1.329937	12.979490	-5.407499	-11.612179
0.043674	-1.356494	12.953078	-5.407309	-11.708628
0.041437	-1.387633	12.926389	-5.406791	-11.804999
0.039291	-1.421592	12.899427	-5.405971	-11.901292
0.037252	-1.460563	12.872199	-5.404872	-11.997508
0.035337	-1.502662	12.844709	-5.403520	-12.093646
0.033565	-1.549884	12.816961	-5.401940	-12.189706
0.031948	-1.600099	12.788958	-5.400154	-12.285688
0.030495	-1.655168	12.760705	-5.398186	-12.381594
0.029212	-1.713830	12.732204	-5.396059	-12.477423
0.028102	-1.774644	12.703457	-5.393793	-12.573175
0.027168	-1.838982	12.674466	-5.391409	-12.668851
0.026408	-1.905038	12.645234	-5.388928	-12.764450
0.025818	-1.971868	12.615761	-5.386368	-12.859974
0.025390	-2.038447	12.586049	-5.383749	-12.955422
0.025114	-2.103744	12.556099	-5.381086	-13.050794
0.024976	-2.166798	12.525910	-5.378398	-13.146091
0.024961	-2.226771	12.495483	-5.375701	-13.241311
0.025050	-2.283000	12.464819	-5.373008	-13.336456
0.025227	-2.335003	12.433917	-5.370334	-13.431524
0.025474	-2.383474	12.402777	-5.367693	-13.526515
0.025774	-2.426264	12.371399	-5.365096	-13.621429
0.026111	-2.465348	12.339781	-5.362556	-13.716265
0.026472	-2.499792	12.307923	-5.360083	-13.811022
0.026843	-2.528722	12.275825	-5.357686	-13.905700
0.027214	-2.554302	12.243485	-5.355375	-14.000298
0.027574	-2.576709	12.210903	-5.353156	-14.094815
0.027916	-2.594158	12.178077	-5.351037	-14.189250
0.028235	-2.607999	12.145006	-5.349024	-14.283602
0.028528	-2.619589	12.111689	-5.347122	-14.377870
0.028794	-2.627253	12.078126	-5.345334	-14.472052
0.029032	-2.633287	12.044315	-5.343664	-14.566148
0.029244	-2.636963	12.010254	-5.342114	-14.660156
0.029429	-2.637528	11.975943	-5.340687	-14.754074
0.029589	-2.637214	11.941381	-5.339383	-14.847903
0.029725	-2.634236	11.906566	-5.338202	-14.941639
0.029840	-2.630797	11.871497	-5.337145	-15.035282
0.029935	-2.625094	11.836174	-5.336212	-15.128831
0.030013	-2.618313	11.800594	-5.335400	-15.222284
0.030074	-2.610639	11.764757	-5.334709	-15.315639
0.030121	-2.602252	11.728662	-5.334136	-15.408896
0.030156	-2.593329	11.692308	-5.333680	-15.502053
0.030180	-2.583051	11.655694	-5.333337	-15.595108
0.030195	-2.573593	11.618819	-5.333106	-15.688061
0.030201	-2.562135	11.581682	-5.332984	-15.780909
0.030200	-2.551856	11.544283	-5.332967	-15.873652
0.030191	-2.540937	11.506620	-5.333053	-15.966289
0.030177	-2.530532	11.468694	-5.333239	-16.058817
0.030157	-2.519687	11.430503	-5.333520	-16.151237
0.030132	-2.510421	11.392047	-5.333895	-16.243546
0.030102	-2.500756	11.353326	-5.334360	-16.335744
0.030068	-2.490712	11.314340	-5.334914	-16.427830
0.030030	-2.482313	11.275089	-5.335551	-16.519802
0.029989	-2.473584	11.235572	-5.336271	-16.611660
0.029945	-2.465549	11.195790	-5.337070	-16.703403
0.029899	-2.458236	11.155744	-5.337946	-16.795030
0.029852	-2.451670	11.115432	-5.338897	-16.886540
0.029804	-2.446881	11.074856	-5.339921	-16.977932
0.029756	-2.441895	11.034016	-5.341016	-17.069206
0.029709	-2.437741	10.992912	-5.342180	-17.160360
0.029664	-2.434449	10.951545	-5.343413	-17.251395
0.029621	-2.433047	10.909916	-5.344714	-17.342308
0.029582	-2.431562	10.868024	-5.346081	-17.433101
0.029547	-2.432022	10.825872	-5.347514	-17.523771
0.029518	-2.433453	10.783459	-5.349013	-17.614319
0.029496	-2.436880	10.740786	-5.350579	-17.704743
0.029483	-2.441325	10.697855	-5.352213	-17.795044
0.029479	-2.446785	10.654665	-5.353915	-17.885220
0.029483	-2.453167	10.611217	-5.355688	-17.975271
0.029496	-2.461355	10.567513	-5.357533	-18.065196
0.029517	-2.470231	10.523553	-5.359452	-18.154995
0.029543	-2.479681	10.479338	-5.361448	-18.244667
0.029575	-2.490590	10.434868	-5.363525	-18.334211
0.029611	-2.501845	10.390146	-5.365684	-18.423627
0.029650	-2.513337	10.345171	-5.367929	-18.512914
0.029690	-2.524958	10.299944	-5.370264	-18.602072
0.029730	-2.537605	10.254468	-5.372692	-18.691100
0.029768	-2.549176	10.208742	-5.375216	-18.779998
0.029802	-2.561574	10.162768	-5.377841	-18.868764
0.029831	-2.573704	10.116548	-5.380569	-18.957400
0.029851	-2.584474	10.070082	-5.383404	-19.045903
0.029861	-2.595795	10.023373	-5.386349	-19.134275
0.029859	-2.606582	9.976421	-5.389407	-19.222514
0.029842	-2.616749	9.929227	-5.392581	-19.310620
0.029807	-2.626211	9.881795	-5.395874	-19.398594
0.029752	-2.634884	9.834125	-5.399289	-19.486434
0.029675	-2.642684	9.786219	-5.402826	-19.574141
0.029574	-2.649544	9.738080	-5.406489	-19.661715
0.029448	-2.655489	9.689709	-5.410278	-19.749155
0.029300	-2.659561	9.641108	-5.414195	-19.836463
0.029131	-2.663799	9.592279	-5.418239	-19.923637
0.028942	-2.666237	9.543225	-5.422412	-20.010679
0.028735	-2.668905	9.493948	-5.426713	-20.097589
0.028512	-2.669835	9.444449	-5.431141	-20.184366
0.028273	-2.671051	9.394732	-5.435696	-20.271012
0.028022	-2.670579	9.344799	-5.440378	-20.357526
0.027759	-2.669445	9.294652	-5.445184	-20.443910
0.027487	-2.667671	9.244292	-5.450114	-20.530163
0.027207	-2.665281	9.193723	-5.455165	-20.616287
0.026922	-2.662300	9.142947	-5.460336	-20.702281
0.026632	-2.658752	9.091966	-5.465625	-20.788147
0.026340	-2.653664	9.040782	-5.471029	-20.873885
0.026048	-2.649065	8.989397	-5.476547	-20.959495
0.025758	-2.642986	8.937813	-5.482175	-21.044979
0.025471	-2.637461	8.886033	-5.487912	-21.130336
0.025189	-2.630526	8.834057	-5.493754	-21.215567
0.024915	-2.623224	8.781889	-5.499698	-21.300674
0.024649	-2.615602	8.729529	-5.505743	-21.385656
0.024393	-2.607727	8.676980	-5.511885	-21.470514
0.024146	-2.599673	8.624243	-5.518121	-21.555248
0.023910	-2.591516	8.571319	-5.524448	-21.639859
0.023685	-2.583337	8.518211	-5.530865	-21.724348
0.023471	-2.575223	8.464919	-5.537367	-21.808714
0.023268	-2.566260	8.411444	-5.543953	-21.892958
0.023076	-2.558539	8.357788	-5.550620	-21.977081
0.022896	-2.551156	8.303953	-5.557365	-22.061082
0.022728	-2.544206	8.249938	-5.564187	-22.144963
0.022572	-2.537787	8.195746	-5.571082	-22.228722
0.022427	-2.531999	8.141377	-5.578050	-22.312361
0.022295	-2.526941	8.086833	-5.585089	-22.395880
0.022174	-2.522714	8.032114	-5.592196	-22.479278
0.022066	-2.520419	7.977221	-5.599371	-22.562557
0.021969	-2.518153	7.922156	-5.606613	-22.645715
0.021885	-2.518015	7.866918	-5.613921	-22.728754
0.021813	-2.519100	7.811510	-5.621294	-22.811673
0.021755	-2.521501	7.755931	-5.628734	-22.894472
0.021709	-2.526307	7.700184	-5.636239	-22.977151
0.021678	-2.531568	7.644268	-5.643811	-23.059711
0.021659	-2.539200	7.588185	-5.651451	-23.142150
0.021651	-2.549080	7.531935	-5.659160	-23.224470
0.021654	-2.559085	7.475519	-5.666940	-23.306670
0.021667	-2.571089	7.418939	-5.674793	-23.388749
0.021689	-2.583967	7.362196	-5.682722	-23.470708
0.021717	-2.597593	7.305290	-5.690729	-23.552547
0.021752	-2.611846	7.248222	-5.698818	-23.634265
0.021791	-2.626607	7.190994	-5.706990	-23.715863
0.021833	-2.641760	7.133607	-5.715249	-23.797340
0.021878	-2.658195	7.076062	-5.723599	-23.878696
0.021922	-2.673805	7.018360	-5.732042	-23.959932
0.021965	-2.689489	6.960503	-5.740582	-24.041047
0.022004	-2.706154	6.902492	-5.749222	-24.122041
0.022037	-2.721708	6.844329	-5.757965	-24.202915
0.022062	-2.737069	6.786015	-5.766815	-24.283668
0.022078	-2.752156	6.727551	-5.775775	-24.364302
0.022081	-2.767897	6.668940	-5.784847	-24.444816
0.022070	-2.782220	6.610184	-5.794034	-24.525210
0.022041	-2.796059	6.551284	-5.803339	-24.605485
0.021993	-2.808375	6.492241	-5.812764	-24.685643
0.021924	-2.821225	6.433059	-5.822312	-24.765682
0.021835	-2.833691	6.373740	-5.831984	-24.845605
0.021725	-2.844853	6.314284	-5.841781	-24.925411
0.021594	-2.856794	6.254695	-5.851706	-25.005102
0.021440	-2.867593	6.194976	-5.861759	-25.084679
0.021266	-2.878336	6.135128	-5.871941	-25.164143
0.021069	-2.889107	6.075154	-5.882253	-25.243496
0.020850	-2.898996	6.015056	-5.892695	-25.322738
0.020610	-2.910096	5.954839	-5.903268	-25.401870
0.020348	-2.921507	5.894503	-5.913972	-25.480896
0.020064	-2.932333	5.834053	-5.924807	-25.559816
0.019759	-2.943689	5.773491	-5.935772	-25.638633
0.019433	-2.955701	5.712821	-5.946868	-25.717347
0.019086	-2.968503	5.652046	-5.958093	-25.795963
0.018719	-2.982248	5.591170	-5.969448	-25.874481
0.018333	-2.996102	5.530195	-5.980932	-25.952905
0.017928	-3.012254	5.469127	-5.992543	-26.031236
0.017505	-3.028916	5.407969	-6.004281	-26.109479
0.017066	-3.047327	5.346725	-6.016145	-26.187635
0.016613	-3.067719	5.285399	-6.028133	-26.265709
0.016153	-3.089189	5.223997	-6.040246	-26.343702
0.015693	-3.113775	5.162522	-6.052480	-26.421620
0.015240	-3.139476	5.100979	-6.064837	-26.499464
0.014802	3.114945	5.039373	-6.077313	-26.577240
0.014387	3.085238	4.977708	-6.089909	-26.654950
0.014000	3.053795	4.915990	-6.102624	-26.732598
0.013648	3.020924	4.854224	-6.115455	-26.810188
0.013337	2.987046	4.792412	-6.128404	-26.887723
0.013072	2.952696	4.730561	-6.141469	-26.965207
0.012857	2.918521	4.668674	-6.154650	-27.042643
0.012695	2.884258	4.606755	-6.167947	-27.120033
0.012589	2.852704	4.544809	-6.181361	-27.197380
0.012540	2.823682	4.482837	-6.194891	-27.274688
0.012548	2.796993	4.420843	-6.208538	-27.351957
0.012615	2.775374	4.358831	-6.222305	-27.429190
0.012740	2.757460	4.296801	-6.236191	-27.506388
0.012924	2.744754	4.234756	-6.250198	-27.583551
0.013168	2.737607	4.172697	-6.264330	-27.660681
0.013474	2.735206	4.110624	-6.278588	-27.737776
0.013845	2.738426	4.048537	-6.292976	-27.814836
0.014274	2.746437	3.986437	-6.307496	-27.891860
0.014757	2.758252	3.924321	-6.322153	-27.968845
0.015288	2.772939	3.862188	-6.336951	-28.045790
0.015863	2.788652	3.800035	-6.351894	-28.122691
0.016475	2.805650	3.737861	-6.366986	-28.199545
0.017119	2.823303	3.675662	-6.382234	-28.276349
0.017788	2.842092	3.613435	-6.397642	-28.353098
0.018475	2.858598	3.551177	-6.413215	-28.429789
0.019173	2.875491	3.488885	-6.428958	-28.506417
0.019874	2.891517	3.426555	-6.444876	-28.582977
0.020569	2.906485	3.364182	-6.460975	-28.659466
0.021250	2.920250	3.301765	-6.477260	-28.735878
0.021907	2.932708	3.239299	-6.493735	-28.812211
0.022533	2.943776	3.176782	-6.510406	-28.888458
0.023117	2.954391	3.114209	-6.527276	-28.964616
0.023650	2.962497	3.051579	-6.544350	-29.040682
0.024124	2.969037	2.988889	-6.561631	-29.116651
0.024529	2.974951	2.926137	-6.579123	-29.192520
0.024855	2.979162	2.863321	-6.596829	-29.268287
0.025097	2.981632	2.800440	-6.614750	-29.343949
0.025255	2.982512	2.737493	-6.632889	-29.419505
0.025332	2.981974	2.674480	-6.651246	-29.494953
0.025333	2.981159	2.611401	-6.669823	-29.570292
0.025261	2.979184	2.548258	-6.688619	-29.645522
0.025119	2.976148	2.485050	-6.707634	-29.720644
0.024913	2.971136	2.421779	-6.726866	-29.795657
0.024646	2.966223	2.358448	-6.746315	-29.870562
0.024322	2.961477	2.295057	-6.765978	-29.945362
0.023944	2.954961	2.231610	-6.785854	-30.020057
0.023517	2.947734	2.168107	-6.805939	-30.094650
0.023045	2.939858	2.104553	-6.826230	-30.169142
0.022530	2.931395	2.040949	-6.846723	-30.243537
0.021978	2.923414	1.977299	-6.867416	-30.317836
0.021391	2.913989	1.913605	-6.888304	-30.392044
0.020772	2.904206	1.849870	-6.909382	-30.466163
0.020126	2.894165	1.786098	-6.930645	-30.540196
0.019455	2.884983	1.722291	-6.952089	-30.614148
0.018762	2.874801	1.658451	-6.973708	-30.688020
0.018051	2.864787	1.594583	-6.995496	-30.761818
0.017323	2.854099	1.530688	-7.017448	-30.835544
0.016582	2.844731	1.466768	-7.039557	-30.909202
0.015829	2.835632	1.402828	-7.061818	-30.982796
0.015067	2.826750	1.338868	-7.084223	-31.056329
0.014298	2.817028	1.274890	-7.106767	-31.129804
0.013525	2.808406	1.210898	-7.129442	-31.203226
0.012750	2.798817	1.146892	-7.152243	-31.276598
0.011976	2.790182	1.082875	-7.175161	-31.349923
0.011205	2.780414	1.018848	-7.198191	-31.423204
0.010440	2.770408	0.954813	-7.221324	-31.496446
0.009683	2.761035	0.890770	-7.244556	-31.569650
0.008937	2.750141	0.826722	-7.267877	-31.642821
0.008205	2.739529	0.762670	-7.291283	-31.715960
0.007489	2.726953	0.698614	-7.314766	-31.789073
0.006793	2.714093	0.634556	-7.338319	-31.862160
0.006119	2.698530	0.570496	-7.361937	-31.935226
0.005469	2.681707	0.506436	-7.385612	-32.008272
0.004848	2.661869	0.442376	-7.409340	-32.081302
0.004258	2.636987	0.378317	-7.433114	-32.154317
0.003702	2.607631	0.314260	-7.456929	-32.227321
0.003183	2.570800	0.250206	-7.480780	-32.300315
0.002704	2.523604	0.186154	-7.504662	-32.373301
0.002264	2.462657	0.122105	-7.528569	-32.446282
0.001867	2.379152	0.058061	-7.552499	-32.519259
0.001516	2.263497	-0.005979	-7.576447	-32.592234
0.001222	2.100087	-0.070014	-7.600409	-32.665209
0.000996	1.871824	-0.134044	-7.624382	-32.738185
0.000859	1.572496	-0.198069	-7.648363	-32.811163
0.000819	1.242930	-0.262087	-7.672349	-32.884144
0.000863	0.949214	-0.326099	-7.696338	-32.957130
0.000958	0.727903	-0.390105	-7.720327	-33.030122
0.001073	0.574007	-0.454104	-7.744314	-33.103120
0.001190	0.467410	-0.518096	-7.768298	-33.176125
0.001299	0.393988	-0.582081	-7.792277	-33.249139
0.001394	0.344639	-0.646058	-7.816250	-33.322161
0.001473	0.311007	-0.710027	-7.840215	-33.395192
0.001534	0.290151	-0.773989	-7.864172	-33.468233
0.001577	0.279676	-0.837943	-7.888121	-33.541284
0.001602	0.278209	-0.901888	-7.912060	-33.614344
0.001609	0.285100	-0.965826	-7.935991	-33.687415
0.001601	0.300179	-1.029755	-7.959912	-33.760496
0.001577	0.322398	-1.093675	-7.983824	-33.833588
0.001540	0.354021	-1.157587	-8.007727	-33.906689
0.001493	0.393666	-1.221491	-8.031623	-33.979801
0.001437	0.444268	-1.285386	-8.055512	-34.052922
0.001375	0.505040	-1.349273	-8.079394	-34.126053
0.001312	0.579379	-1.413150	-8.103271	-34.199194
0.001249	0.666675	-1.477020	-8.127143	-34.272343
0.001191	0.768950	-1.540880	-8.151013	-34.345501
0.001144	0.887297	-1.604732	-8.174881	-34.418667
0.001110	1.018200	-1.668575	-8.198749	-34.491840
0.001095	1.159042	-1.732410	-8.222618	-34.565021
0.001099	1.305257	-1.796236	-8.246490	-34.638208
0.001125	1.448392	-1.860054	-8.270365	-34.711401
0.001170	1.584645	-1.923864	-8.294246	-34.784599
0.001231	1.708062	-1.987666	-8.318134	-34.857802
0.001306	1.818850	-2.051460	-8.342031	-34.931009
0.001389	1.915969	-2.115246	-8.365938	-35.004220
0.001477	2.000462	-2.179025	-8.389856	-35.077433
0.001566	2.073869	-2.242797	-8.413787	-35.150649
0.001654	2.137890	-2.306561	-8.437732	-35.223865
0.001739	2.194237	-2.370319	-8.461691	-35.297083
0.001820	2.245309	-2.434071	-8.485667	-35.370301
0.001896	2.290191	-2.497816	-8.509661	-35.443519
0.001968	2.331729	-2.561556	-8.533672	-35.516736
0.002034	2.369576	-2.625290	-8.557702	-35.589951
0.002095	2.403243	-2.689020	-8.581752	-35.663164
0.002150	2.435124	-2.752745	-8.605822	-35.736375
0.002199	2.464526	-2.816466	-8.629913	-35.809582
0.002243	2.491682	-2.880183	-8.654025	-35.882785
0.002281	2.516769	-2.943896	-8.678159	-35.955985
0.002313	2.539915	-3.007607	-8.702315	-36.029180
0.002339	2.561207	-3.071314	-8.726493	-36.102369
0.002360	2.580698	-3.135020	-8.750694	-36.175553
0.002374	2.598407	-3.198723	-8.774918	-36.248732
0.002383	2.614325	-3.262425	-8.799165	-36.321904
0.002386	2.628414	-3.326125	-8.823435	-36.395070
0.002383	2.640607	-3.389824	-8.847727	-36.468230
0.002375	2.650807	-3.453522	-8.872043	-36.541382
0.002361	2.658887	-3.517220	-8.896381	-36.614528
0.002341	2.663761	-3.580916	-8.920742	-36.687667
0.002315	2.667627	-3.644612	-8.945125	-36.760799
0.002284	2.668739	-3.708308	-8.969530	-36.833924
0.002247	2.669338	-3.772003	-8.993957	-36.907042
0.002204	2.667657	-3.835698	-9.018405	-36.980153
0.002156	2.664923	-3.899393	-9.042875	-37.053258
0.002102	2.662368	-3.963087	-9.067364	-37.126356
0.002042	2.658233	-4.026780	-9.091874	-37.199448
0.001976	2.653777	-4.090473	-9.116404	-37.272534
0.001905	2.650285	-4.154165	-9.140952	-37.345614
0.001828	2.646085	-4.217857	-9.165519	-37.418688
0.001745	2.643566	-4.281547	-9.190103	-37.491757
0.001657	2.641206	-4.345237	-9.214704	-37.564822
0.001562	2.641612	-4.408927	-9.239320	-37.637881
0.001462	2.643587	-4.472616	-9.263952	-37.710936
0.001355	2.650233	-4.536304	-9.288597	-37.783987
0.001242	2.662127	-4.599992	-9.313256	-37.857034
0.001124	2.681624	-4.663679	-9.337926	-37.930077
0.001000	2.712419	-4.727366	-9.362607	-38.003117
0.000873	2.760620	-4.791054	-9.387298	-38.076153
0.000743	2.837525	-4.854742	-9.411996	-38.149186
0.000616	2.957910	-4.918430	-9.436702	-38.222216
0.000501	-3.131009	-4.982120	-9.461413	-38.295244
0.000417	-2.828135	-5.045812	-9.486127	-38.368268
0.000389	-2.420255	-5.109505	-9.510844	-38.441290
0.000433	-2.022293	-5.173202	-9.535561	-38.514309
0.000531	-1.734283	-5.236902	-9.560278	-38.587326
0.000659	-1.549504	-5.300606	-9.584992	-38.660340
0.000803	-1.430951	-5.364314	-9.609702	-38.733351
0.000952	-1.352128	-5.428028	-9.634407	-38.806360
0.001102	-1.297750	-5.491747	-9.659105	-38.879366
0.001250	-1.259134	-5.555473	-9.683794	-38.952370
0.001393	-1.231185	-5.619205	-9.708473	-39.025371
0.001530	-1.210791	-5.682946	-9.733140	-39.098369
0.001658	-1.195985	-5.746694	-9.757795	-39.171364
0.001776	-1.186494	-5.810451	-9.782436	-39.244356
0.001883	-1.179479	-5.874218	-9.807063	-39.317345
0.001977	-1.176400	-5.937994	-9.831673	-39.390331
0.002057	-1.174920	-6.001780	-9.856267	-39.463313
0.002122	-1.176864	-6.065577	-9.880844	-39.536293
0.002169	-1.181120	-6.129384	-9.905403	-39.609268
0.002201	-1.187410	-6.193203	-9.929943	-39.682240
0.002219	-1.195482	-6.257034	-9.954465	-39.755209
0.002222	-1.206155	-6.320876	-9.978969	-39.828173
0.002211	-1.217295	-6.384730	-10.003454	-39.901133
0.002189	-1.230799	-6.448595	-10.027921	-39.974089
0.002156	-1.244588	-6.512473	-10.052370	-40.047040
0.002112	-1.260592	-6.576362	-10.076802	-40.119987
0.002059	-1.277751	-6.640263	-10.101217	-40.192930
0.001996	-1.295001	-6.704176	-10.125616	-40.265867
0.001927	-1.314272	-6.768101	-10.149999	-40.338800
0.001849	-1.334479	-6.832036	-10.174367	-40.411727
0.001766	-1.354511	-6.895983	-10.198722	-40.484650
0.001677	-1.376224	-6.959940	-10.223063	-40.557567
0.001582	-1.397418	-7.023908	-10.247392	-40.630480
0.001483	-1.419822	-7.087886	-10.271709	-40.703388
0.001379	-1.441053	-7.151873	-10.296017	-40.776291
0.001272	-1.462570	-7.215869	-10.320314	-40.849189
0.001161	-1.481586	-7.279873	-10.344604	-40.922083
0.001047	-1.497924	-7.343885	-10.368885	-40.994973
0.000930	-1.510110	-7.407904	-10.393160	-41.067858
0.000810	-1.516363	-7.471929	-10.417429	-41.140741
0.000685	-1.517713	-7.535959	-10.441692	-41.213620
0.000557	-1.510104	-7.599995	-10.465952	-41.286497
0.000424	-1.490567	-7.664034	-10.490207	-41.359371
0.000287	-1.441953	-7.728075	-10.514460	-41.432244
0.000148	-1.290790	-7.792119	-10.538711	-41.505116
0.000045	0.114283	-7.856163	-10.562961	-41.577988
0.000165	1.275688	-7.920207	-10.587211	-41.650860
0.000319	1.417338	-7.984250	-10.611461	-41.723733
0.000481	1.474049	-8.048291	-10.635712	-41.796607
0.000649	1.509350	-8.112328	-10.659966	-41.869484
0.000822	1.536936	-8.176361	-10.684224	-41.942363
0.001001	1.561431	-8.240388	-10.708486	-42.015246
0.001186	1.584789	-8.304407	-10.732754	-42.088134
0.001378	1.607948	-8.368419	-10.757030	-42.161026
0.001576	1.631386	-8.432421	-10.781314	-42.233923
0.001782	1.654352	-8.496413	-10.805608	-42.306826
0.001995	1.678967	-8.560393	-10.829913	-42.379736
0.002216	1.703279	-8.624360	-10.854232	-42.452653
0.002446	1.729152	-8.688312	-10.878567	-42.525577
0.002684	1.754004	-8.752250	-10.902918	-42.598509
0.002927	1.778376	-8.816170	-10.927289	-42.671449
0.003174	1.802001	-8.880073	-10.951682	-42.744397
0.003424	1.824737	-8.943957	-10.976098	-42.817354
0.003674	1.845531	-9.007820	-11.000541	-42.890320
0.003922	1.866379	-9.071662	-11.025013	-42.963295
0.004168	1.885312	-9.135482	-11.049515	-43.036279
0.004407	1.904386	-9.199279	-11.074051	-43.109272
0.004640	1.921664	-9.263052	-11.098622	-43.182274
0.004863	1.938221	-9.326800	-11.123232	-43.255285
0.005074	1.954133	-9.390522	-11.147882	-43.328305
0.005273	1.969482	-9.454217	-11.172574	-43.401334
0.005455	1.984348	-9.517886	-11.197311	-43.474371
0.005620	1.998814	-9.581527	-11.222094	-43.547417
0.005765	2.012965	-9.645140	-11.246925	-43.620470
0.005889	2.026892	-9.708725	-11.271806	-43.693531
0.005988	2.040686	-9.772282	-11.296738	-43.766599
0.006062	2.055451	-9.835810	-11.321723	-43.839674
0.006107	2.069299	-9.899310	-11.346761	-43.912755
0.006124	2.083348	-9.962783	-11.371853	-43.985842
0.006112	2.097693	-10.026228	-11.397000	-44.058933
0.006074	2.112413	-10.089647	-11.422201	-44.132029
0.006011	2.127582	-10.153039	-11.447457	-44.205129
0.005926	2.144269	-10.216406	-11.472768	-44.278231
0.005821	2.160544	-10.279749	-11.498132	-44.351336
0.005697	2.177470	-10.343069	-11.523550	-44.424443
0.005556	2.196114	-10.406367	-11.549021	-44.497550
0.005399	2.215536	-10.469644	-11.574543	-44.570658
0.005230	2.234797	-10.532901	-11.600115	-44.643764
0.005049	2.255952	-10.596140	-11.625736	-44.716870
0.004859	2.278052	-10.659362	-11.651405	-44.789973
0.004661	2.301139	-10.722569	-11.677120	-44.863074
0.004456	2.326240	-10.785761	-11.702879	-44.936171
0.004247	2.351366	-10.848941	-11.728681	-45.009265
0.004036	2.378500	-10.912109	-11.754523	-45.082353
0.003822	2.405589	-10.975267	-11.780404	-45.155437
0.003609	2.434530	-11.038416	-11.806322	-45.228516
0.003397	2.464150	-11.101558	-11.832274	-45.301588
0.003188	2.495189	-11.164694	-11.858260	-45.374654
0.002982	2.525348	-11.227824	-11.884276	-45.447714
0.002780	2.556569	-11.290950	-11.910321	-45.520767
0.002581	2.587872	-11.354073	-11.936393	-45.593814
0.002385	2.619284	-11.417194	-11.962489	-45.666853
0.002192	2.650840	-11.480313	-11.988608	-45.739886
0.002002	2.683591	-11.543431	-12.014749	-45.812913
0.001815	2.715604	-11.606549	-12.040908	-45.885932
0.001630	2.748975	-11.669666	-12.067084	-45.958946
0.001448	2.782843	-11.732785	-12.093275	-46.031954
0.001269	2.817419	-11.795904	-12.119480	-46.104956
0.001092	2.853042	-11.859024	-12.145696	-46.177953
0.000917	2.890291	-11.922146	-12.171923	-46.250945
0.000745	2.930251	-11.985268	-12.198157	-46.323934
0.000575	2.975245	-12.048392	-12.224398	-46.396919
0.000407	3.031316	-12.111517	-12.250643	-46.469901
0.000242	3.120661	-12.174644	-12.276892	-46.542881
0.000083	-2.847469	-12.237771	-12.303143	-46.615860
0.000093	-0.479067	-12.300898	-12.329395	-46.688838
0.000248	-0.206807	-12.364025	-12.355645	-46.761817
0.000405	-0.122003	-12.427152	-12.381893	-46.834796
0.000560	-0.066888	-12.490278	-12.408138	-46.907778
0.000714	-0.025355	-12.553403	-12.434379	-46.980763
0.000866	0.008239	-12.616525	-12.460614	-47.053751
0.001017	0.035655	-12.679644	-12.486842	-47.126745
0.001167	0.057688	-12.742760	-12.513063	-47.199744
0.001315	0.074739	-12.805872	-12.539275	-47.272750
0.001462	0.087017	-12.868978	-12.565478	-47.345764
0.001607	0.094627	-12.932079	-12.591671	-47.418786
0.001750	0.097611	-12.995174	-12.617852	-47.491818
0.001891	0.095972	-13.058261	-12.644021	-47.564860
0.002030	0.090684	-13.121342	-12.670176	-47.637914
0.002167	0.079704	-13.184414	-12.696317	-47.710979
0.002303	0.063989	-13.247478	-12.722443	-47.784057
0.002439	0.044502	-13.310534	-12.748552	-47.857148
0.002576	0.019230	-13.373581	-12.774642	-47.930253
0.002716	-0.009796	-13.436619	-12.800714	-48.003373
0.002860	-0.042478	-13.499649	-12.826764	-48.076508
0.003010	-0.080638	-13.562670	-12.852792	-48.149658
0.003170	-0.121987	-13.625682	-12.878796	-48.222824
0.003343	-0.167120	-13.688688	-12.904773	-48.296005
0.003532	-0.214326	-13.751686	-12.930722	-48.369203
0.003741	-0.263177	-13.814678	-12.956640	-48.442417
0.003969	-0.312259	-13.877666	-12.982524	-48.515647
0.004220	-0.359405	-13.940649	-13.008372	-48.588893
0.004494	-0.404703	-14.003630	-13.034182	-48.662155
0.004790	-0.447490	-14.066610	-13.059949	-48.735432
0.005107	-0.487329	-14.129590	-13.085671	-48.808726
0.005446	-0.522972	-14.192572	-13.111345	-48.882034
0.005803	-0.555322	-14.255558	-13.136966	-48.955358
0.006178	-0.584394	-14.318549	-13.162531	-49.028697
0.006569	-0.610281	-14.381546	-13.188037	-49.102051
0.006974	-0.632129	-14.444553	-13.213479	-49.175419
0.007390	-0.652111	-14.507570	-13.238854	-49.248802
0.007816	-0.668414	-14.570598	-13.264158	-49.322199
0.008249	-0.683227	-14.633641	-13.289385	-49.395610
0.008688	-0.694735	-14.696699	-13.314533	-49.469036
0.009130	-0.705112	-14.759773	-13.339597	-49.542476
0.009573	-0.712519	-14.822866	-13.364573	-49.615931
0.010015	-0.719102	-14.885978	-13.389456	-49.689400
0.010454	-0.723994	-14.949112	-13.414242	-49.762883
0.010889	-0.727333	-15.012267	-13.438928	-49.836382
0.011319	-0.729318	-15.075446	-13.463508	-49.909895
0.011743	-0.730133	-15.138650	-13.487978	-49.983425
0.012163	-0.730934	-15.201878	-13.512335	-50.056970
0.012578	-0.729851	-15.265133	-13.536575	-50.130531
0.012988	-0.728996	-15.328415	-13.560692	-50.204110
0.013394	-0.726466	-15.391724	-13.584684	-50.277706
0.013796	-0.724343	-15.455061	-13.608546	-50.351320
0.014194	-0.720697	-15.518427	-13.632275	-50.424953
0.014588	-0.716592	-15.581822	-13.655866	-50.498605
0.014979	-0.713082	-15.645245	-13.679315	-50.572277
0.015367	-0.708215	-15.708698	-13.702619	-50.645970
0.015753	-0.703033	-15.772181	-13.725774	-50.719685
0.016136	-0.697576	-15.835692	-13.748775	-50.793422
0.016517	-0.690876	-15.899233	-13.771620	-50.867183
0.016896	-0.683963	-15.962803	-13.794304	-50.940969
0.017274	-0.676866	-16.026401	-13.816823	-51.014781
0.017651	-0.668608	-16.090028	-13.839175	-51.088619
0.018028	-0.660211	-16.153682	-13.861354	-51.162486
0.018404	-0.650697	-16.217362	-13.883357	-51.236383
0.000000	0.000000	-16.217362	-13.883357	-51.236383
