0.057860	-0.952489	0.000000	0.000000	0.000000
0.053049	-0.947873	0.099998	0.000335	-0.000471
0.048255	-0.943357	0.199992	0.000980	-0.001374
0.043496	-0.939224	0.299980	0.001908	-0.002667
0.038789	-0.935893	0.399959	0.003093	-0.004311
0.034151	-0.934005	0.499930	0.004508	-0.006267
0.029598	-0.935586	0.599892	0.006126	-0.008497
0.025150	-0.940346	0.699845	0.007920	-0.010966
0.020827	-0.953325	0.799791	0.009861	-0.013638
0.016653	-0.979368	0.899729	0.011923	-0.016479
0.012666	-1.031045	0.999661	0.014078	-0.019459
0.008941	-1.139825	1.099589	0.016298	-0.022547
0.005702	-1.400482	1.199513	0.018556	-0.025717
0.003819	-2.059480	1.299436	0.020822	-0.028942
0.004750	-2.842938	1.399357	0.023071	-0.032202
0.007271	3.102341	1.499279	0.025275	-0.035475
0.010102	2.977812	1.599203	0.027406	-0.038746
0.012921	2.932238	1.699130	0.029437	-0.042000
0.015644	2.924294	1.799059	0.031342	-0.045227
0.018253	2.938033	1.898993	0.033095	-0.048420
0.020750	2.966388	1.998931	0.034668	-0.051577
0.023157	3.005461	2.098873	0.036037	-0.054698
0.025505	3.051747	2.198818	0.037177	-0.057787
0.027829	3.101627	2.298767	0.038063	-0.060853
0.030161	-3.127988	2.398719	0.038671	-0.063908
0.032528	-3.074198	2.498672	0.038977	-0.066967
0.034950	-3.019353	2.598624	0.038959	-0.070048
0.037443	-2.966382	2.698575	0.038593	-0.073172
0.040014	-2.914013	2.798521	0.037859	-0.076360
0.042665	-2.864798	2.898461	0.036736	-0.079639
0.045393	-2.818136	2.998392	0.035201	-0.083033
0.048190	-2.773297	3.098310	0.033237	-0.086572
0.051044	-2.732444	3.198212	0.030823	-0.090283
0.053938	-2.694656	3.298094	0.027940	-0.094197
0.056854	-2.659952	3.397951	0.024572	-0.098343
0.059771	-2.627303	3.497779	0.020700	-0.102751
0.062668	-2.598654	3.597571	0.016308	-0.107452
0.065521	-2.572935	3.697323	0.011380	-0.112475
0.068306	-2.550068	3.797029	0.005901	-0.117849
0.070998	-2.528980	3.896680	-0.000144	-0.123602
0.073574	-2.511609	3.996270	-0.006769	-0.129761
0.076011	-2.496831	4.095791	-0.013986	-0.136351
0.078308	-2.483270	4.195236	-0.021808	-0.143393
0.080469	-2.472549	4.294595	-0.030247	-0.150911
0.082498	-2.463354	4.393860	-0.039313	-0.158924
0.084400	-2.455418	4.493022	-0.049018	-0.167449
0.086181	-2.447514	4.592072	-0.059371	-0.176503
0.087850	-2.441443	4.691000	-0.070380	-0.186102
0.089412	-2.436030	4.789795	-0.082054	-0.196259
0.090876	-2.430119	4.888448	-0.094402	-0.206988
0.092250	-2.425569	4.986949	-0.107428	-0.218301
0.093541	-2.421252	5.085286	-0.121140	-0.230208
0.094758	-2.416046	5.183449	-0.135544	-0.242721
0.095909	-2.411842	5.281426	-0.150644	-0.255850
0.097003	-2.406533	5.379208	-0.166444	-0.269604
0.098048	-2.402022	5.476781	-0.182948	-0.283993
0.099053	-2.396213	5.574135	-0.200158	-0.299025
0.100027	-2.391017	5.671259	-0.218076	-0.314710
0.100978	-2.384347	5.768139	-0.236704	-0.331057
0.101918	-2.378124	5.864764	-0.256042	-0.348074
0.102854	-2.370269	5.961122	-0.276091	-0.365772
0.103795	-2.361733	6.057200	-0.296849	-0.384161
0.104744	-2.353563	6.152985	-0.318313	-0.403250
0.105698	-2.343825	6.248465	-0.340483	-0.423052
0.106658	-2.333585	6.343626	-0.363356	-0.443576
0.107624	-2.322905	6.438455	-0.386926	-0.464835
0.108595	-2.312844	6.532938	-0.411189	-0.486841
0.109569	-2.301460	6.627061	-0.436141	-0.509605
0.110548	-2.290809	6.720811	-0.461776	-0.533141
0.111528	-2.278942	6.814172	-0.488087	-0.557460
0.112509	-2.267911	6.907130	-0.515068	-0.582575
0.113491	-2.255762	6.999671	-0.542712	-0.608497
0.114470	-2.244542	7.091780	-0.571011	-0.635240
0.115446	-2.233294	7.183441	-0.599956	-0.662815
0.116415	-2.221060	7.274640	-0.629539	-0.691233
0.117377	-2.209877	7.365362	-0.659751	-0.720507
0.118329	-2.199784	7.455589	-0.690581	-0.750647
0.119268	-2.188816	7.545308	-0.722022	-0.781664
0.120191	-2.178005	7.634501	-0.754063	-0.813568
0.121096	-2.168383	7.723154	-0.786694	-0.846369
0.121980	-2.157980	7.811250	-0.819904	-0.880076
0.122839	-2.148817	7.898774	-0.853684	-0.914697
0.123673	-2.139882	7.985708	-0.888022	-0.950240
0.124483	-2.131159	8.072038	-0.922908	-0.986712
0.125268	-2.122631	8.157746	-0.958331	-1.024119
0.126028	-2.114282	8.242816	-0.994280	-1.062468
0.126764	-2.107097	8.327233	-1.030744	-1.101763
0.127475	-2.099061	8.410981	-1.067713	-1.142009
0.128162	-2.091161	8.494042	-1.105174	-1.183210
0.128826	-2.084383	8.576401	-1.143116	-1.225370
0.129466	-2.076715	8.658042	-1.181527	-1.268490
0.130083	-2.070143	8.738948	-1.220395	-1.312574
0.130678	-2.062657	8.819105	-1.259708	-1.357623
0.131250	-2.055245	8.898496	-1.299453	-1.403638
0.131801	-2.047895	8.977105	-1.339617	-1.450622
0.132331	-2.040597	9.054918	-1.380186	-1.498573
0.132840	-2.033341	9.131918	-1.421147	-1.547494
0.133329	-2.026117	9.208090	-1.462485	-1.597382
0.133799	-2.018915	9.283421	-1.504187	-1.648238
0.134250	-2.011725	9.357894	-1.546236	-1.700061
0.134683	-2.003540	9.431495	-1.588620	-1.752848
0.135098	-1.995353	9.504210	-1.631321	-1.806599
0.135494	-1.987173	9.576025	-1.674324	-1.861311
0.135869	-1.979013	9.646927	-1.717610	-1.916982
0.136221	-1.970884	9.716901	-1.761164	-1.973609
0.136548	-1.962798	9.785934	-1.804969	-2.031190
0.136849	-1.953766	9.854015	-1.849007	-2.089720
0.137121	-1.944797	9.921130	-1.893258	-2.149196
0.137363	-1.936902	9.987267	-1.937706	-2.209613
0.137571	-1.927090	10.052415	-1.982332	-2.270967
0.137745	-1.918370	10.116563	-2.027115	-2.333252
0.137881	-1.909752	10.179701	-2.072038	-2.396463
0.137978	-1.900243	10.241818	-2.117080	-2.460593
0.138034	-1.891853	10.302905	-2.162222	-2.525635
0.138045	-1.882588	10.362953	-2.207445	-2.591583
0.138011	-1.873458	10.421954	-2.252730	-2.658428
0.137927	-1.864470	10.479900	-2.298055	-2.726162
0.137793	-1.855632	10.536784	-2.343401	-2.794776
0.137605	-1.845952	10.592600	-2.388750	-2.864261
0.137362	-1.837437	10.647342	-2.434080	-2.934606
0.137060	-1.829095	10.701006	-2.479372	-3.005801
0.136699	-1.819926	10.753588	-2.524609	-3.077835
0.136290	-1.810896	10.805083	-2.569769	-3.150696
0.135841	-1.801965	10.855491	-2.614835	-3.224372
0.135366	-1.793094	10.904808	-2.659788	-3.298851
0.134876	-1.784244	10.953034	-2.704608	-3.374119
0.134381	-1.775378	11.000169	-2.749278	-3.450165
0.133895	-1.766462	11.046210	-2.793779	-3.526975
0.133427	-1.756460	11.091160	-2.838095	-3.604536
0.132992	-1.746340	11.135017	-2.882204	-3.682836
0.132599	-1.737069	11.177783	-2.926089	-3.761863
0.132262	-1.725619	11.219458	-2.969732	-3.841603
0.131993	-1.714961	11.260044	-3.013112	-3.922045
0.131803	-1.704070	11.299541	-3.056210	-4.003178
0.131705	-1.691923	11.337949	-3.099006	-4.084991
0.131711	-1.679501	11.375270	-3.141480	-4.167472
0.131835	-1.666789	11.411504	-3.183608	-4.250612
0.132088	-1.652774	11.446650	-3.225371	-4.334402
0.132483	-1.638450	11.480709	-3.266742	-4.418831
0.133034	-1.623814	11.513681	-3.307698	-4.503893
0.133753	-1.607867	11.545563	-3.348214	-4.589578
0.134647	-1.591644	11.576355	-3.388261	-4.675881
0.135696	-1.575278	11.606054	-3.427810	-4.762793
0.136875	-1.557919	11.634659	-3.466832	-4.850309
0.138156	-1.541709	11.662165	-3.505296	-4.938422
0.139512	-1.524773	11.688571	-3.543170	-5.027126
0.140914	-1.508227	11.713872	-3.580423	-5.116413
0.142336	-1.493177	11.738066	-3.617020	-5.206275
0.143746	-1.477715	11.761149	-3.652932	-5.296704
0.145118	-1.464927	11.783119	-3.688127	-5.387692
0.146421	-1.452893	11.803970	-3.722575	-5.479226
0.147626	-1.442685	11.823700	-3.756249	-5.571295
0.148704	-1.434374	11.842304	-3.789124	-5.663887
0.149625	-1.428033	11.859777	-3.821177	-5.756985
0.150362	-1.424731	11.876115	-3.852388	-5.850574
0.150886	-1.423548	11.891311	-3.882743	-5.944637
0.151169	-1.425568	11.905359	-3.912230	-6.039152
0.151183	-1.429886	11.918251	-3.940843	-6.134100
0.150902	-1.437614	11.929981	-3.968581	-6.229457
0.150302	-1.447880	11.940540	-3.995447	-6.325200
0.149357	-1.460839	11.949923	-4.021452	-6.421303
0.148057	-1.477624	11.958121	-4.046609	-6.517739
0.146430	-1.497197	11.965128	-4.070941	-6.614480
0.144515	-1.519476	11.970940	-4.094474	-6.711498
0.142352	-1.542391	11.975553	-4.117239	-6.808762
0.139978	-1.567869	11.978966	-4.139270	-6.906246
0.137435	-1.594831	11.981180	-4.160604	-7.003918
0.134758	-1.622189	11.982197	-4.181283	-7.101752
0.131984	-1.649839	11.982022	-4.201346	-7.199718
0.129150	-1.678655	11.980664	-4.220834	-7.297792
0.126288	-1.708484	11.978133	-4.239789	-7.395946
0.123428	-1.737138	11.974439	-4.258254	-7.494157
0.120600	-1.766394	11.969596	-4.276269	-7.592402
0.117828	-1.795985	11.963619	-4.293875	-7.690658
0.115134	-1.823599	11.956524	-4.311109	-7.788906
0.112537	-1.850876	11.948327	-4.328010	-7.887126
0.110050	-1.876404	11.939046	-4.344610	-7.985301
0.107686	-1.900725	11.928700	-4.360941	-8.083414
0.105453	-1.921335	11.917308	-4.377033	-8.181451
0.103356	-1.939687	11.904886	-4.392909	-8.279398
0.101400	-1.954194	11.891455	-4.408590	-8.377244
0.099585	-1.964350	11.877032	-4.424093	-8.474976
0.097898	-1.970069	11.861635	-4.439429	-8.572586
0.096324	-1.971403	11.845282	-4.454604	-8.670066
0.094855	-1.968431	11.827987	-4.469622	-8.767407
0.093483	-1.961263	11.809770	-4.484480	-8.864605
0.092206	-1.951034	11.790644	-4.499174	-8.961653
0.091021	-1.936908	11.770625	-4.513694	-9.058547
0.089931	-1.918071	11.749730	-4.528029	-9.155283
0.088936	-1.896740	11.727972	-4.542165	-9.251858
0.088037	-1.872151	11.705368	-4.556084	-9.348270
0.087237	-1.844568	11.681932	-4.569765	-9.444518
0.086537	-1.815277	11.657679	-4.583189	-9.540599
0.085936	-1.782579	11.632626	-4.596331	-9.636514
0.085433	-1.748794	11.606787	-4.609167	-9.732261
0.085023	-1.712249	11.580178	-4.621670	-9.827842
0.084701	-1.675278	11.552817	-4.633815	-9.923256
0.084458	-1.638213	11.524722	-4.645572	-10.018505
0.084284	-1.600382	11.495908	-4.656915	-10.113590
0.084165	-1.563102	11.466395	-4.667817	-10.208512
0.084087	-1.527677	11.436201	-4.678252	-10.303272
0.084034	-1.493352	11.405345	-4.688195	-10.397871
0.083992	-1.461181	11.373844	-4.697622	-10.492311
0.083951	-1.430164	11.341717	-4.706513	-10.586591
0.083898	-1.402295	11.308982	-4.714846	-10.680713
0.083824	-1.376561	11.275656	-4.722606	-10.774677
0.083717	-1.353942	11.241756	-4.729777	-10.868482
0.083568	-1.332419	11.207297	-4.736344	-10.962127
0.083366	-1.313966	11.172294	-4.742298	-11.055612
0.083103	-1.296560	11.136763	-4.747628	-11.148934
0.082770	-1.282175	11.100716	-4.752327	-11.242093
0.082357	-1.269788	11.064167	-4.756389	-11.335086
0.081857	-1.259377	11.027128	-4.759811	-11.427911
0.081261	-1.249923	10.989611	-4.762590	-11.520565
0.080562	-1.242411	10.951627	-4.764728	-11.613045
0.079753	-1.236829	10.913187	-4.766225	-11.705350
0.078825	-1.232171	10.874302	-4.767085	-11.797476
0.077772	-1.228438	10.834981	-4.767314	-11.889421
0.076588	-1.226639	10.795236	-4.766918	-11.981182
0.075266	-1.224791	10.755075	-4.765905	-12.072758
0.073799	-1.224922	10.714510	-4.764286	-12.164146
0.072184	-1.225067	10.673551	-4.762072	-12.255346
0.070430	-1.226246	10.632207	-4.759277	-12.346356
0.068547	-1.228483	10.590490	-4.755916	-12.437177
0.066547	-1.230817	10.548412	-4.752004	-12.527809
0.064442	-1.235302	10.505982	-4.747559	-12.618252
0.062243	-1.240008	10.463212	-4.742600	-12.708508
0.059962	-1.246020	10.420113	-4.737146	-12.798579
0.057612	-1.253447	10.376696	-4.731218	-12.888467
0.055206	-1.262416	10.332972	-4.724836	-12.978175
0.052755	-1.273083	10.288952	-4.718024	-13.067706
0.050272	-1.285628	10.244645	-4.710804	-13.157063
0.047773	-1.299267	10.200062	-4.703200	-13.246252
0.045269	-1.316252	10.155214	-4.695235	-13.335275
0.042776	-1.335875	10.110109	-4.686932	-13.424138
0.040308	-1.357476	10.064756	-4.678318	-13.512845
0.037880	-1.383440	10.019166	-4.669414	-13.601402
0.035510	-1.412204	9.973347	-4.660247	-13.689813
0.033212	-1.446246	9.927306	-4.650840	-13.778084
0.031007	-1.484075	9.881052	-4.641217	-13.866220
0.028910	-1.528207	9.834593	-4.631401	-13.954227
0.026941	-1.577153	9.787935	-4.621416	-14.042109
0.025112	-1.633512	9.741085	-4.611284	-14.129873
0.023436	-1.696845	9.694049	-4.601028	-14.217522
0.021929	-1.766552	9.646833	-4.590667	-14.305063
0.020603	-1.844742	9.599443	-4.580224	-14.392499
0.019473	-1.930085	9.551884	-4.569718	-14.479836
0.018549	-2.021671	9.504161	-4.559169	-14.567079
0.017836	-2.117939	9.456277	-4.548594	-14.654230
0.017336	-2.216734	9.408238	-4.538014	-14.741295
0.017039	-2.315518	9.360047	-4.527443	-14.828277
0.016931	-2.411693	9.311707	-4.516900	-14.915180
0.016989	-2.502949	9.263223	-4.506399	-15.002007
0.017187	-2.587516	9.214595	-4.495956	-15.088762
0.017496	-2.665262	9.165828	-4.485585	-15.175446
0.017889	-2.733663	9.116924	-4.475298	-15.262064
0.018339	-2.794669	9.067885	-4.465109	-15.348616
0.018823	-2.847555	9.018712	-4.455029	-15.435105
0.019321	-2.891784	8.969407	-4.445069	-15.521534
0.019815	-2.929901	8.919972	-4.435238	-15.607902
0.020292	-2.962456	8.870407	-4.425545	-15.694212
0.020739	-2.988022	8.820714	-4.415998	-15.780464
0.021150	-3.008337	8.770893	-4.406604	-15.866660
0.021522	-3.025095	8.720944	-4.397369	-15.952798
0.021853	-3.036889	8.670868	-4.388298	-16.038880
0.022143	-3.046230	8.620665	-4.379395	-16.124905
0.022393	-3.052561	8.570334	-4.370664	-16.210874
0.022604	-3.055269	8.519875	-4.362108	-16.296785
0.022778	-3.056696	8.469287	-4.353728	-16.382638
0.022918	-3.055150	8.418571	-4.345527	-16.468432
0.023027	-3.052915	8.367725	-4.337505	-16.554166
0.023107	-3.048253	8.316749	-4.329663	-16.639839
0.023162	-3.042416	8.265642	-4.322000	-16.725451
0.023195	-3.035646	8.214402	-4.314517	-16.810999
0.023208	-3.028182	8.163030	-4.307213	-16.896483
0.023204	-3.020259	8.111523	-4.300087	-16.981902
0.023186	-3.011116	8.059882	-4.293137	-17.067253
0.023156	-3.002993	8.008105	-4.286363	-17.152537
0.023116	-2.993136	7.956192	-4.279762	-17.237751
0.023069	-2.984793	7.904141	-4.273333	-17.322894
0.023016	-2.976221	7.851952	-4.267075	-17.407965
0.022959	-2.968635	7.799625	-4.260985	-17.492964
0.022897	-2.961070	7.747158	-4.255063	-17.577889
0.022833	-2.955517	7.694552	-4.249306	-17.662739
0.022764	-2.949968	7.641807	-4.243713	-17.747513
0.022693	-2.944416	7.588922	-4.238283	-17.832211
0.022619	-2.940856	7.535898	-4.233014	-17.916831
0.022543	-2.937281	7.482734	-4.227906	-18.001374
0.022466	-2.934687	7.429431	-4.222957	-18.085839
0.022387	-2.933070	7.375990	-4.218167	-18.170226
0.022308	-2.932425	7.322411	-4.213534	-18.254534
0.022229	-2.933747	7.268694	-4.209058	-18.338762
0.022152	-2.935031	7.214841	-4.204739	-18.422912
0.022076	-2.937270	7.160852	-4.200576	-18.506983
0.022004	-2.940457	7.106728	-4.196569	-18.590974
0.021935	-2.945582	7.052471	-4.192719	-18.674887
0.021871	-2.950634	6.998082	-4.189025	-18.758722
0.021813	-2.957598	6.943562	-4.185488	-18.842478
0.021762	-2.965457	6.888913	-4.182108	-18.926156
0.021719	-2.975192	6.834136	-4.178887	-19.009757
0.021685	-2.985777	6.779233	-4.175825	-19.093281
0.021661	-2.997174	6.724206	-4.172924	-19.176729
0.021647	-3.009303	6.669057	-4.170185	-19.260103
0.021642	-3.023073	6.613788	-4.167610	-19.343401
0.021646	-3.037393	6.558400	-4.165201	-19.426626
0.021658	-3.052175	6.502897	-4.162959	-19.509779
0.021678	-3.068330	6.447280	-4.160888	-19.592860
0.021704	-3.084773	6.391551	-4.158988	-19.675870
0.021735	-3.101424	6.335714	-4.157263	-19.758812
0.021770	-3.118204	6.279771	-4.155716	-19.841685
0.021809	-3.136039	6.223724	-4.154347	-19.924491
0.021850	3.130325	6.167576	-4.153161	-20.007231
0.021891	3.112585	6.111329	-4.152158	-20.089908
0.021931	3.094984	6.054987	-4.151342	-20.172521
0.021968	3.078578	5.998553	-4.150716	-20.255072
0.022001	3.061418	5.942028	-4.150280	-20.337564
0.022029	3.044549	5.885416	-4.150037	-20.419996
0.022048	3.028014	5.828720	-4.149990	-20.502370
0.022059	3.011849	5.771943	-4.150140	-20.584688
0.022057	2.996089	5.715087	-4.150488	-20.666952
0.022042	2.980762	5.658155	-4.151036	-20.749162
0.022013	2.965891	5.601150	-4.151786	-20.831320
0.021968	2.951478	5.544076	-4.152739	-20.913427
0.021910	2.938523	5.486934	-4.153894	-20.995485
0.021837	2.925030	5.429728	-4.155254	-21.077495
0.021752	2.913008	5.372460	-4.156817	-21.159458
0.021655	2.900467	5.315132	-4.158585	-21.241375
0.021546	2.889423	5.257748	-4.160557	-21.323248
0.021426	2.877895	5.200310	-4.162733	-21.405078
0.021295	2.867904	5.142820	-4.165113	-21.486866
0.021155	2.858476	5.085281	-4.167696	-21.568613
0.021006	2.849643	5.027694	-4.170481	-21.650319
0.020847	2.841436	4.970062	-4.173467	-21.731987
0.020681	2.833893	4.912387	-4.176654	-21.813617
0.020508	2.827056	4.854670	-4.180040	-21.895209
0.020327	2.821970	4.796913	-4.183623	-21.976765
0.020141	2.816684	4.739118	-4.187403	-22.058284
0.019949	2.813252	4.681286	-4.191378	-22.139769
0.019752	2.809732	4.623418	-4.195546	-22.221218
0.019552	2.808186	4.565515	-4.199905	-22.302632
0.019348	2.807680	4.507579	-4.204453	-22.384012
0.019142	2.808256	4.449609	-4.209190	-22.465357
0.018935	2.809835	4.391606	-4.214111	-22.546668
0.018728	2.812307	4.333572	-4.219216	-22.627945
0.018523	2.815556	4.275504	-4.224502	-22.709187
0.018320	2.819459	4.217405	-4.229967	-22.790394
0.018120	2.823887	4.159273	-4.235609	-22.871566
0.017926	2.829704	4.101110	-4.241426	-22.952703
0.017738	2.834766	4.042913	-4.247415	-23.033803
0.017557	2.839922	3.984684	-4.253575	-23.114868
0.017385	2.845013	3.926422	-4.259903	-23.195895
0.017222	2.849872	3.868126	-4.266398	-23.276886
0.017070	2.854325	3.809798	-4.273058	-23.357839
0.016929	2.858194	3.751436	-4.279881	-23.438755
0.016801	2.861295	3.693040	-4.286865	-23.519632
0.016687	2.862442	3.634611	-4.294009	-23.600471
0.016587	2.863446	3.576148	-4.301313	-23.681272
0.016502	2.862122	3.517653	-4.308774	-23.762035
0.016435	2.859286	3.459124	-4.316393	-23.842759
0.016385	2.854762	3.400564	-4.324168	-23.923446
0.016355	2.847383	3.341973	-4.332099	-24.004094
0.016346	2.839047	3.283352	-4.340187	-24.084705
0.016356	2.827868	3.224702	-4.348432	-24.165280
0.016385	2.814017	3.166026	-4.356834	-24.245818
0.016430	2.799675	3.107324	-4.365394	-24.326322
0.016491	2.783021	3.048599	-4.374113	-24.406791
0.016567	2.765234	2.989852	-4.382992	-24.487228
0.016654	2.746489	2.931088	-4.392033	-24.567633
0.016752	2.726954	2.872307	-4.401237	-24.648008
0.016860	2.706787	2.813514	-4.410606	-24.728355
0.016974	2.686137	2.754710	-4.420140	-24.808674
0.017094	2.664138	2.695898	-4.429842	-24.888968
0.017216	2.642913	2.637082	-4.439714	-24.969237
0.017339	2.621570	2.578265	-4.449756	-25.049485
0.017460	2.599204	2.519450	-4.459970	-25.129713
0.017577	2.577896	2.460640	-4.470358	-25.209922
0.017687	2.556712	2.401838	-4.480920	-25.290114
0.017787	2.535706	2.343049	-4.491659	-25.370292
0.017874	2.513920	2.284274	-4.502574	-25.450457
0.017945	2.493381	2.225518	-4.513667	-25.530611
0.017997	2.473109	2.166783	-4.524937	-25.610756
0.018029	2.454089	2.108074	-4.536386	-25.690894
0.018039	2.434214	2.049392	-4.548013	-25.771027
0.018030	2.414360	1.990741	-4.559817	-25.851156
0.018002	2.395407	1.932123	-4.571799	-25.931284
0.017957	2.375240	1.873543	-4.583957	-26.011412
0.017896	2.355746	1.815002	-4.596289	-26.091542
0.017822	2.335816	1.756503	-4.608796	-26.171676
0.017734	2.315342	1.698049	-4.621475	-26.251816
0.017636	2.295219	1.639644	-4.634325	-26.331964
0.017530	2.273344	1.581289	-4.647343	-26.412121
0.017416	2.250617	1.522987	-4.660528	-26.492290
0.017298	2.227943	1.464741	-4.673878	-26.572473
0.017178	2.204230	1.406554	-4.687389	-26.652671
0.017059	2.179396	1.348428	-4.701060	-26.732886
0.016942	2.153364	1.290367	-4.714887	-26.813122
0.016831	2.126072	1.232373	-4.728868	-26.893379
0.016729	2.098470	1.174449	-4.743001	-26.973660
0.016639	2.068526	1.116598	-4.757281	-27.053968
0.016563	2.038232	1.058824	-4.771707	-27.134305
0.016507	2.006599	1.001129	-4.786274	-27.214674
0.016471	1.973701	0.943517	-4.800980	-27.295076
0.016458	1.940755	0.885991	-4.815822	-27.375516
0.016468	1.906015	0.828554	-4.830796	-27.455995
0.016500	1.871737	0.771211	-4.845899	-27.536516
0.016554	1.836170	0.713965	-4.861127	-27.617083
0.016628	1.801554	0.656820	-4.876477	-27.697697
0.016722	1.767112	0.599778	-4.891947	-27.778364
0.016832	1.733047	0.542846	-4.907532	-27.859084
0.016958	1.699540	0.486024	-4.923229	-27.939861
0.017096	1.666743	0.429319	-4.939034	-28.020698
0.017243	1.634786	0.372733	-4.954945	-28.101599
0.017397	1.602770	0.316269	-4.970958	-28.182564
0.017554	1.572771	0.259932	-4.987069	-28.263599
0.017710	1.543841	0.203724	-5.003274	-28.344704
0.017861	1.515013	0.147649	-5.019571	-28.425883
0.018005	1.488298	0.091709	-5.035956	-28.507138
0.018138	1.461691	0.035909	-5.052424	-28.588471
0.018255	1.436174	-0.019751	-5.068973	-28.669884
0.018353	1.411716	-0.075266	-5.085599	-28.751380
0.018428	1.387275	-0.130636	-5.102298	-28.832961
0.018478	1.363912	-0.185858	-5.119066	-28.914627
0.018509	1.342128	-0.240931	-5.135900	-28.996380
0.018525	1.322570	-0.295854	-5.152795	-29.078222
0.018532	1.305921	-0.350625	-5.169749	-29.160153
0.018534	1.291895	-0.405244	-5.186758	-29.242174
0.018535	1.282228	-0.459711	-5.203821	-29.324285
0.018542	1.277670	-0.514024	-5.220934	-29.406487
0.018558	1.279971	-0.568183	-5.238098	-29.488781
0.018593	1.286857	-0.622189	-5.255313	-29.571164
0.018657	1.301999	-0.676040	-5.272579	-29.653638
0.018765	1.324969	-0.729737	-5.289901	-29.736201
0.018934	1.356162	-0.783279	-5.307281	-29.818851
0.019188	1.395718	-0.836666	-5.324727	-29.901589
0.019557	1.443420	-0.889897	-5.342246	-29.984411
0.020074	1.498600	-0.942972	-5.359847	-30.067317
0.020777	1.561095	-0.995888	-5.377542	-30.150303
0.021705	1.627272	-1.048646	-5.395346	-30.233367
0.022898	1.696156	-1.101243	-5.413275	-30.316507
0.024392	1.766636	-1.153677	-5.431348	-30.399717
0.026221	1.835714	-1.205945	-5.449587	-30.482996
0.028404	1.901580	-1.258046	-5.468018	-30.566338
0.030933	1.962523	-1.309974	-5.486666	-30.649739
0.033782	2.017598	-1.361727	-5.505564	-30.733192
0.036923	2.067564	-1.413299	-5.524742	-30.816694
0.040323	2.111640	-1.464686	-5.544238	-30.900236
0.043948	2.150294	-1.515882	-5.564088	-30.983812
0.047763	2.183097	-1.566882	-5.584329	-31.067414
0.051736	2.212640	-1.617679	-5.605003	-31.151034
0.055834	2.239483	-1.668266	-5.626149	-31.234663
0.060024	2.262129	-1.718636	-5.647811	-31.318291
0.064276	2.282021	-1.768784	-5.670029	-31.401907
0.068558	2.299541	-1.818699	-5.692846	-31.485500
0.072842	2.315012	-1.868375	-5.716305	-31.569058
0.077097	2.329711	-1.917802	-5.740446	-31.652569
0.081294	2.341871	-1.966973	-5.765313	-31.736019
0.085406	2.352685	-2.015878	-5.790943	-31.819394
0.089403	2.362320	-2.064508	-5.817378	-31.902679
0.093257	2.371912	-2.112853	-5.844653	-31.985859
0.096941	2.379578	-2.160904	-5.872804	-32.068916
0.100426	2.386413	-2.208651	-5.901866	-32.151836
0.103691	2.391505	-2.256084	-5.931869	-32.234600
0.106732	2.396946	-2.303192	-5.962842	-32.317193
0.109552	2.401817	-2.349966	-5.994810	-32.399596
0.112153	2.406182	-2.396394	-6.027797	-32.481792
0.114537	2.409094	-2.442468	-6.061824	-32.563764
0.116708	2.412596	-2.488176	-6.096910	-32.645494
0.118668	2.414722	-2.533508	-6.133069	-32.726965
0.120419	2.417501	-2.578456	-6.170316	-32.808158
0.121964	2.418954	-2.623007	-6.208662	-32.889058
0.123307	2.420101	-2.667154	-6.248116	-32.969646
0.124450	2.421955	-2.710885	-6.288683	-33.049908
0.125395	2.422527	-2.754192	-6.330369	-33.129825
0.126147	2.423825	-2.797066	-6.373175	-33.209383
0.126707	2.423853	-2.839499	-6.417102	-33.288566
0.127079	2.424613	-2.881481	-6.462147	-33.367360
0.127265	2.424106	-2.923006	-6.508307	-33.445749
0.127269	2.424329	-2.964066	-6.555576	-33.523722
0.127094	2.424277	-3.004653	-6.603946	-33.601266
0.126743	2.422944	-3.044763	-6.653407	-33.678368
0.126218	2.422319	-3.084389	-6.703950	-33.755018
0.125525	2.421395	-3.123526	-6.755560	-33.831206
0.124672	2.420171	-3.162168	-6.808224	-33.906925
0.123670	2.419649	-3.200313	-6.861927	-33.982164
0.122528	2.417827	-3.237958	-6.916651	-34.056918
0.121256	2.415704	-3.275100	-6.972378	-34.131181
0.119866	2.413278	-3.311737	-7.029090	-34.204948
0.118367	2.411545	-3.347866	-7.086766	-34.278215
0.116769	2.408502	-3.383488	-7.145386	-34.350981
0.115084	2.406143	-3.418600	-7.204929	-34.423243
0.113320	2.402463	-3.453205	-7.265372	-34.495000
0.111488	2.398459	-3.487301	-7.326694	-34.566254
0.109599	2.395126	-3.520889	-7.388872	-34.637005
0.107663	2.390459	-3.553970	-7.451883	-34.707256
0.105690	2.385455	-3.586545	-7.515704	-34.777011
0.103690	2.381113	-3.618616	-7.580313	-34.846273
0.101674	2.375433	-3.650185	-7.645686	-34.915046
0.099652	2.369417	-3.681254	-7.711801	-34.983336
0.097633	2.363069	-3.711824	-7.778635	-35.051149
0.095629	2.356399	-3.741898	-7.846167	-35.118492
0.093648	2.349419	-3.771478	-7.914373	-35.185372
0.091700	2.342142	-3.800567	-7.983233	-35.251796
0.089784	2.333567	-3.829167	-8.052726	-35.317771
0.087899	2.325689	-3.857279	-8.122832	-35.383307
0.086045	2.316501	-3.884907	-8.193530	-35.448410
0.084218	2.307998	-3.912052	-8.264802	-35.513091
0.082419	2.298171	-3.938717	-8.336627	-35.577357
0.080645	2.289013	-3.964904	-8.408988	-35.641217
0.078894	2.278515	-3.990616	-8.481865	-35.704681
0.077167	2.267666	-4.015855	-8.555243	-35.767759
0.075460	2.257456	-4.040625	-8.629102	-35.830459
0.073773	2.245871	-4.064927	-8.703426	-35.892791
0.072105	2.233896	-4.088766	-8.778198	-35.954766
0.070453	2.222517	-4.112143	-8.853402	-36.016393
0.068816	2.209712	-4.135062	-8.929022	-36.077682
0.067194	2.197463	-4.157527	-9.005042	-36.138644
0.065584	2.183744	-4.179541	-9.081446	-36.199289
0.063985	2.170528	-4.201108	-9.158219	-36.259628
0.062396	2.156785	-4.222232	-9.235346	-36.319670
0.060816	2.142477	-4.242917	-9.312814	-36.379427
0.059243	2.127566	-4.263168	-9.390606	-36.438910
0.057677	2.112001	-4.282989	-9.468710	-36.498129
0.056117	2.095718	-4.302386	-9.547112	-36.557096
0.054565	2.079643	-4.321363	-9.625796	-36.615820
0.053021	2.061691	-4.339925	-9.704751	-36.674315
0.051486	2.043772	-4.358079	-9.783962	-36.732590
0.049961	2.024783	-4.375829	-9.863418	-36.790657
0.048448	2.003611	-4.393182	-9.943103	-36.848528
0.046949	1.982131	-4.410144	-10.023007	-36.906214
0.045465	1.959205	-4.426721	-10.103116	-36.963728
0.043999	1.934680	-4.442918	-10.183417	-37.021081
0.042554	1.908388	-4.458742	-10.263899	-37.078285
0.041132	1.880145	-4.474200	-10.344548	-37.135352
0.039739	1.849752	-4.489299	-10.425354	-37.192296
0.038378	1.816993	-4.504044	-10.506303	-37.249127
0.037054	1.781639	-4.518442	-10.587383	-37.305860
0.035775	1.743454	-4.532500	-10.668584	-37.362507
0.034545	1.702193	-4.546225	-10.749892	-37.419082
0.033374	1.657618	-4.559623	-10.831296	-37.475596
0.032270	1.609510	-4.572702	-10.912783	-37.532065
0.031242	1.557683	-4.585468	-10.994343	-37.588501
0.030303	1.501035	-4.597928	-11.075963	-37.644918
0.029463	1.441667	-4.610089	-11.157632	-37.701331
0.028735	1.377841	-4.621957	-11.239337	-37.757753
0.028130	1.311973	-4.633540	-11.321066	-37.814199
0.027655	1.242635	-4.644845	-11.402808	-37.870683
0.027317	1.171541	-4.655878	-11.484551	-37.927220
0.027119	1.100518	-4.666647	-11.566282	-37.983824
0.027060	1.028452	-4.677158	-11.647991	-38.040508
0.027137	0.957233	-4.687418	-11.729666	-38.097288
0.027343	0.888692	-4.697433	-11.811295	-38.154177
0.027667	0.821552	-4.707212	-11.892868	-38.211189
0.028098	0.758396	-4.716759	-11.974372	-38.268337
0.028623	0.697650	-4.726081	-12.055798	-38.325634
0.029225	0.641585	-4.735185	-12.137133	-38.383094
0.029892	0.588337	-4.744078	-12.218369	-38.440728
0.030606	0.539926	-4.752765	-12.299494	-38.498549
0.031355	0.495282	-4.761252	-12.380499	-38.556568
0.032124	0.454274	-4.769545	-12.461374	-38.614796
0.032900	0.416728	-4.777649	-12.542109	-38.673244
0.033671	0.382446	-4.785571	-12.622695	-38.731922
0.034425	0.352205	-4.793315	-12.703125	-38.790838
0.035156	0.323731	-4.800887	-12.783389	-38.850002
0.035857	0.298759	-4.808290	-12.863479	-38.909422
0.036525	0.275051	-4.815530	-12.943389	-38.969104
0.037154	0.254393	-4.822611	-13.023111	-39.029057
0.037742	0.235597	-4.829538	-13.102638	-39.089285
0.038286	0.218495	-4.836314	-13.181964	-39.149795
0.038783	0.202937	-4.842942	-13.261083	-39.210592
0.039231	0.188795	-4.849427	-13.339990	-39.271680
0.039630	0.175951	-4.855772	-13.418679	-39.333062
0.039977	0.164307	-4.861980	-13.497145	-39.394743
0.040271	0.153772	-4.868054	-13.575385	-39.456724
0.040512	0.144272	-4.873997	-13.653394	-39.519008
0.040698	0.135737	-4.879812	-13.731168	-39.581596
0.040830	0.128111	-4.885501	-13.808705	-39.644491
0.040906	0.120345	-4.891068	-13.886001	-39.707691
0.040927	0.114396	-4.896514	-13.963055	-39.771198
0.040892	0.108229	-4.901841	-14.039864	-39.835010
0.040801	0.103817	-4.907053	-14.116426	-39.899128
0.040655	0.099138	-4.912151	-14.192740	-39.963549
0.040453	0.095168	-4.917137	-14.268806	-40.028272
0.040199	0.091865	-4.922014	-14.344624	-40.093295
0.039896	0.089185	-4.926783	-14.420193	-40.158614
0.039549	0.086088	-4.931445	-14.495513	-40.224228
0.039161	0.084541	-4.936004	-14.570586	-40.290131
0.038736	0.082514	-4.940460	-14.645413	-40.356321
0.038278	0.081980	-4.944815	-14.719994	-40.422794
0.037791	0.080913	-4.949071	-14.794332	-40.489545
0.037279	0.080291	-4.953229	-14.868429	-40.556570
0.036747	0.081093	-4.957290	-14.942287	-40.623865
0.036198	0.081298	-4.961257	-15.015908	-40.691423
0.035637	0.081887	-4.965129	-15.089295	-40.759242
0.035067	0.083838	-4.968909	-15.162451	-40.827315
0.034493	0.085132	-4.972597	-15.235379	-40.895638
0.033919	0.087746	-4.976193	-15.308080	-40.964205
0.033350	0.089656	-4.979700	-15.380560	-41.033012
0.032788	0.092837	-4.983117	-15.452820	-41.102054
0.032240	0.095259	-4.986445	-15.524864	-41.171326
0.031708	0.098890	-4.989684	-15.596695	-41.240823
0.031197	0.102695	-4.992836	-15.668316	-41.310541
0.030711	0.106641	-4.995900	-15.739730	-41.380474
0.030247	0.111719	-4.998876	-15.810939	-41.450620
0.029806	0.115929	-5.001764	-15.881946	-41.520973
0.029384	0.121268	-5.004565	-15.952755	-41.591530
0.028980	0.125734	-5.007278	-16.023367	-41.662287
0.028593	0.131327	-5.009903	-16.093785	-41.733241
0.028220	0.137044	-5.012439	-16.164012	-41.804387
0.027860	0.142884	-5.014887	-16.234049	-41.875723
0.027511	0.148845	-5.017245	-16.303899	-41.947245
0.027171	0.154927	-5.019514	-16.373564	-42.018950
0.026839	0.161130	-5.021692	-16.443047	-42.090835
0.026512	0.167455	-5.023780	-16.512349	-42.162896
0.026190	0.173901	-5.025777	-16.581473	-42.235132
0.025869	0.180471	-5.027683	-16.650420	-42.307538
0.025549	0.187169	-5.029496	-16.719193	-42.380111
0.025227	0.193999	-5.031216	-16.787795	-42.452850
0.024902	0.200965	-5.032844	-16.856226	-42.525750
0.024573	0.207076	-5.034378	-16.924491	-42.598809
0.024236	0.214339	-5.035819	-16.992590	-42.672025
0.023891	0.220767	-5.037166	-17.060526	-42.745393
0.023537	0.228360	-5.038418	-17.128301	-42.818911
0.023172	0.235081	-5.039577	-17.195919	-42.892575
0.022798	0.241877	-5.040641	-17.263381	-42.966384
0.022414	0.248692	-5.041611	-17.330691	-43.040333
0.022021	0.255466	-5.042487	-17.397850	-43.114420
0.021620	0.261135	-5.043269	-17.464862	-43.188641
0.021209	0.267630	-5.043959	-17.531730	-43.262993
0.020789	0.272874	-5.044556	-17.598456	-43.337473
0.020361	0.278787	-5.045061	-17.665044	-43.412078
0.019925	0.283276	-5.045475	-17.731495	-43.486804
0.019479	0.287243	-5.045799	-17.797814	-43.561649
0.019026	0.290578	-5.046036	-17.864003	-43.636609
0.018564	0.293156	-5.046185	-17.930065	-43.711681
0.018094	0.294842	-5.046249	-17.996003	-43.786862
0.017616	0.295480	-5.046229	-18.061820	-43.862148
0.017130	0.294896	-5.046129	-18.127520	-43.937538
0.016637	0.292892	-5.045949	-18.193105	-44.013027
0.016137	0.289243	-5.045693	-18.258578	-44.088612
0.015630	0.284690	-5.045363	-18.323942	-44.164292
0.015117	0.276935	-5.044963	-18.389201	-44.240063
0.014600	0.266699	-5.044496	-18.454356	-44.315921
0.014079	0.253913	-5.043965	-18.519412	-44.391865
0.013559	0.238567	-5.043375	-18.584371	-44.467892
0.013039	0.220657	-5.042728	-18.649235	-44.543998
0.012522	0.201184	-5.042031	-18.714008	-44.620182
0.012011	0.178161	-5.041286	-18.778692	-44.696441
0.011507	0.152621	-5.040499	-18.843290	-44.772772
0.011011	0.125619	-5.039674	-18.907805	-44.849173
0.010525	0.096242	-5.038816	-18.972240	-44.925642
0.010051	0.063610	-5.037928	-19.036597	-45.002175
0.009588	0.029890	-5.037016	-19.100880	-45.078771
0.009137	-0.005704	-5.036083	-19.165090	-45.155427
0.008698	-0.042907	-5.035134	-19.229232	-45.232141
0.008270	-0.080397	-5.034173	-19.293307	-45.308910
0.007850	-0.119797	-5.033204	-19.357319	-45.385731
0.007438	-0.158669	-5.032229	-19.421271	-45.462602
0.007030	-0.198523	-5.031253	-19.485165	-45.539521
0.006622	-0.236804	-5.030277	-19.549006	-45.616485
0.006211	-0.273887	-5.029306	-19.612796	-45.693491
0.005791	-0.308057	-5.028339	-19.676538	-45.770537
0.005360	-0.340649	-5.027380	-19.740236	-45.847619
0.004917	-0.369635	-5.026429	-19.803893	-45.924735
0.004462	-0.396118	-5.025488	-19.867512	-46.001882
0.003997	-0.420129	-5.024555	-19.931099	-46.079057
0.003525	-0.441586	-5.023633	-19.994655	-46.156256
0.003048	-0.459212	-5.022719	-20.058185	-46.233477
0.002568	-0.474378	-5.021813	-20.121692	-46.310717
0.002089	-0.483717	-5.020915	-20.185181	-46.387973
0.001613	-0.485101	-5.020023	-20.248654	-46.465241
0.001145	-0.470227	-5.019135	-20.312115	-46.542519
0.000690	-0.409362	-5.018251	-20.375568	-46.619804
0.000268	-0.086739	-5.017369	-20.439015	-46.697093
0.000245	1.884421	-5.016486	-20.502461	-46.774384
0.000626	2.244898	-5.015601	-20.565907	-46.851675
0.001006	2.308906	-5.014712	-20.629357	-46.928962
0.001361	2.323146	-5.013817	-20.692813	-47.006244
0.001686	2.319499	-5.012914	-20.756278	-47.083519
0.001976	2.306442	-5.012001	-20.819753	-47.160785
0.002229	2.286832	-5.011076	-20.883240	-47.238042
0.002440	2.260512	-5.010137	-20.946740	-47.315287
0.002608	2.229567	-5.009182	-21.010255	-47.392520
0.002735	2.192372	-5.008210	-21.073785	-47.469741
0.002826	2.150103	-5.007219	-21.137330	-47.546949
0.002883	2.102667	-5.006207	-21.200889	-47.624144
0.002910	2.049786	-5.005174	-21.264464	-47.701328
0.002911	1.991039	-5.004118	-21.328052	-47.778499
0.002890	1.925880	-5.003038	-21.391652	-47.855660
0.002851	1.853658	-5.001933	-21.455264	-47.932812
0.002799	1.773630	-5.000803	-21.518885	-48.009955
0.002736	1.684994	-4.999646	-21.582515	-48.087091
0.002669	1.587937	-4.998464	-21.646150	-48.164221
0.002603	1.479726	-4.997255	-21.709790	-48.241348
0.002541	1.360837	-4.996021	-21.773431	-48.318474
0.002492	1.232144	-4.994761	-21.837071	-48.395599
0.002460	1.092127	-4.993476	-21.900708	-48.472727
0.002451	0.944066	-4.992168	-21.964339	-48.549858
0.002471	0.790110	-4.990838	-22.027962	-48.626997
0.002525	0.631153	-4.989488	-22.091575	-48.704144
0.002617	0.472475	-4.988119	-22.155173	-48.781302
0.002749	0.316268	-4.986734	-22.218756	-48.858473
0.002925	0.166437	-4.985335	-22.282320	-48.935659
0.003147	0.025227	-4.983927	-22.345862	-49.012862
0.003418	-0.104617	-4.982513	-22.409381	-49.090085
0.003738	-0.220483	-4.981095	-22.472873	-49.167329
0.004103	-0.322918	-4.979679	-22.536337	-49.244598
0.004508	-0.412366	-4.978269	-22.599769	-49.321892
0.004950	-0.489822	-4.976869	-22.663167	-49.399214
0.005423	-0.555529	-4.975483	-22.726529	-49.476566
0.005921	-0.611779	-4.974118	-22.789852	-49.553950
0.006440	-0.659791	-4.972777	-22.853133	-49.631369
0.006975	-0.700662	-4.971466	-22.916371	-49.708824
0.007521	-0.734342	-4.970189	-22.979562	-49.786318
0.008073	-0.763645	-4.968951	-23.042703	-49.863853
0.008629	-0.787254	-4.967758	-23.105792	-49.941431
0.009182	-0.807743	-4.966613	-23.168827	-50.019054
0.009731	-0.823587	-4.965523	-23.231804	-50.096724
0.010269	-0.837183	-4.964490	-23.294721	-50.174444
0.010795	-0.846854	-4.963520	-23.357574	-50.252216
0.011303	-0.854870	-4.962616	-23.420363	-50.330042
0.011790	-0.860444	-4.961783	-23.483082	-50.407923
0.012255	-0.863793	-4.961023	-23.545730	-50.485863
0.012695	-0.865244	-4.960340	-23.608305	-50.563863
0.013113	-0.865096	-4.959738	-23.670802	-50.641925
0.013509	-0.864592	-4.959218	-23.733221	-50.720051
0.013884	-0.861929	-4.958783	-23.795557	-50.798243
0.014239	-0.859272	-4.958435	-23.857810	-50.876502
0.014576	-0.854757	-4.958177	-23.919975	-50.954831
0.014896	-0.850502	-4.958009	-23.982052	-51.033231
0.015199	-0.844607	-4.957933	-24.044036	-51.111703
0.015488	-0.838157	-4.957950	-24.105926	-51.190250
0.015763	-0.832230	-4.958062	-24.167720	-51.268872
0.016026	-0.824893	-4.958269	-24.229415	-51.347573
0.016278	-0.817207	-4.958572	-24.291008	-51.426352
0.016520	-0.809226	-4.958971	-24.352498	-51.505211
0.016755	-0.800001	-4.959467	-24.413882	-51.584153
0.016982	-0.790578	-4.960060	-24.475158	-51.663177
0.017204	-0.781001	-4.960749	-24.536323	-51.742287
0.017423	-0.770310	-4.961536	-24.597375	-51.821483
0.017638	-0.759544	-4.962419	-24.658312	-51.900767
0.017852	-0.747739	-4.963398	-24.719130	-51.980141
0.000000	0.000000	-4.963398	-24.719130	-51.980141
