0.051020	-0.858169	0.000000	0.000000	0.000000
0.046627	-0.818761	0.099999	0.000334	-0.000386
0.042316	-0.772463	0.199994	0.000986	-0.001113
0.038119	-0.717627	0.299984	0.001941	-0.002134
0.034075	-0.652051	0.399968	0.003183	-0.003407
0.030227	-0.572814	0.499946	0.004696	-0.004886
0.026632	-0.477089	0.599917	0.006463	-0.006529
0.023359	-0.358091	0.699881	0.008467	-0.008294
0.020500	-0.212487	0.799839	0.010689	-0.010141
0.018163	-0.034946	0.899792	0.013112	-0.012032
0.016466	0.174457	0.999740	0.015716	-0.013928
0.015494	0.407017	1.099685	0.018482	-0.015796
0.015255	0.645062	1.199626	0.021390	-0.017602
0.015647	0.869274	1.299565	0.024421	-0.019317
0.016496	1.066724	1.399504	0.027552	-0.020912
0.017619	1.236078	1.499442	0.030763	-0.022363
0.018860	1.382006	1.599380	0.034031	-0.023647
0.020106	1.508231	1.699319	0.037335	-0.024746
0.021277	1.621426	1.799260	0.040652	-0.025645
0.022324	1.726528	1.899203	0.043958	-0.026331
0.023221	1.827716	1.999149	0.047229	-0.026796
0.023968	1.928385	2.099097	0.050441	-0.027037
0.024610	2.030559	2.199048	0.053569	-0.027053
0.025206	2.134258	2.299002	0.056588	-0.026849
0.025816	2.241716	2.398959	0.059473	-0.026432
0.026504	2.350435	2.498920	0.062196	-0.025813
0.027324	2.461267	2.598885	0.064734	-0.025005
0.028322	2.570581	2.698853	0.067058	-0.024025
0.029532	2.678500	2.798825	0.069145	-0.022893
0.030973	2.781182	2.898800	0.070967	-0.021629
0.032647	2.878061	2.998779	0.072500	-0.020255
0.034543	2.969001	3.098761	0.073717	-0.018797
0.036642	3.051338	3.198746	0.074594	-0.017280
0.038912	3.125834	3.298732	0.075105	-0.015730
0.041322	-3.090605	3.398720	0.075228	-0.014174
0.043834	-3.030290	3.498708	0.074938	-0.012640
0.046410	-2.977962	3.598694	0.074213	-0.011154
0.049014	-2.932123	3.698677	0.073030	-0.009745
0.051608	-2.892273	3.798655	0.071367	-0.008438
0.054158	-2.856947	3.898625	0.069205	-0.007259
0.056629	-2.827730	3.998584	0.066523	-0.006232
0.058992	-2.803165	4.098528	0.063302	-0.005382
0.061238	-2.781482	4.198455	0.059526	-0.004727
0.063363	-2.763966	4.298359	0.055178	-0.004289
0.065368	-2.749037	4.398237	0.050241	-0.004086
0.067255	-2.736219	4.498083	0.044702	-0.004133
0.069027	-2.724114	4.597893	0.038545	-0.004446
0.070691	-2.714386	4.697661	0.031760	-0.005040
0.072252	-2.705747	4.797381	0.024334	-0.005928
0.073717	-2.696948	4.897047	0.016255	-0.007122
0.075093	-2.689767	4.996653	0.007513	-0.008633
0.076387	-2.683008	5.096192	-0.001900	-0.010473
0.077608	-2.675493	5.195657	-0.011994	-0.012651
0.078763	-2.669058	5.295042	-0.022776	-0.015179
0.079861	-2.661552	5.394339	-0.034254	-0.018065
0.080911	-2.654836	5.493541	-0.046434	-0.021321
0.081922	-2.646777	5.592641	-0.059322	-0.024954
0.082902	-2.639253	5.691630	-0.072923	-0.028976
0.083862	-2.630149	5.790501	-0.087240	-0.033397
0.084811	-2.621355	5.889245	-0.102279	-0.038227
0.085759	-2.610772	5.987855	-0.118042	-0.043478
0.086716	-2.599338	6.086323	-0.134531	-0.049161
0.087684	-2.588114	6.184638	-0.151750	-0.055289
0.088663	-2.575193	6.282794	-0.169698	-0.061875
0.089654	-2.561661	6.380780	-0.188377	-0.068934
0.090658	-2.547600	6.478587	-0.207787	-0.076480
0.091673	-2.534091	6.576207	-0.227928	-0.084529
0.092700	-2.519209	6.673629	-0.248799	-0.093097
0.093739	-2.505027	6.770843	-0.270398	-0.102198
0.094789	-2.489613	6.867840	-0.292724	-0.111850
0.095849	-2.475032	6.964609	-0.315775	-0.122069
0.096917	-2.459346	7.061140	-0.339547	-0.132872
0.097994	-2.444612	7.157421	-0.364038	-0.144276
0.099075	-2.429886	7.253443	-0.389244	-0.156298
0.100161	-2.414216	7.349193	-0.415160	-0.168954
0.101247	-2.399652	7.444661	-0.441782	-0.182263
0.102333	-2.386236	7.539835	-0.469106	-0.196240
0.103414	-2.372011	7.634703	-0.497125	-0.210902
0.104488	-2.358012	7.729253	-0.525835	-0.226265
0.105552	-2.345277	7.823473	-0.555230	-0.242345
0.106602	-2.331836	7.917350	-0.585304	-0.259157
0.107635	-2.319711	8.010872	-0.616050	-0.276716
0.108649	-2.307893	8.104026	-0.647461	-0.295037
0.109645	-2.296367	8.196799	-0.679532	-0.314133
0.110622	-2.285116	8.289178	-0.712254	-0.334018
0.111580	-2.274126	8.381150	-0.745620	-0.354705
0.112518	-2.264383	8.472700	-0.779624	-0.376205
0.113437	-2.253874	8.563816	-0.814257	-0.398530
0.114335	-2.243587	8.654484	-0.849512	-0.421692
0.115214	-2.234511	8.744690	-0.885379	-0.445701
0.116072	-2.224633	8.834420	-0.921850	-0.470568
0.116910	-2.215944	8.923660	-0.958917	-0.496303
0.117727	-2.206435	9.012396	-0.996571	-0.522914
0.118524	-2.197094	9.100613	-1.034802	-0.550411
0.119300	-2.187914	9.188298	-1.073599	-0.578802
0.120055	-2.178886	9.275437	-1.112952	-0.608097
0.120790	-2.170003	9.362015	-1.152851	-0.638302
0.121504	-2.161255	9.448018	-1.193284	-0.669425
0.122198	-2.152637	9.533432	-1.234240	-0.701473
0.122871	-2.144140	9.618242	-1.275708	-0.734453
0.123524	-2.134760	9.702435	-1.317675	-0.768370
0.124156	-2.125490	9.785996	-1.360129	-0.803230
0.124767	-2.116335	9.868911	-1.403055	-0.839040
0.125353	-2.107298	9.951167	-1.446441	-0.875804
0.125914	-2.098383	10.032750	-1.490272	-0.913528
0.126448	-2.089594	10.113647	-1.534533	-0.952215
0.126953	-2.079935	10.193843	-1.579212	-0.991869
0.127427	-2.070408	10.273326	-1.624291	-1.032493
0.127868	-2.062016	10.352082	-1.669755	-1.074092
0.128275	-2.051762	10.430100	-1.715588	-1.116666
0.128645	-2.042647	10.507366	-1.761773	-1.160218
0.128976	-2.033676	10.583869	-1.808295	-1.204750
0.129268	-2.023848	10.659596	-1.855135	-1.250262
0.129517	-2.015167	10.734537	-1.902276	-1.296755
0.129723	-2.005634	10.808680	-1.949702	-1.344227
0.129882	-1.996251	10.882015	-1.997394	-1.392679
0.129993	-1.987019	10.954531	-2.045333	-1.442108
0.130054	-1.977940	11.026219	-2.093503	-1.492512
0.130063	-1.968017	11.097069	-2.141884	-1.543888
0.130018	-1.959250	11.167073	-2.190457	-1.596234
0.129918	-1.950641	11.236223	-2.239204	-1.649543
0.129761	-1.941184	11.304512	-2.288108	-1.703813
0.129557	-1.931839	11.371931	-2.337149	-1.759036
0.129316	-1.922560	11.438476	-2.386307	-1.815208
0.129049	-1.913300	11.504139	-2.435566	-1.872321
0.128767	-1.904017	11.568917	-2.484904	-1.930369
0.128480	-1.894667	11.632803	-2.534305	-1.989344
0.128201	-1.885211	11.695794	-2.583749	-2.049240
0.127939	-1.874609	11.757885	-2.633217	-2.110048
0.127707	-1.863823	11.819072	-2.682689	-2.171762
0.127516	-1.853818	11.879353	-2.732146	-2.234374
0.127377	-1.841561	11.938722	-2.781568	-2.297878
0.127303	-1.830021	11.997177	-2.830933	-2.362268
0.127304	-1.818169	12.054715	-2.880222	-2.427537
0.127393	-1.804984	12.111332	-2.929412	-2.493680
0.127582	-1.791443	12.167025	-2.978482	-2.560690
0.127883	-1.777532	12.221790	-3.027407	-2.628566
0.128309	-1.762240	12.275624	-3.076166	-2.697301
0.128872	-1.746561	12.328523	-3.124731	-2.766893
0.129585	-1.730496	12.380483	-3.173077	-2.837341
0.130461	-1.713052	12.431500	-3.221176	-2.908641
0.131506	-1.695267	12.481568	-3.269000	-2.980794
0.132704	-1.677292	12.530682	-3.316518	-3.053800
0.134030	-1.658295	12.578838	-3.363699	-3.127658
0.135460	-1.640428	12.626029	-3.410509	-3.202370
0.136968	-1.621833	12.672248	-3.456916	-3.277935
0.138528	-1.603636	12.717490	-3.502885	-3.354355
0.140113	-1.586947	12.761749	-3.548383	-3.431628
0.141695	-1.569869	12.805017	-3.593375	-3.509754
0.143248	-1.555491	12.847288	-3.637827	-3.588730
0.144743	-1.541895	12.888554	-3.681708	-3.668552
0.146152	-1.530153	12.928808	-3.724987	-3.749215
0.147448	-1.520338	12.968042	-3.767634	-3.830713
0.148601	-1.512516	13.006247	-3.809624	-3.913037
0.149585	-1.507757	13.043412	-3.850934	-3.996176
0.150372	-1.505130	13.079528	-3.891544	-4.080120
0.150934	-1.505712	13.114583	-3.931437	-4.164853
0.151245	-1.508590	13.148565	-3.970604	-4.250358
0.151279	-1.514861	13.181461	-4.009036	-4.336619
0.151013	-1.523637	13.213258	-4.046733	-4.423612
0.150422	-1.535053	13.243941	-4.083697	-4.511317
0.149493	-1.550220	13.273499	-4.119937	-4.599709
0.148252	-1.568075	13.301918	-4.155467	-4.688759
0.146733	-1.588520	13.329187	-4.190306	-4.778440
0.144972	-1.609463	13.355295	-4.224479	-4.868720
0.143004	-1.632813	13.380232	-4.258012	-4.959570
0.140862	-1.657475	13.403994	-4.290934	-5.050957
0.138581	-1.682347	13.426575	-4.323277	-5.142848
0.136193	-1.707314	13.447973	-4.355073	-5.235212
0.133730	-1.733244	13.468190	-4.386356	-5.328017
0.131222	-1.759985	13.487226	-4.417160	-5.421230
0.128696	-1.785357	13.505087	-4.447519	-5.514821
0.126178	-1.811154	13.521780	-4.477467	-5.608760
0.123691	-1.837138	13.537312	-4.507035	-5.703018
0.121256	-1.861033	13.551694	-4.536255	-5.797566
0.118892	-1.884532	13.564935	-4.565158	-5.892378
0.116612	-1.906287	13.577048	-4.593770	-5.987428
0.114431	-1.926916	13.588046	-4.622117	-6.082694
0.112358	-1.944001	13.597943	-4.650222	-6.178151
0.110402	-1.959095	13.606752	-4.678104	-6.273781
0.108572	-1.970719	13.614487	-4.705779	-6.369563
0.106871	-1.978463	13.621162	-4.733259	-6.465481
0.105287	-1.982271	13.626793	-4.760553	-6.561520
0.103809	-1.982194	13.631392	-4.787662	-6.657665
0.102427	-1.978310	13.634974	-4.814587	-6.753905
0.101134	-1.970713	13.637553	-4.841325	-6.850230
0.099925	-1.960521	13.639142	-4.867866	-6.946631
0.098797	-1.946867	13.639756	-4.894201	-7.043099
0.097750	-1.928903	13.639408	-4.920318	-7.139627
0.096780	-1.908797	13.638114	-4.946199	-7.236211
0.095889	-1.885733	13.635886	-4.971827	-7.332846
0.095076	-1.859909	13.632741	-4.997180	-7.429528
0.094339	-1.832538	13.628694	-5.022237	-7.526253
0.093676	-1.801841	13.623761	-5.046973	-7.623019
0.093085	-1.770051	13.617958	-5.071364	-7.719826
0.092561	-1.735403	13.611302	-5.095382	-7.816670
0.092098	-1.700139	13.603813	-5.118999	-7.913552
0.091689	-1.664498	13.595510	-5.142188	-8.010471
0.091324	-1.627718	13.586412	-5.164921	-8.107427
0.090992	-1.591030	13.576540	-5.187170	-8.204420
0.090681	-1.555660	13.565917	-5.208908	-8.301448
0.090377	-1.520795	13.554563	-5.230110	-8.398513
0.090072	-1.487513	13.542501	-5.250751	-8.495614
0.089758	-1.454861	13.529753	-5.270810	-8.592748
0.089430	-1.424883	13.516341	-5.290265	-8.689916
0.089078	-1.396617	13.502287	-5.309098	-8.787116
0.088695	-1.371102	13.487612	-5.327294	-8.884345
0.088274	-1.346369	13.472336	-5.344838	-8.981602
0.087806	-1.324453	13.456478	-5.361719	-9.078883
0.087285	-1.303383	13.440058	-5.377925	-9.176185
0.086701	-1.285190	13.423094	-5.393449	-9.273505
0.086048	-1.268905	13.405603	-5.408285	-9.370839
0.085318	-1.254561	13.387601	-5.422429	-9.468184
0.084503	-1.241192	13.369104	-5.435878	-9.565533
0.083595	-1.229839	13.350126	-5.448632	-9.662884
0.082588	-1.220545	13.330681	-5.460692	-9.760231
0.081475	-1.212361	13.310784	-5.472062	-9.857570
0.080248	-1.205348	13.290446	-5.482746	-9.954895
0.078900	-1.200579	13.269680	-5.492752	-10.052202
0.077427	-1.196139	13.248499	-5.502087	-10.149486
0.075821	-1.194134	13.226913	-5.510763	-10.246743
0.074080	-1.192668	13.204934	-5.518792	-10.343966
0.072212	-1.192770	13.182572	-5.526187	-10.441153
0.070228	-1.194469	13.159839	-5.532964	-10.538299
0.068140	-1.196807	13.136745	-5.539141	-10.635399
0.065960	-1.201849	13.113300	-5.544735	-10.732451
0.063702	-1.207679	13.089514	-5.549767	-10.829451
0.061378	-1.215402	13.065397	-5.554258	-10.926395
0.059002	-1.225146	13.040957	-5.558230	-11.023281
0.056589	-1.237062	13.016204	-5.561706	-11.120107
0.054153	-1.251325	12.991145	-5.564710	-11.216869
0.051710	-1.268139	12.965789	-5.567266	-11.313567
0.049276	-1.286727	12.940142	-5.569399	-11.410199
0.046866	-1.309341	12.914211	-5.571135	-11.506763
0.044499	-1.335245	12.888004	-5.572500	-11.603258
0.042191	-1.363716	12.861525	-5.573518	-11.699683
0.039961	-1.397025	12.834781	-5.574216	-11.796038
0.037827	-1.433417	12.807776	-5.574620	-11.892322
0.035808	-1.475078	12.780515	-5.574755	-11.988534
0.033923	-1.520098	12.753002	-5.574646	-12.084675
0.032188	-1.570415	12.725241	-5.574316	-12.180744
0.030617	-1.623818	12.697235	-5.573791	-12.276741
0.029219	-1.682094	12.668987	-5.573092	-12.372666
0.027996	-1.743897	12.640500	-5.572243	-12.468518
0.026954	-1.807684	12.611775	-5.571264	-12.564299
0.026090	-1.874714	12.582815	-5.570175	-12.660007
0.025403	-1.943071	12.553620	-5.568997	-12.755644
0.024886	-2.011720	12.524193	-5.567748	-12.851208
0.024530	-2.079576	12.494533	-5.566446	-12.946699
0.024321	-2.145586	12.464642	-5.565109	-13.042118
0.024245	-2.208807	12.434520	-5.563753	-13.137463
0.024286	-2.268459	12.404166	-5.562392	-13.232736
0.024424	-2.323954	12.373582	-5.561042	-13.327934
0.024643	-2.374898	12.342766	-5.559716	-13.423058
0.024924	-2.422077	12.311718	-5.558427	-13.518108
0.025253	-2.463423	12.280438	-5.557187	-13.613081
0.025615	-2.500981	12.248924	-5.556007	-13.707979
0.025995	-2.533875	12.217176	-5.554896	-13.802799
0.026383	-2.561277	12.185194	-5.553864	-13.897541
0.026768	-2.585384	12.152975	-5.552920	-13.992204
0.027143	-2.606400	12.120519	-5.552070	-14.086787
0.027499	-2.622556	12.087825	-5.551320	-14.181288
0.027833	-2.635203	12.054891	-5.550678	-14.275707
0.028143	-2.645696	12.021716	-5.550146	-14.370042
0.028426	-2.652357	11.988298	-5.549730	-14.464292
0.028683	-2.657479	11.954637	-5.549431	-14.558456
0.028915	-2.660331	11.920730	-5.549253	-14.652532
0.029120	-2.660160	11.886577	-5.549197	-14.746519
0.029301	-2.659195	11.852176	-5.549263	-14.840416
0.029460	-2.655650	11.817525	-5.549453	-14.934220
0.029596	-2.651727	11.782624	-5.549766	-15.027931
0.029713	-2.645619	11.747470	-5.550201	-15.121548
0.029811	-2.638511	11.712063	-5.550758	-15.215068
0.029893	-2.630585	11.676401	-5.551435	-15.308491
0.029959	-2.622017	11.640483	-5.552230	-15.401814
0.030012	-2.612980	11.604307	-5.553140	-15.495037
0.030051	-2.602649	11.567873	-5.554164	-15.588158
0.030079	-2.593193	11.531180	-5.555299	-15.681176
0.030095	-2.581786	11.494226	-5.556543	-15.774089
0.030101	-2.571600	11.457011	-5.557891	-15.866896
0.030096	-2.560807	11.419533	-5.559342	-15.959596
0.030082	-2.550553	11.381793	-5.560891	-16.052188
0.030058	-2.539871	11.343790	-5.562537	-16.144671
0.030026	-2.530764	11.305523	-5.564276	-16.237043
0.029986	-2.521242	11.266993	-5.566106	-16.329304
0.029938	-2.511313	11.228198	-5.568023	-16.421452
0.029885	-2.502987	11.189140	-5.570024	-16.513487
0.029826	-2.494277	11.149817	-5.572107	-16.605408
0.029763	-2.486197	11.110232	-5.574270	-16.697214
0.029696	-2.478762	11.070383	-5.576509	-16.788904
0.029626	-2.471987	11.030271	-5.578822	-16.880477
0.029554	-2.466891	10.989897	-5.581208	-16.971933
0.029482	-2.461490	10.949261	-5.583664	-17.063272
0.029409	-2.456804	10.908364	-5.586190	-17.154492
0.029338	-2.452851	10.867207	-5.588782	-17.245593
0.029270	-2.450649	10.825790	-5.591441	-17.336574
0.029205	-2.448218	10.784115	-5.594164	-17.427435
0.029144	-2.447575	10.742181	-5.596952	-17.518175
0.029090	-2.447737	10.699990	-5.599804	-17.608794
0.029043	-2.449719	10.657543	-5.602720	-17.699291
0.029005	-2.452536	10.614841	-5.605701	-17.789666
0.028977	-2.456182	10.571884	-5.608746	-17.879918
0.028958	-2.460585	10.528673	-5.611857	-17.970047
0.028947	-2.466653	10.485209	-5.615036	-18.060051
0.028944	-2.473297	10.441493	-5.618283	-18.149931
0.028946	-2.480426	10.397526	-5.621601	-18.239685
0.028953	-2.488950	10.353309	-5.624991	-18.329314
0.028963	-2.497782	10.308842	-5.628456	-18.418817
0.028976	-2.506835	10.264127	-5.631999	-18.508192
0.028990	-2.516025	10.219164	-5.635622	-18.597440
0.029002	-2.526268	10.173954	-5.639327	-18.686560
0.029013	-2.535484	10.128499	-5.643118	-18.775552
0.029020	-2.545594	10.082799	-5.646996	-18.864414
0.029020	-2.555524	10.036856	-5.650966	-18.953146
0.029014	-2.564198	9.990671	-5.655028	-19.041749
0.028998	-2.573544	9.944245	-5.659187	-19.130221
0.028970	-2.582491	9.897580	-5.663443	-19.218563
0.028929	-2.590969	9.850677	-5.667800	-19.306773
0.028872	-2.598907	9.803537	-5.672260	-19.394853
0.028798	-2.606237	9.756162	-5.676824	-19.482800
0.028704	-2.612887	9.708554	-5.681494	-19.570616
0.028589	-2.618801	9.660715	-5.686272	-19.658301
0.028453	-2.623991	9.612646	-5.691158	-19.745854
0.028298	-2.627483	9.564350	-5.696154	-19.833276
0.028124	-2.631301	9.515829	-5.701260	-19.920566
0.027934	-2.633465	9.467084	-5.706475	-20.007725
0.027729	-2.635991	9.418118	-5.711801	-20.094754
0.027510	-2.636897	9.368933	-5.717236	-20.181652
0.027278	-2.638196	9.319532	-5.722779	-20.268421
0.027036	-2.637901	9.269916	-5.728431	-20.355060
0.026785	-2.637024	9.220088	-5.734190	-20.441570
0.026526	-2.635576	9.170050	-5.740055	-20.527952
0.026262	-2.633568	9.119805	-5.746025	-20.614206
0.025993	-2.631011	9.069354	-5.752097	-20.700333
0.025721	-2.627917	9.018700	-5.758271	-20.786333
0.025448	-2.623297	8.967845	-5.764544	-20.872207
0.025176	-2.619166	8.916791	-5.770914	-20.957956
0.024907	-2.613538	8.865540	-5.777380	-21.043581
0.024641	-2.608432	8.814094	-5.783938	-21.129081
0.024381	-2.601866	8.762454	-5.790587	-21.214458
0.024129	-2.594864	8.710624	-5.797324	-21.299712
0.023885	-2.587458	8.658604	-5.804147	-21.384843
0.023651	-2.579716	8.606396	-5.811052	-21.469853
0.023427	-2.571715	8.554002	-5.818039	-21.554741
0.023214	-2.563538	8.501423	-5.825103	-21.639509
0.023011	-2.555269	8.448660	-5.832242	-21.724156
0.022820	-2.547000	8.395716	-5.839455	-21.808683
0.022640	-2.537823	8.342590	-5.846738	-21.893090
0.022471	-2.529835	8.289284	-5.854088	-21.977378
0.022314	-2.522135	8.235799	-5.861505	-22.061547
0.022169	-2.514825	8.182136	-5.868985	-22.145597
0.022035	-2.508006	8.128297	-5.876526	-22.229528
0.021914	-2.501784	8.074281	-5.884127	-22.313341
0.021804	-2.496263	8.020091	-5.891786	-22.397035
0.021706	-2.491548	7.965726	-5.899502	-22.480611
0.021620	-2.488742	7.911188	-5.907273	-22.564069
0.021545	-2.485950	7.856477	-5.915098	-22.647408
0.021483	-2.485271	7.801594	-5.922977	-22.730630
0.021432	-2.485806	7.746540	-5.930909	-22.813733
0.021394	-2.487649	7.691316	-5.938894	-22.896718
0.021368	-2.491892	7.635921	-5.946933	-22.979584
0.021355	-2.496588	7.580357	-5.955026	-23.062332
0.021354	-2.503641	7.524625	-5.963174	-23.144960
0.021363	-2.512917	7.468725	-5.971379	-23.227470
0.021381	-2.522280	7.412657	-5.979642	-23.309860
0.021406	-2.533595	7.356423	-5.987965	-23.392131
0.021438	-2.545728	7.300023	-5.996351	-23.474281
0.021474	-2.558546	7.243458	-6.004802	-23.556312
0.021514	-2.571922	7.186728	-6.013322	-23.638221
0.021556	-2.585730	7.129836	-6.021911	-23.720010
0.021597	-2.599851	7.072780	-6.030575	-23.801678
0.021636	-2.615171	7.015564	-6.039315	-23.883225
0.021671	-2.629579	6.958187	-6.048135	-23.964650
0.021701	-2.643973	6.900650	-6.057037	-24.045954
0.021722	-2.659254	6.842956	-6.066025	-24.127137
0.021732	-2.673330	6.785104	-6.075101	-24.208197
0.021730	-2.687112	6.727098	-6.084269	-24.289137
0.021713	-2.700516	6.668937	-6.093532	-24.369955
0.021677	-2.714462	6.610625	-6.102890	-24.450652
0.021621	-2.726872	6.552162	-6.112348	-24.531229
0.021541	-2.738667	6.493550	-6.121907	-24.611686
0.021436	-2.748806	6.434791	-6.131569	-24.692023
0.021306	-2.759378	6.375888	-6.141335	-24.772241
0.021151	-2.769504	6.316841	-6.151206	-24.852342
0.020973	-2.778304	6.257655	-6.161185	-24.932326
0.020772	-2.787898	6.198330	-6.171270	-25.012193
0.020550	-2.796406	6.138870	-6.181463	-25.091947
0.020307	-2.804952	6.079277	-6.191765	-25.171587
0.020046	-2.813664	6.019553	-6.202174	-25.251115
0.019768	-2.821674	5.959701	-6.212692	-25.330532
0.019473	-2.831123	5.899725	-6.223318	-25.409842
0.019164	-2.841158	5.839627	-6.234052	-25.489044
0.018841	-2.850937	5.779410	-6.244894	-25.568141
0.018507	-2.861628	5.719078	-6.255843	-25.647136
0.018164	-2.873411	5.658633	-6.266899	-25.726029
0.017814	-2.886481	5.598079	-6.278062	-25.804824
0.017458	-2.901043	5.537420	-6.289331	-25.883523
0.017100	-2.916319	5.476659	-6.300707	-25.962127
0.016741	-2.934542	5.415800	-6.312189	-26.040641
0.016386	-2.953957	5.354847	-6.323778	-26.119066
0.016037	-2.975818	5.293804	-6.335472	-26.197404
0.015698	-3.000300	5.232675	-6.347274	-26.275660
0.015372	-3.026237	5.171464	-6.359183	-26.353835
0.015063	-3.055341	5.110175	-6.371199	-26.431933
0.014771	-3.085275	5.048813	-6.383324	-26.509957
0.014500	-3.117655	4.987382	-6.395559	-26.587909
0.014248	3.133136	4.925887	-6.407904	-26.665793
0.014017	3.100198	4.864332	-6.420361	-26.743612
0.013806	3.067219	4.802721	-6.432930	-26.821368
0.013612	3.034724	4.741057	-6.445612	-26.899065
0.013433	3.003245	4.679346	-6.458409	-26.976705
0.013265	2.973320	4.617591	-6.471320	-27.054291
0.013105	2.944478	4.555795	-6.484346	-27.131825
0.012947	2.919241	4.493961	-6.497488	-27.209310
0.012787	2.897124	4.432094	-6.510745	-27.286748
0.012620	2.877645	4.370194	-6.524118	-27.364141
0.012439	2.863335	4.308265	-6.537606	-27.441490
0.012241	2.852763	4.246309	-6.551207	-27.518797
0.012022	2.847558	4.184327	-6.564921	-27.596064
0.011777	2.848445	4.122319	-6.578745	-27.673291
0.011504	2.855284	4.060287	-6.592678	-27.750478
0.011207	2.869867	3.998231	-6.606716	-27.827627
0.010900	2.892104	3.936150	-6.620857	-27.904737
0.010606	2.921550	3.874042	-6.635095	-27.981808
0.010343	2.957486	3.811908	-6.649429	-28.058839
0.010133	2.997770	3.749743	-6.663852	-28.135830
0.009994	3.041730	3.687547	-6.678363	-28.212778
0.009941	3.087159	3.625316	-6.692956	-28.289683
0.009989	3.132445	3.563048	-6.707629	-28.366543
0.010146	-3.111350	3.500740	-6.722380	-28.443355
0.010417	-3.077414	3.438388	-6.737208	-28.520116
0.010807	-3.051991	3.375988	-6.752112	-28.596825
0.011319	-3.036441	3.313538	-6.767093	-28.673477
0.011959	-3.031363	3.251035	-6.782154	-28.750069
0.012733	-3.036644	3.188473	-6.797299	-28.826599
0.013654	-3.051583	3.125852	-6.812533	-28.903061
0.014737	-3.074031	3.063167	-6.827865	-28.979451
0.016001	-3.104544	3.000415	-6.843304	-29.055766
0.017468	-3.140534	2.937595	-6.858862	-29.131999
0.019165	3.103787	2.874704	-6.874556	-29.208147
0.021115	3.062558	2.811741	-6.890402	-29.284203
0.023341	3.020493	2.748704	-6.906420	-29.360162
0.025838	2.979459	2.685594	-6.922634	-29.436018
0.028592	2.940746	2.622410	-6.939070	-29.511765
0.031584	2.906017	2.559152	-6.955757	-29.587396
0.034795	2.874516	2.495822	-6.972726	-29.662903
0.038200	2.846221	2.432421	-6.990009	-29.738280
0.041776	2.819966	2.368952	-7.007642	-29.813518
0.045498	2.797512	2.305417	-7.025660	-29.888609
0.049339	2.778591	2.241819	-7.044100	-29.963544
0.053275	2.760942	2.178162	-7.063002	-30.038314
0.057279	2.745314	2.114450	-7.082404	-30.112908
0.061326	2.731482	2.050688	-7.102346	-30.187317
0.065389	2.719246	1.986880	-7.122866	-30.261529
0.069442	2.709428	1.923033	-7.144006	-30.335534
0.073460	2.699876	1.859153	-7.165803	-30.409319
0.077417	2.691457	1.795246	-7.188297	-30.482871
0.081287	2.684057	1.731319	-7.211524	-30.556177
0.085044	2.678580	1.667381	-7.235522	-30.629225
0.088664	2.672943	1.603438	-7.260326	-30.702000
0.092120	2.668077	1.539500	-7.285968	-30.774487
0.095391	2.662914	1.475576	-7.312480	-30.846673
0.098472	2.659354	1.411675	-7.339892	-30.918542
0.101362	2.656308	1.347807	-7.368231	-30.990081
0.104060	2.653702	1.283981	-7.397522	-31.061273
0.106566	2.650474	1.220209	-7.427787	-31.132104
0.108878	2.648571	1.156500	-7.459047	-31.202560
0.110995	2.645951	1.092866	-7.491321	-31.272625
0.112918	2.644574	1.029317	-7.524625	-31.342284
0.114646	2.642409	0.965865	-7.558972	-31.411523
0.116178	2.640428	0.902521	-7.594375	-31.480329
0.117513	2.639603	0.839297	-7.630843	-31.548686
0.118651	2.637915	0.776203	-7.668384	-31.616582
0.119592	2.637342	0.713252	-7.707003	-31.684004
0.120335	2.635865	0.650454	-7.746703	-31.750939
0.120879	2.635469	0.587820	-7.787487	-31.817375
0.121224	2.634137	0.525360	-7.829352	-31.883300
0.121371	2.633855	0.463086	-7.872296	-31.948704
0.121317	2.633608	0.401007	-7.916313	-32.013578
0.121063	2.632382	0.339133	-7.961398	-32.077912
0.120609	2.632163	0.277472	-8.007542	-32.141699
0.119955	2.631939	0.216034	-8.054733	-32.204932
0.119112	2.631703	0.154827	-8.102959	-32.267605
0.118090	2.632451	0.093857	-8.152207	-32.329712
0.116902	2.632177	0.033131	-8.202460	-32.391250
0.115558	2.631877	-0.027346	-8.253702	-32.452216
0.114071	2.631546	-0.087567	-8.305914	-32.512609
0.112451	2.632179	-0.147528	-8.359077	-32.572428
0.110710	2.631773	-0.207226	-8.413171	-32.631674
0.108859	2.632323	-0.266657	-8.468174	-32.690347
0.106910	2.631824	-0.325818	-8.524065	-32.748452
0.104874	2.631273	-0.384708	-8.580822	-32.805990
0.102763	2.631664	-0.443324	-8.638421	-32.862968
0.100588	2.630995	-0.501666	-8.696841	-32.919389
0.098360	2.630260	-0.559734	-8.756056	-32.975261
0.096091	2.630456	-0.617526	-8.816045	-33.030591
0.093793	2.629580	-0.675045	-8.876783	-33.085385
0.091476	2.628628	-0.732292	-8.938248	-33.139653
0.089152	2.627599	-0.789266	-9.000416	-33.193403
0.086833	2.626491	-0.845970	-9.063265	-33.246644
0.084529	2.625302	-0.902406	-9.126772	-33.299386
0.082251	2.624034	-0.958577	-9.190916	-33.351640
0.079999	2.621687	-1.014484	-9.255674	-33.403416
0.077772	2.620264	-1.070129	-9.321027	-33.454724
0.075569	2.617765	-1.125517	-9.386954	-33.505575
0.073390	2.616192	-1.180649	-9.453435	-33.555981
0.071233	2.613547	-1.235529	-9.520451	-33.605951
0.069098	2.611832	-1.290160	-9.587983	-33.655498
0.066983	2.609051	-1.344546	-9.656012	-33.704633
0.064888	2.606205	-1.398691	-9.724520	-33.753366
0.062811	2.604298	-1.452598	-9.793490	-33.801711
0.060751	2.601333	-1.506272	-9.862904	-33.849677
0.058708	2.598314	-1.559718	-9.932745	-33.897277
0.056680	2.596245	-1.612939	-10.002997	-33.944523
0.054667	2.593131	-1.665941	-10.073644	-33.991425
0.052667	2.590977	-1.718729	-10.144669	-34.037997
0.050680	2.587789	-1.771307	-10.216057	-34.084248
0.048704	2.585574	-1.823683	-10.287792	-34.130192
0.046738	2.583339	-1.875861	-10.359860	-34.175840
0.044781	2.581093	-1.927847	-10.432245	-34.221204
0.042833	2.578845	-1.979648	-10.504932	-34.266294
0.040893	2.576605	-2.031270	-10.577909	-34.311123
0.038963	2.574367	-2.082719	-10.651159	-34.355703
0.037047	2.573124	-2.134003	-10.724670	-34.400044
0.035149	2.570867	-2.185127	-10.798427	-34.444159
0.033272	2.569588	-2.236100	-10.872417	-34.488059
0.031420	2.568278	-2.286929	-10.946627	-34.531756
0.029596	2.565927	-2.337620	-11.021043	-34.575259
0.027804	2.564525	-2.388181	-11.095654	-34.618582
0.026046	2.563060	-2.438618	-11.170447	-34.661734
0.024328	2.561522	-2.488940	-11.245409	-34.704726
0.022651	2.559897	-2.539152	-11.320530	-34.747569
0.021020	2.558172	-2.589263	-11.395798	-34.790273
0.019439	2.556335	-2.639278	-11.471202	-34.832849
0.017910	2.554372	-2.689205	-11.546732	-34.875305
0.016437	2.552271	-2.739050	-11.622378	-34.917652
0.015025	2.550022	-2.788820	-11.698129	-34.959898
0.013675	2.547618	-2.838520	-11.773977	-35.002053
0.012392	2.545059	-2.888157	-11.849912	-35.044124
0.011180	2.542356	-2.937735	-11.925927	-35.086119
0.010041	2.539540	-2.987261	-12.002014	-35.128047
0.008978	2.535660	-3.036740	-12.078165	-35.169914
0.007990	2.532761	-3.086176	-12.154374	-35.211727
0.007073	2.528900	-3.135574	-12.230634	-35.253492
0.006224	2.526154	-3.184938	-12.306939	-35.295215
0.005441	2.522632	-3.234271	-12.383283	-35.336900
0.004719	2.519490	-3.283579	-12.459663	-35.378553
0.004058	2.517951	-3.332863	-12.536073	-35.420177
0.003452	2.516340	-3.382127	-12.612508	-35.461778
0.002900	2.516150	-3.431374	-12.688966	-35.503359
0.002399	2.519147	-3.480607	-12.765442	-35.544922
0.001945	2.524594	-3.529828	-12.841934	-35.586471
0.001536	2.536700	-3.579040	-12.918437	-35.628008
0.001170	2.557714	-3.628245	-12.994951	-35.669536
0.000843	2.598940	-3.677444	-13.071472	-35.711057
0.000555	2.683167	-3.726639	-13.147999	-35.752572
0.000311	2.902677	-3.775833	-13.224528	-35.794083
0.000155	-2.585859	-3.825025	-13.301060	-35.835592
0.000222	-1.494358	-3.874219	-13.377592	-35.877100
0.000376	-1.172680	-3.923414	-13.454122	-35.918607
0.000526	-1.058983	-3.972613	-13.530651	-35.960115
0.000661	-1.003759	-4.021815	-13.607176	-36.001624
0.000781	-0.974208	-4.071022	-13.683697	-36.043135
0.000886	-0.956529	-4.120235	-13.760214	-36.084648
0.000975	-0.947649	-4.169454	-13.836724	-36.126165
0.001050	-0.943074	-4.218680	-13.913229	-36.167684
0.001112	-0.942469	-4.267913	-13.989726	-36.209208
0.001161	-0.945090	-4.317153	-14.066217	-36.250735
0.001199	-0.950514	-4.366402	-14.142701	-36.292267
0.001228	-0.958512	-4.415659	-14.219176	-36.333802
0.001246	-0.968977	-4.464924	-14.295645	-36.375341
0.001257	-0.981877	-4.514199	-14.372105	-36.416885
0.001261	-0.997233	-4.563482	-14.448557	-36.458433
0.001258	-1.015087	-4.612775	-14.525001	-36.499984
0.001251	-1.035492	-4.662076	-14.601438	-36.541539
0.001241	-1.058489	-4.711387	-14.677867	-36.583097
0.001227	-1.085081	-4.760707	-14.754288	-36.624658
0.001213	-1.113216	-4.810036	-14.830702	-36.666222
0.001198	-1.144755	-4.859375	-14.907108	-36.707789
0.001183	-1.177450	-4.908723	-14.983507	-36.749357
0.001171	-1.212916	-4.958080	-15.059899	-36.790927
0.001161	-1.249664	-5.007447	-15.136284	-36.832499
0.001154	-1.287278	-5.056824	-15.212663	-36.874071
0.001149	-1.325397	-5.106210	-15.289035	-36.915644
0.001147	-1.364697	-5.155605	-15.365401	-36.957217
0.001145	-1.402904	-5.205011	-15.441761	-36.998789
0.001145	-1.441800	-5.254426	-15.518115	-37.040361
0.001145	-1.479227	-5.303851	-15.594463	-37.081932
0.001145	-1.517094	-5.353286	-15.670806	-37.123501
0.001145	-1.554368	-5.402730	-15.747143	-37.165068
0.001144	-1.590079	-5.452185	-15.823475	-37.206633
0.001142	-1.626317	-5.501650	-15.899802	-37.248196
0.001138	-1.662231	-5.551124	-15.976125	-37.289755
0.001131	-1.697026	-5.600609	-16.052442	-37.331311
0.001122	-1.732973	-5.650103	-16.128756	-37.372863
0.001109	-1.768412	-5.699607	-16.205065	-37.414411
0.001092	-1.805766	-5.749120	-16.281370	-37.455956
0.001072	-1.843558	-5.798643	-16.357672	-37.497495
0.001047	-1.884443	-5.848174	-16.433971	-37.539030
0.001018	-1.927248	-5.897715	-16.510267	-37.580560
0.000984	-1.974030	-5.947263	-16.586560	-37.622084
0.000945	-2.026231	-5.996820	-16.662850	-37.663604
0.000902	-2.084978	-6.046384	-16.739139	-37.705117
0.000856	-2.154985	-6.095955	-16.815427	-37.746625
0.000809	-2.237563	-6.145533	-16.891713	-37.788128
0.000764	-2.338565	-6.195116	-16.967999	-37.829625
0.000722	-2.459920	-6.244703	-17.044285	-37.871115
0.000690	-2.605403	-6.294295	-17.120572	-37.912600
0.000673	-2.774331	-6.343891	-17.196860	-37.954079
0.000677	-2.960043	-6.393488	-17.273150	-37.995552
0.000708	3.133453	-6.443086	-17.349442	-38.037018
0.000767	2.954504	-6.492685	-17.425737	-38.078479
0.000854	2.797045	-6.542283	-17.502037	-38.119933
0.000967	2.665285	-6.591878	-17.578342	-38.161380
0.001104	2.558330	-6.641470	-17.654653	-38.202821
0.001260	2.472839	-6.691056	-17.730970	-38.244255
0.001436	2.404930	-6.740636	-17.807296	-38.285682
0.001628	2.351071	-6.790208	-17.883631	-38.327102
0.001837	2.307354	-6.839770	-17.959977	-38.368514
0.002061	2.273480	-6.889320	-18.036334	-38.409918
0.002300	2.245668	-6.938857	-18.112705	-38.451313
0.002555	2.224543	-6.988379	-18.189091	-38.492700
0.002821	2.207022	-7.037883	-18.265492	-38.534077
0.003096	2.193213	-7.087369	-18.341912	-38.575445
0.003377	2.182391	-7.136832	-18.418351	-38.616801
0.003662	2.173976	-7.186272	-18.494812	-38.658147
0.003948	2.166512	-7.235686	-18.571296	-38.699481
0.004231	2.161638	-7.285073	-18.647804	-38.740802
0.004510	2.157071	-7.334429	-18.724340	-38.782109
0.004781	2.154588	-7.383753	-18.800903	-38.823403
0.005042	2.152012	-7.433043	-18.877497	-38.864682
0.005290	2.150207	-7.482296	-18.954122	-38.905945
0.005522	2.149065	-7.531512	-19.030780	-38.947192
0.005737	2.148500	-7.580688	-19.107473	-38.988422
0.005931	2.148450	-7.629823	-19.184201	-39.029635
0.006102	2.148866	-7.678916	-19.260967	-39.070830
0.006246	2.149717	-7.727964	-19.337771	-39.112005
0.006362	2.150982	-7.776967	-19.414613	-39.153162
0.006447	2.152655	-7.825925	-19.491495	-39.194299
0.006498	2.155742	-7.874837	-19.568418	-39.235416
0.006513	2.158263	-7.923702	-19.645381	-39.276513
0.006490	2.161246	-7.972520	-19.722384	-39.317589
0.006430	2.164708	-8.021292	-19.799428	-39.358645
0.006338	2.168668	-8.070018	-19.876512	-39.399680
0.006214	2.173160	-8.118698	-19.953635	-39.440694
0.006064	2.179227	-8.167335	-20.030797	-39.481687
0.005889	2.184928	-8.215929	-20.107997	-39.522661
0.005692	2.191335	-8.264482	-20.185234	-39.563614
0.005476	2.199535	-8.312994	-20.262506	-39.604548
0.005244	2.208635	-8.361468	-20.339812	-39.645463
0.004999	2.217762	-8.409906	-20.417151	-39.686358
0.004744	2.229065	-8.458310	-20.494521	-39.727235
0.004482	2.241725	-8.506681	-20.571921	-39.768095
0.004216	2.255948	-8.555022	-20.649349	-39.808936
0.003948	2.272975	-8.603335	-20.726803	-39.849761
0.003682	2.291078	-8.651622	-20.804283	-39.890570
0.003421	2.312559	-8.699885	-20.881785	-39.931363
0.003167	2.335734	-8.748126	-20.959309	-39.972140
0.002924	2.362909	-8.796348	-21.036853	-40.012903
0.002695	2.393335	-8.844552	-21.114416	-40.053651
0.002483	2.428135	-8.892740	-21.191995	-40.094386
0.002290	2.465239	-8.940914	-21.269590	-40.135107
0.002116	2.506504	-8.989076	-21.347200	-40.175816
0.001959	2.550685	-9.037228	-21.424822	-40.216512
0.001818	2.597394	-9.085370	-21.502457	-40.257196
0.001692	2.646098	-9.133503	-21.580103	-40.297868
0.001579	2.697136	-9.181631	-21.657760	-40.338528
0.001477	2.747753	-9.229752	-21.735426	-40.379177
0.001386	2.799145	-9.277868	-21.813100	-40.419815
0.001301	2.849513	-9.325981	-21.890783	-40.460443
0.001223	2.898118	-9.374091	-21.968473	-40.501060
0.001148	2.944321	-9.422198	-22.046169	-40.541667
0.001075	2.987610	-9.470303	-22.123872	-40.582265
0.001002	3.027608	-9.518407	-22.201580	-40.622854
0.000927	3.064060	-9.566511	-22.279293	-40.663434
0.000848	3.096812	-9.614613	-22.357011	-40.704006
0.000764	3.125759	-9.662716	-22.434733	-40.744570
0.000673	-3.132404	-9.710819	-22.512458	-40.785128
0.000574	-3.111580	-9.758921	-22.590186	-40.825679
0.000465	-3.095702	-9.807024	-22.667917	-40.866226
0.000346	-3.088054	-9.855127	-22.745650	-40.906768
0.000214	-3.094947	-9.903231	-22.823385	-40.947307
0.000073	3.095493	-9.951334	-22.901120	-40.987845
0.000081	0.246703	-9.999438	-22.978856	-41.028381
0.000241	0.155919	-10.047541	-23.056591	-41.068919
0.000409	0.134596	-10.095644	-23.134326	-41.109458
0.000584	0.121140	-10.143746	-23.212059	-41.150001
0.000764	0.108524	-10.191848	-23.289789	-41.190550
0.000950	0.094862	-10.239949	-23.367517	-41.231106
0.001139	0.079447	-10.288049	-23.445240	-41.271670
0.001331	0.061949	-10.336148	-23.522959	-41.312244
0.001525	0.043186	-10.384246	-23.600672	-41.352831
0.001722	0.021045	-10.432343	-23.678378	-41.393431
0.001921	-0.003557	-10.480440	-23.756077	-41.434046
0.002122	-0.029678	-10.528537	-23.833767	-41.474679
0.002325	-0.059360	-10.576633	-23.911447	-41.515330
0.002530	-0.090620	-10.624731	-23.989116	-41.556002
0.002739	-0.123453	-10.672830	-24.066772	-41.596696
0.002953	-0.159822	-10.720932	-24.144414	-41.637413
0.003173	-0.197652	-10.769037	-24.222041	-41.678155
0.003400	-0.237826	-10.817148	-24.299652	-41.718923
0.003637	-0.279000	-10.865265	-24.377243	-41.759719
0.003886	-0.321172	-10.913390	-24.454814	-41.800544
0.004149	-0.363347	-10.961525	-24.532363	-41.841400
0.004427	-0.403722	-11.009673	-24.609888	-41.882287
0.004721	-0.442669	-11.057835	-24.687386	-41.923206
0.005030	-0.479715	-11.106014	-24.764857	-41.964159
0.005356	-0.514529	-11.154213	-24.842296	-42.005147
0.005697	-0.545894	-11.202434	-24.919703	-42.046170
0.006053	-0.574692	-11.250680	-24.997074	-42.087231
0.006423	-0.600880	-11.298954	-25.074408	-42.128330
0.006804	-0.624471	-11.347259	-25.151701	-42.169468
0.007197	-0.644523	-11.395597	-25.228952	-42.210647
0.007599	-0.663119	-11.443973	-25.306157	-42.251868
0.008009	-0.678360	-11.492388	-25.383314	-42.293133
0.008424	-0.692355	-11.540846	-25.460420	-42.334442
0.008844	-0.703218	-11.589350	-25.537473	-42.375797
0.009266	-0.713061	-11.637903	-25.614470	-42.417200
0.009690	-0.719991	-11.686507	-25.691407	-42.458652
0.010112	-0.726107	-11.735166	-25.768282	-42.500156
0.010531	-0.730502	-11.783881	-25.845093	-42.541712
0.010946	-0.733284	-11.832656	-25.921836	-42.583323
0.011356	-0.734651	-11.881494	-25.998509	-42.624990
0.011761	-0.734791	-11.930396	-26.075110	-42.666715
0.012162	-0.734867	-11.979365	-26.151634	-42.708501
0.012558	-0.733016	-12.028403	-26.228080	-42.750349
0.012950	-0.731355	-12.077511	-26.304445	-42.792262
0.013338	-0.727986	-12.126693	-26.380727	-42.834241
0.013721	-0.724998	-12.175950	-26.456922	-42.876290
0.014101	-0.720469	-12.225284	-26.533029	-42.918409
0.014478	-0.715465	-12.274695	-26.609043	-42.960602
0.014851	-0.711048	-12.324187	-26.684964	-43.002871
0.015221	-0.705271	-12.373759	-26.760788	-43.045218
0.015589	-0.699180	-12.423414	-26.836513	-43.087645
0.015955	-0.692819	-12.473153	-26.912137	-43.130156
0.016318	-0.685226	-12.522977	-26.987655	-43.172753
0.016680	-0.677436	-12.572887	-27.063068	-43.215438
0.017041	-0.669479	-12.622883	-27.138370	-43.258215
0.017401	-0.660384	-12.672967	-27.213561	-43.301086
0.017759	-0.651177	-12.723139	-27.288638	-43.344054
0.018118	-0.640883	-12.773400	-27.363598	-43.387122
0.000000	0.000000	-12.773400	-27.363598	-43.387122
