0.051131	-0.859770	0.000000	0.000000	0.000000
0.046738	-0.820554	0.099999	0.000334	-0.000387
0.042427	-0.774507	0.199994	0.000986	-0.001117
0.038230	-0.720001	0.299984	0.001942	-0.002143
0.034183	-0.654868	0.399968	0.003185	-0.003421
0.030331	-0.576224	0.499946	0.004699	-0.004907
0.026729	-0.481292	0.599916	0.006467	-0.006558
0.023446	-0.363339	0.699881	0.008472	-0.008333
0.020571	-0.219045	0.799839	0.010696	-0.010192
0.018212	-0.042987	0.899791	0.013121	-0.012095
0.016484	0.165068	0.999739	0.015728	-0.014006
0.015477	0.396909	1.099683	0.018498	-0.015889
0.015201	0.635240	1.199624	0.021410	-0.017713
0.015559	0.860642	1.299563	0.024444	-0.019446
0.016382	1.059742	1.399500	0.027580	-0.021062
0.017485	1.230798	1.499438	0.030796	-0.022535
0.018712	1.378282	1.599376	0.034070	-0.023842
0.019947	1.505877	1.699314	0.037380	-0.024966
0.021112	1.620285	1.799255	0.040703	-0.025892
0.022156	1.726495	1.899198	0.044016	-0.026606
0.023053	1.828729	1.999143	0.047294	-0.027101
0.023803	1.930417	2.099090	0.050513	-0.027374
0.024452	2.033589	2.199041	0.053649	-0.027423
0.025058	2.138245	2.298995	0.056675	-0.027254
0.025684	2.246586	2.398953	0.059566	-0.026874
0.026391	2.356071	2.498914	0.062297	-0.026293
0.027233	2.467510	2.598878	0.064841	-0.025526
0.028257	2.577239	2.698847	0.067172	-0.024589
0.029495	2.685368	2.798819	0.069265	-0.023501
0.030963	2.788069	2.898795	0.071093	-0.022283
0.032665	2.884807	2.998774	0.072630	-0.020958
0.034588	2.975489	3.098757	0.073851	-0.019551
0.036711	3.057498	3.198742	0.074731	-0.018086
0.039003	3.131634	3.298730	0.075245	-0.016591
0.041432	-3.085162	3.398719	0.075369	-0.015092
0.043959	-3.025181	3.498707	0.075080	-0.013617
0.046548	-2.973148	3.598695	0.074354	-0.012193
0.049162	-2.927555	3.698679	0.073169	-0.010848
0.051762	-2.887901	3.798657	0.071504	-0.009608
0.054315	-2.852718	3.898627	0.069338	-0.008498
0.056785	-2.823590	3.998587	0.066652	-0.007543
0.059145	-2.799064	4.098532	0.063427	-0.006767
0.061384	-2.777378	4.198459	0.059645	-0.006190
0.063499	-2.759823	4.298363	0.055290	-0.005832
0.065493	-2.744829	4.398241	0.050347	-0.005712
0.067366	-2.731922	4.498087	0.044801	-0.005845
0.069125	-2.719712	4.597896	0.038638	-0.006248
0.070773	-2.709868	4.697663	0.031847	-0.006934
0.072317	-2.701105	4.797381	0.024415	-0.007917
0.073765	-2.692179	4.897046	0.016332	-0.009209
0.075124	-2.684870	4.996650	0.007587	-0.010823
0.076402	-2.677987	5.096186	-0.001829	-0.012768
0.077606	-2.670352	5.195649	-0.011923	-0.015055
0.078746	-2.663807	5.295031	-0.022704	-0.017695
0.079831	-2.656201	5.394325	-0.034179	-0.020698
0.080868	-2.649399	5.493524	-0.046353	-0.024072
0.081868	-2.641271	5.592620	-0.059233	-0.027829
0.082839	-2.633696	5.691606	-0.072823	-0.031978
0.083793	-2.624562	5.790472	-0.087127	-0.036529
0.084738	-2.615763	5.889213	-0.102150	-0.041493
0.085686	-2.605202	5.987819	-0.117893	-0.046881
0.086645	-2.593819	6.086282	-0.134361	-0.052705
0.087618	-2.582674	6.184593	-0.151553	-0.058977
0.088605	-2.569856	6.282743	-0.169473	-0.065712
0.089606	-2.556450	6.380724	-0.188121	-0.072922
0.090621	-2.542536	6.478526	-0.207497	-0.080623
0.091649	-2.529191	6.576140	-0.227600	-0.088831
0.092690	-2.514490	6.673557	-0.248431	-0.097559
0.093743	-2.500500	6.770765	-0.269987	-0.106826
0.094808	-2.485289	6.867755	-0.292268	-0.116646
0.095883	-2.470918	6.964517	-0.315272	-0.127036
0.096966	-2.455446	7.061040	-0.338994	-0.138013
0.098056	-2.440929	7.157314	-0.363434	-0.149594
0.099151	-2.426417	7.253327	-0.388586	-0.161796
0.100248	-2.410958	7.349068	-0.414447	-0.174635
0.101345	-2.396597	7.444526	-0.441013	-0.188129
0.102440	-2.383375	7.539688	-0.468278	-0.202294
0.103529	-2.369330	7.634544	-0.496239	-0.217146
0.104608	-2.355497	7.729081	-0.524888	-0.232701
0.105676	-2.342907	7.823287	-0.554222	-0.248976
0.106727	-2.329591	7.917148	-0.584233	-0.265985
0.107758	-2.317568	8.010654	-0.614916	-0.283743
0.108770	-2.305830	8.103790	-0.646263	-0.302264
0.109761	-2.294363	8.196543	-0.678269	-0.321563
0.110732	-2.283153	8.288901	-0.710925	-0.341651
0.111681	-2.272187	8.380850	-0.744225	-0.362543
0.112611	-2.262454	8.472377	-0.778161	-0.384250
0.113519	-2.251942	8.563468	-0.812725	-0.406784
0.114406	-2.241641	8.654109	-0.847910	-0.430155
0.115272	-2.232540	8.744287	-0.883705	-0.454375
0.116118	-2.222632	8.833988	-0.920104	-0.479454
0.116943	-2.213907	8.923197	-0.957097	-0.505401
0.117746	-2.204356	9.011900	-0.994675	-0.532225
0.118530	-2.194973	9.100085	-1.032828	-0.559936
0.119292	-2.185750	9.187735	-1.071545	-0.588543
0.120034	-2.176681	9.274838	-1.110817	-0.618052
0.120755	-2.167758	9.361379	-1.150632	-0.648472
0.121456	-2.158977	9.447344	-1.190979	-0.679811
0.122137	-2.150331	9.532719	-1.231847	-0.712075
0.122797	-2.141816	9.617490	-1.273224	-0.745269
0.123438	-2.132426	9.701642	-1.315098	-0.779402
0.124058	-2.123158	9.785161	-1.357456	-0.814477
0.124657	-2.114014	9.868035	-1.400284	-0.850501
0.125233	-2.104998	9.950248	-1.443569	-0.887479
0.125784	-2.096112	10.031788	-1.487296	-0.925416
0.126308	-2.087358	10.112641	-1.531452	-0.964315
0.126804	-2.077740	10.192793	-1.576021	-1.004180
0.127270	-2.068257	10.272231	-1.620989	-1.045014
0.127703	-2.059913	10.350943	-1.666339	-1.086822
0.128103	-2.049709	10.428915	-1.712056	-1.129603
0.128467	-2.040646	10.506136	-1.758123	-1.173361
0.128793	-2.031726	10.582593	-1.804524	-1.218097
0.129080	-2.021949	10.658275	-1.851241	-1.263811
0.129326	-2.013316	10.733170	-1.898257	-1.310504
0.129529	-2.003828	10.807267	-1.945555	-1.358174
0.129687	-1.994487	10.880556	-1.993117	-1.406822
0.129798	-1.985293	10.953026	-2.040926	-1.456445
0.129860	-1.976246	11.024668	-2.088962	-1.507041
0.129872	-1.966347	11.095472	-2.137209	-1.558607
0.129831	-1.957597	11.165430	-2.185646	-1.611139
0.129735	-1.948998	11.234534	-2.234256	-1.664634
0.129585	-1.939541	11.302776	-2.283020	-1.719086
0.129389	-1.930187	11.370150	-2.331920	-1.774490
0.129158	-1.920891	11.436648	-2.380937	-1.830840
0.128901	-1.911609	11.502265	-2.430052	-1.888129
0.128630	-1.902296	11.566997	-2.479247	-1.946351
0.128355	-1.892913	11.630837	-2.528502	-2.005499
0.128087	-1.883419	11.693781	-2.577798	-2.065564
0.127838	-1.872776	11.755824	-2.627118	-2.126541
0.127618	-1.861946	11.816964	-2.676441	-2.188421
0.127438	-1.851896	11.877196	-2.725747	-2.251199
0.127311	-1.839592	11.936517	-2.775017	-2.314866
0.127246	-1.828006	11.994923	-2.824229	-2.379417
0.127257	-1.816110	12.052412	-2.873363	-2.444846
0.127354	-1.802880	12.108979	-2.922397	-2.511147
0.127550	-1.789299	12.164621	-2.971309	-2.578315
0.127856	-1.775350	12.219335	-3.020076	-2.646346
0.128285	-1.760024	12.273117	-3.068674	-2.715235
0.128850	-1.744315	12.325963	-3.117077	-2.784981
0.129561	-1.728224	12.377870	-3.165259	-2.855579
0.130434	-1.710759	12.428832	-3.213194	-2.927029
0.131473	-1.692957	12.478845	-3.260851	-2.999331
0.132662	-1.674970	12.527904	-3.308201	-3.072482
0.133977	-1.655964	12.576003	-3.355212	-3.146485
0.135394	-1.638091	12.623138	-3.401851	-3.221339
0.136887	-1.619493	12.669300	-3.448086	-3.297045
0.138431	-1.601294	12.714485	-3.493881	-3.373603
0.140000	-1.584606	12.758687	-3.539204	-3.451012
0.141565	-1.567532	12.801897	-3.584019	-3.529270
0.143101	-1.553160	12.844111	-3.628294	-3.608376
0.144580	-1.539572	12.885321	-3.671996	-3.688325
0.145973	-1.527843	12.925518	-3.715096	-3.769113
0.147253	-1.518044	12.964696	-3.757563	-3.850731
0.148392	-1.510243	13.002845	-3.799373	-3.933173
0.149363	-1.505509	13.039955	-3.840501	-4.016427
0.150139	-1.502914	13.076017	-3.880929	-4.100481
0.150692	-1.503534	13.111018	-3.920642	-4.185322
0.150998	-1.506456	13.144947	-3.959626	-4.270931
0.151030	-1.512779	13.177791	-3.997878	-4.357291
0.150764	-1.521615	13.209537	-4.035393	-4.444382
0.150177	-1.533100	13.240170	-4.072177	-4.532181
0.149257	-1.548344	13.269679	-4.108237	-4.620662
0.148028	-1.566284	13.298050	-4.143587	-4.709799
0.146526	-1.586820	13.325271	-4.178248	-4.799563
0.144783	-1.607859	13.351331	-4.212244	-4.889924
0.142836	-1.631307	13.376223	-4.245600	-4.980852
0.140718	-1.656068	13.399938	-4.278345	-5.072314
0.138462	-1.681039	13.422473	-4.310514	-5.164278
0.136101	-1.706101	13.443825	-4.342136	-5.256712
0.133664	-1.732122	13.463995	-4.373247	-5.349585
0.131183	-1.758948	13.482985	-4.403879	-5.442864
0.128683	-1.784397	13.500798	-4.434069	-5.536519
0.126191	-1.810262	13.517443	-4.463847	-5.630520
0.123728	-1.836303	13.532925	-4.493247	-5.724838
0.121316	-1.860246	13.547256	-4.522301	-5.819445
0.118970	-1.883783	13.560445	-4.551039	-5.914315
0.116707	-1.905566	13.572505	-4.579487	-6.009421
0.114537	-1.926216	13.583448	-4.607672	-6.104741
0.112471	-1.943318	13.593288	-4.635617	-6.200252
0.110518	-1.958423	13.602038	-4.663339	-6.295933
0.108684	-1.970058	13.609713	-4.690857	-6.391765
0.106973	-1.977814	13.616327	-4.718181	-6.487732
0.105373	-1.981635	13.621895	-4.745319	-6.583818
0.103874	-1.981575	13.626429	-4.772275	-6.680010
0.102466	-1.977708	13.629946	-4.799049	-6.776295
0.101143	-1.970130	13.632458	-4.825636	-6.872663
0.099901	-1.959954	13.633981	-4.852028	-6.969105
0.098737	-1.946312	13.634528	-4.878217	-7.065613
0.097650	-1.928353	13.634113	-4.904189	-7.162181
0.096641	-1.908243	13.632752	-4.929927	-7.258802
0.095707	-1.885162	13.630459	-4.955414	-7.355473
0.094851	-1.859308	13.627249	-4.980628	-7.452188
0.094071	-1.831892	13.623139	-5.005549	-7.548946
0.093366	-1.801134	13.618145	-5.030151	-7.645744
0.092733	-1.769266	13.612283	-5.054410	-7.742579
0.092169	-1.734529	13.605571	-5.078299	-7.839452
0.091669	-1.699164	13.598028	-5.101791	-7.936360
0.091225	-1.663415	13.589675	-5.124857	-8.033304
0.090828	-1.626524	13.580530	-5.147471	-8.130284
0.090469	-1.589729	13.570615	-5.169605	-8.227298
0.090133	-1.554261	13.559951	-5.191231	-8.324347
0.089810	-1.519313	13.548562	-5.212325	-8.421432
0.089489	-1.485966	13.536467	-5.232862	-8.518550
0.089165	-1.453268	13.523691	-5.252822	-8.615701
0.088828	-1.423261	13.510255	-5.272183	-8.712884
0.088472	-1.394987	13.496180	-5.290927	-8.810098
0.088087	-1.369480	13.481488	-5.309038	-8.907341
0.087667	-1.344774	13.466198	-5.326502	-9.004610
0.087203	-1.322901	13.450330	-5.343308	-9.101902
0.086687	-1.301890	13.433902	-5.359445	-9.199214
0.086110	-1.283769	13.416934	-5.374905	-9.296544
0.085466	-1.267569	13.399441	-5.389683	-9.393887
0.084747	-1.253319	13.381440	-5.403773	-9.491239
0.083943	-1.240053	13.362945	-5.417174	-9.588596
0.083049	-1.228807	13.343972	-5.429885	-9.685953
0.082056	-1.219623	13.324535	-5.441908	-9.783306
0.080958	-1.211550	13.304646	-5.453246	-9.880650
0.079747	-1.204645	13.284319	-5.463904	-9.977981
0.078416	-1.199977	13.263565	-5.473888	-10.075293
0.076960	-1.195629	13.242395	-5.483207	-10.172581
0.075372	-1.193702	13.220823	-5.491871	-10.269841
0.073649	-1.192295	13.198858	-5.499892	-10.367069
0.071799	-1.192441	13.176512	-5.507285	-10.464259
0.069833	-1.194166	13.153794	-5.514065	-10.561408
0.067764	-1.196515	13.130716	-5.520248	-10.658512
0.065603	-1.201555	13.107288	-5.525852	-10.755567
0.063363	-1.207370	13.083520	-5.530899	-10.852570
0.061057	-1.215067	13.059420	-5.535408	-10.949518
0.058699	-1.224775	13.034998	-5.539402	-11.046408
0.056303	-1.236648	13.010263	-5.542903	-11.143237
0.053883	-1.250864	12.985223	-5.545935	-11.240004
0.051456	-1.267627	12.959886	-5.548522	-11.336706
0.049036	-1.286169	12.934258	-5.550690	-11.433342
0.046639	-1.308744	12.908348	-5.552462	-11.529911
0.044284	-1.334625	12.882161	-5.553866	-11.626411
0.041988	-1.363098	12.855703	-5.554926	-11.722841
0.039768	-1.396445	12.828980	-5.555668	-11.819202
0.037643	-1.432925	12.801998	-5.556117	-11.915492
0.035632	-1.474740	12.774759	-5.556299	-12.011710
0.033754	-1.519998	12.747270	-5.556239	-12.107858
0.032026	-1.570658	12.719533	-5.555961	-12.203934
0.030463	-1.624523	12.691551	-5.555489	-12.299938
0.029073	-1.683382	12.663329	-5.554845	-12.395870
0.027860	-1.745879	12.634867	-5.554052	-12.491731
0.026828	-1.810451	12.606168	-5.553131	-12.587520
0.025978	-1.878328	12.577235	-5.552102	-12.683237
0.025306	-1.947558	12.548067	-5.550986	-12.778883
0.024806	-2.017064	12.518667	-5.549802	-12.874456
0.024469	-2.085722	12.489035	-5.548566	-12.969957
0.024282	-2.152447	12.459172	-5.547298	-13.065385
0.024228	-2.216273	12.429077	-5.546012	-13.160740
0.024291	-2.276407	12.398752	-5.544725	-13.256023
0.024451	-2.332260	12.368196	-5.543452	-13.351231
0.024691	-2.383446	12.337408	-5.542205	-13.446366
0.024994	-2.430764	12.306389	-5.540997	-13.541425
0.025341	-2.472161	12.275136	-5.539842	-13.636409
0.025719	-2.509698	12.243651	-5.538749	-13.731317
0.026113	-2.542513	12.211931	-5.537729	-13.826147
0.026512	-2.569791	12.179976	-5.536792	-13.920900
0.026905	-2.593737	12.147785	-5.535944	-14.015573
0.027283	-2.614562	12.115356	-5.535195	-14.110166
0.027640	-2.630502	12.082688	-5.534550	-14.204677
0.027971	-2.642914	12.049781	-5.534014	-14.299106
0.028274	-2.653156	12.016633	-5.533593	-14.393451
0.028549	-2.659553	11.983242	-5.533290	-14.487711
0.028795	-2.664397	11.949607	-5.533109	-14.581885
0.029012	-2.666955	11.915728	-5.533050	-14.675971
0.029202	-2.666474	11.881602	-5.533116	-14.769968
0.029367	-2.665180	11.847229	-5.533308	-14.863874
0.029507	-2.661285	11.812607	-5.533626	-14.957689
0.029625	-2.656989	11.777734	-5.534069	-15.051410
0.029723	-2.650483	11.742610	-5.534637	-15.145037
0.029802	-2.642954	11.707233	-5.535329	-15.238568
0.029864	-2.634581	11.671603	-5.536142	-15.332001
0.029912	-2.625543	11.635717	-5.537076	-15.425336
0.029947	-2.616014	11.599575	-5.538126	-15.518570
0.029970	-2.605170	11.563176	-5.539292	-15.611703
0.029983	-2.595187	11.526518	-5.540569	-15.704733
0.029986	-2.583239	11.489602	-5.541956	-15.797659
0.029981	-2.572506	11.452425	-5.543449	-15.890480
0.029968	-2.561164	11.414988	-5.545045	-15.983194
0.029947	-2.550365	11.377289	-5.546740	-16.075800
0.029919	-2.539148	11.339329	-5.548532	-16.168298
0.029886	-2.529526	11.301106	-5.550417	-16.260685
0.029846	-2.519513	11.262621	-5.552392	-16.352962
0.029802	-2.509123	11.223874	-5.554454	-16.445127
0.029753	-2.500374	11.184864	-5.556601	-16.537179
0.029700	-2.491285	11.145591	-5.558830	-16.629117
0.029645	-2.482874	11.106056	-5.561137	-16.720941
0.029588	-2.475163	11.066258	-5.563520	-16.812650
0.029530	-2.468174	11.026199	-5.565978	-16.904243
0.029471	-2.462929	10.985878	-5.568506	-16.995718
0.029413	-2.457450	10.945296	-5.571105	-17.087077
0.029357	-2.452762	10.904453	-5.573773	-17.178317
0.029302	-2.448888	10.863350	-5.576507	-17.269438
0.029252	-2.446850	10.821988	-5.579307	-17.360440
0.029206	-2.444673	10.780368	-5.582171	-17.451322
0.029166	-2.444377	10.738489	-5.585100	-17.542083
0.029133	-2.444983	10.696352	-5.588092	-17.632723
0.029108	-2.447509	10.653959	-5.591149	-17.723240
0.029094	-2.450974	10.611310	-5.594270	-17.813636
0.029090	-2.455370	10.568406	-5.597456	-17.903908
0.029096	-2.460610	10.525247	-5.600710	-17.994056
0.029112	-2.467587	10.481834	-5.604031	-18.084080
0.029135	-2.475193	10.438168	-5.607423	-18.173978
0.029166	-2.483323	10.394249	-5.610887	-18.263751
0.029201	-2.492870	10.350078	-5.614426	-18.353397
0.029241	-2.502732	10.305656	-5.618042	-18.442916
0.029284	-2.512808	10.260984	-5.621739	-18.532307
0.029327	-2.523001	10.216062	-5.625519	-18.621569
0.029369	-2.534215	10.170892	-5.629385	-18.710702
0.029409	-2.544358	10.125473	-5.633340	-18.799705
0.029445	-2.555341	10.079808	-5.637388	-18.888577
0.029474	-2.566079	10.033897	-5.641531	-18.977319
0.029494	-2.575488	9.987742	-5.645773	-19.065928
0.029503	-2.585486	9.941343	-5.650116	-19.154406
0.029499	-2.594997	9.894702	-5.654562	-19.242751
0.029480	-2.603940	9.847820	-5.659115	-19.330963
0.029442	-2.612240	9.800699	-5.663777	-19.419041
0.029384	-2.619818	9.753339	-5.668550	-19.506986
0.029303	-2.626596	9.705744	-5.673436	-19.594798
0.029197	-2.632514	9.657914	-5.678436	-19.682475
0.029068	-2.637590	9.609852	-5.683551	-19.770018
0.028915	-2.640863	9.561560	-5.688782	-19.857428
0.028741	-2.644364	9.513039	-5.694129	-19.944704
0.028548	-2.646123	9.464292	-5.699593	-20.031847
0.028336	-2.648167	9.415320	-5.705173	-20.118856
0.028109	-2.648520	9.366126	-5.710869	-20.205733
0.027866	-2.649204	9.316713	-5.716680	-20.292477
0.027611	-2.648240	9.267082	-5.722604	-20.379089
0.027344	-2.646649	9.217237	-5.728642	-20.465570
0.027069	-2.644449	9.167178	-5.734790	-20.551920
0.026785	-2.641661	9.116909	-5.741048	-20.638140
0.026496	-2.638305	9.066431	-5.747413	-20.724230
0.026204	-2.634401	9.015748	-5.753884	-20.810191
0.025909	-2.628973	8.964861	-5.760458	-20.896024
0.025614	-2.624044	8.913772	-5.767134	-20.981729
0.025321	-2.617643	8.862484	-5.773907	-21.067308
0.025032	-2.611797	8.810998	-5.780777	-21.152759
0.024748	-2.604542	8.759317	-5.787740	-21.238086
0.024472	-2.596913	8.707443	-5.794793	-21.323287
0.024204	-2.588956	8.655376	-5.801935	-21.408364
0.023946	-2.580734	8.603120	-5.809161	-21.493318
0.023699	-2.572319	8.550676	-5.816470	-21.578148
0.023462	-2.563785	8.498045	-5.823858	-21.662856
0.023236	-2.555213	8.445229	-5.831323	-21.747442
0.023021	-2.546685	8.392230	-5.838862	-21.831906
0.022819	-2.537288	8.339048	-5.846472	-21.916249
0.022628	-2.529112	8.285685	-5.854151	-22.000471
0.022449	-2.521250	8.232142	-5.861897	-22.084573
0.022283	-2.513796	8.178421	-5.869707	-22.168556
0.022129	-2.506849	8.124522	-5.877579	-22.252418
0.021988	-2.500505	8.070447	-5.885511	-22.336162
0.021860	-2.494864	8.016196	-5.893502	-22.419786
0.021744	-2.490025	7.961771	-5.901549	-22.503292
0.021641	-2.487086	7.907173	-5.909652	-22.586678
0.021550	-2.484146	7.852402	-5.917809	-22.669946
0.021473	-2.483300	7.797459	-5.926020	-22.753096
0.021409	-2.483641	7.742345	-5.934284	-22.836127
0.021359	-2.485259	7.687061	-5.942602	-22.919040
0.021323	-2.489241	7.631607	-5.950973	-23.001833
0.021300	-2.493637	7.575985	-5.959397	-23.084509
0.021291	-2.500361	7.520195	-5.967877	-23.167065
0.021294	-2.509294	7.464237	-5.976413	-23.249502
0.021308	-2.518316	7.408113	-5.985006	-23.331820
0.021330	-2.529302	7.351823	-5.993659	-23.414018
0.021360	-2.541132	7.295368	-6.002375	-23.496097
0.021397	-2.553684	7.238749	-6.011155	-23.578055
0.021439	-2.566841	7.181965	-6.020002	-23.659893
0.021484	-2.580488	7.125020	-6.028918	-23.741609
0.021531	-2.594515	7.067912	-6.037908	-23.823205
0.021578	-2.609816	7.010643	-6.046973	-23.904680
0.021624	-2.624292	6.953214	-6.056117	-23.986033
0.021666	-2.638846	6.895626	-6.065343	-24.067264
0.021702	-2.654390	6.837881	-6.074653	-24.148374
0.021731	-2.668840	6.779979	-6.084052	-24.229362
0.021750	-2.683116	6.721921	-6.093542	-24.310227
0.021756	-2.697145	6.663710	-6.103125	-24.390972
0.021748	-2.711856	6.605346	-6.112805	-24.471594
0.021723	-2.725184	6.546832	-6.122584	-24.552095
0.021678	-2.738067	6.488169	-6.132465	-24.632475
0.021612	-2.749466	6.429358	-6.142449	-24.712735
0.021523	-2.761442	6.370402	-6.152539	-24.792874
0.021412	-2.773077	6.311302	-6.162737	-24.872895
0.021278	-2.783452	6.252061	-6.173043	-24.952797
0.021122	-2.794650	6.192681	-6.183460	-25.032581
0.020944	-2.804753	6.133165	-6.193987	-25.112249
0.020743	-2.814846	6.073514	-6.204627	-25.191801
0.020520	-2.825015	6.013732	-6.215379	-25.271239
0.020276	-2.834351	5.953820	-6.226245	-25.350565
0.020010	-2.844951	5.893783	-6.237223	-25.429779
0.019723	-2.855916	5.833622	-6.248315	-25.508885
0.019415	-2.866355	5.773341	-6.259521	-25.587882
0.019087	-2.877387	5.712943	-6.270840	-25.666774
0.018739	-2.889142	5.652431	-6.282272	-25.745563
0.018372	-2.901761	5.591809	-6.293817	-25.824250
0.017988	-2.915404	5.531080	-6.305474	-25.902838
0.017586	-2.929244	5.470249	-6.317243	-25.981331
0.017168	-2.945481	5.409318	-6.329123	-26.059729
0.016735	-2.962336	5.348293	-6.341114	-26.138037
0.016289	-2.981057	5.287177	-6.353215	-26.216257
0.015833	-3.001889	5.225974	-6.365425	-26.294393
0.015372	-3.023929	5.164690	-6.377743	-26.372447
0.014915	-3.049214	5.103328	-6.390170	-26.450424
0.014467	-3.075740	5.041894	-6.402703	-26.528326
0.014037	-3.105442	4.980392	-6.415343	-26.606158
0.013630	-3.136183	4.918828	-6.428089	-26.683922
0.013255	3.114454	4.857205	-6.440940	-26.761623
0.012915	3.080440	4.795528	-6.453897	-26.839264
0.012617	3.045424	4.733802	-6.466958	-26.916848
0.012366	3.009991	4.672031	-6.480125	-26.994378
0.012164	2.974838	4.610219	-6.493397	-27.071859
0.012015	2.939756	4.548371	-6.506775	-27.149291
0.011920	2.907591	4.486488	-6.520258	-27.226678
0.011881	2.878203	4.424576	-6.533849	-27.304023
0.011898	2.851420	4.362637	-6.547548	-27.381326
0.011969	2.829990	4.300672	-6.561357	-27.458590
0.012097	2.812549	4.238685	-6.575276	-27.535816
0.012280	2.800587	4.176675	-6.589308	-27.613003
0.012520	2.794435	4.114645	-6.603456	-27.690153
0.012819	2.793254	4.052595	-6.617721	-27.767266
0.013178	2.797883	3.990524	-6.632106	-27.844339
0.013593	2.807436	3.928432	-6.646614	-27.921371
0.014060	2.820875	3.866316	-6.661250	-27.998361
0.014574	2.837222	3.804175	-6.676016	-28.075305
0.015131	2.854592	3.742006	-6.690917	-28.152201
0.015724	2.873214	3.679806	-6.705957	-28.229045
0.016350	2.892434	3.617572	-6.721139	-28.305833
0.017002	2.912716	3.555300	-6.736469	-28.382561
0.017673	2.930629	3.492987	-6.751951	-28.459225
0.018356	2.948838	3.430628	-6.767589	-28.535821
0.019044	2.966088	3.368220	-6.783389	-28.612343
0.019729	2.982187	3.305759	-6.799353	-28.688787
0.020402	2.996998	3.243240	-6.815487	-28.765149
0.021055	3.010419	3.180661	-6.831795	-28.841423
0.021679	3.022378	3.118016	-6.848282	-28.917606
0.022265	3.033818	3.055302	-6.864950	-28.993692
0.022805	3.042693	2.992517	-6.881804	-29.069679
0.023290	3.049956	2.929657	-6.898846	-29.145562
0.023710	3.056555	2.866720	-6.916080	-29.221337
0.024057	3.061428	2.803704	-6.933509	-29.297002
0.024323	3.064546	2.740607	-6.951133	-29.372554
0.024511	3.066072	2.677428	-6.968956	-29.447991
0.024623	3.066187	2.614166	-6.986979	-29.523312
0.024661	3.066038	2.550822	-7.005201	-29.598515
0.024629	3.064752	2.487396	-7.023623	-29.673600
0.024530	3.062435	2.423889	-7.042246	-29.748566
0.024368	3.058179	2.360301	-7.061068	-29.823415
0.024146	3.054064	2.296634	-7.080088	-29.898146
0.023867	3.050164	2.232891	-7.099306	-29.972761
0.023535	3.044547	2.169072	-7.118719	-30.047262
0.023153	3.038277	2.105181	-7.138326	-30.121649
0.022723	3.031418	2.041219	-7.158123	-30.195926
0.022250	3.024036	1.977191	-7.178108	-30.270094
0.021736	3.017199	1.913097	-7.198278	-30.344156
0.021184	3.008982	1.848942	-7.218629	-30.418115
0.020598	3.000469	1.784729	-7.239158	-30.491975
0.019980	2.991754	1.720460	-7.259860	-30.565737
0.019333	2.983949	1.656139	-7.280730	-30.639407
0.018659	2.975182	1.591768	-7.301765	-30.712987
0.017961	2.966609	1.527352	-7.322959	-30.786480
0.017241	2.957374	1.462892	-7.344306	-30.859892
0.016503	2.949469	1.398393	-7.365802	-30.933225
0.015748	2.941848	1.333856	-7.387440	-31.006484
0.014981	2.934464	1.269286	-7.409215	-31.079671
0.014203	2.926268	1.204683	-7.431120	-31.152792
0.013418	2.919209	1.140051	-7.453149	-31.225850
0.012629	2.911232	1.075393	-7.475295	-31.298849
0.011839	2.904275	1.010710	-7.497552	-31.371793
0.011051	2.896268	0.946005	-7.519914	-31.444685
0.010267	2.888129	0.881281	-7.542373	-31.517529
0.009493	2.880760	0.816539	-7.564923	-31.590330
0.008729	2.872042	0.751781	-7.587558	-31.663090
0.007980	2.863826	0.687008	-7.610271	-31.735813
0.007249	2.853925	0.622224	-7.633055	-31.808504
0.006539	2.844094	0.557430	-7.655905	-31.881164
0.005853	2.832012	0.492626	-7.678813	-31.953798
0.005195	2.819250	0.427815	-7.701775	-32.026408
0.004567	2.804224	0.362997	-7.724784	-32.098998
0.003974	2.785127	0.298175	-7.747835	-32.171571
0.003418	2.762831	0.233349	-7.770922	-32.244128
0.002904	2.734725	0.168521	-7.794042	-32.316673
0.002430	2.698364	0.103691	-7.817188	-32.389208
0.001997	2.650825	0.038861	-7.840358	-32.461735
0.001606	2.583533	-0.025969	-7.863546	-32.534256
0.001258	2.485940	-0.090799	-7.886750	-32.606773
0.000960	2.337194	-0.155626	-7.909967	-32.679288
0.000723	2.102841	-0.220451	-7.933192	-32.751802
0.000572	1.743427	-0.285273	-7.956424	-32.824317
0.000530	1.302647	-0.350092	-7.979661	-32.896833
0.000583	0.925077	-0.414907	-8.002899	-32.969352
0.000685	0.675638	-0.479717	-8.026138	-33.041875
0.000798	0.523252	-0.544523	-8.049375	-33.114402
0.000905	0.428296	-0.609324	-8.072609	-33.186935
0.001000	0.369069	-0.674119	-8.095840	-33.259475
0.001078	0.334184	-0.738908	-8.119065	-33.332020
0.001139	0.314871	-0.803692	-8.142286	-33.404573
0.001183	0.308402	-0.868469	-8.165500	-33.477134
0.001211	0.312802	-0.933240	-8.188707	-33.549702
0.001225	0.327179	-0.998004	-8.211909	-33.622278
0.001226	0.351379	-1.062762	-8.235104	-33.694862
0.001216	0.385693	-1.127513	-8.258292	-33.767454
0.001197	0.429431	-1.192257	-8.281476	-33.840054
0.001171	0.485106	-1.256993	-8.304653	-33.912662
0.001141	0.551382	-1.321722	-8.327827	-33.985278
0.001110	0.630876	-1.386444	-8.350997	-34.057902
0.001082	0.721877	-1.451159	-8.374163	-34.130534
0.001058	0.825982	-1.515865	-8.397329	-34.203173
0.001044	0.939720	-1.580564	-8.420493	-34.275819
0.001041	1.061328	-1.645255	-8.443658	-34.348472
0.001053	1.187879	-1.709938	-8.466825	-34.421132
0.001079	1.312862	-1.774613	-8.489995	-34.493797
0.001120	1.433022	-1.839280	-8.513169	-34.566469
0.001174	1.546090	-1.903939	-8.536348	-34.639146
0.001240	1.648129	-1.968590	-8.559535	-34.711828
0.001315	1.740450	-2.033232	-8.582730	-34.784514
0.001395	1.821289	-2.097867	-8.605934	-34.857204
0.001479	1.893443	-2.162494	-8.629149	-34.929898
0.001563	1.956967	-2.227113	-8.652377	-35.002595
0.001646	2.012982	-2.291724	-8.675618	-35.075295
0.001725	2.062564	-2.356328	-8.698873	-35.147997
0.001798	2.106733	-2.420924	-8.722143	-35.220701
0.001865	2.146528	-2.485513	-8.745430	-35.293406
0.001926	2.183796	-2.550095	-8.768735	-35.366111
0.001981	2.217193	-2.614670	-8.792057	-35.438817
0.002029	2.249229	-2.679238	-8.815398	-35.511523
0.002071	2.279307	-2.743800	-8.838758	-35.584228
0.002107	2.306745	-2.808356	-8.862138	-35.656932
0.002137	2.333793	-2.872907	-8.885538	-35.729635
0.002162	2.359652	-2.937452	-8.908959	-35.802335
0.002182	2.384479	-3.001992	-8.932401	-35.875034
0.002196	2.408397	-3.066527	-8.955864	-35.947730
0.002206	2.431499	-3.131058	-8.979348	-36.020422
0.002211	2.453855	-3.195586	-9.002854	-36.093111
0.002212	2.475513	-3.260109	-9.026381	-36.165797
0.002209	2.496500	-3.324630	-9.049930	-36.238478
0.002202	2.516827	-3.389147	-9.073500	-36.311155
0.002191	2.536488	-3.453662	-9.097092	-36.383828
0.002177	2.555459	-3.518175	-9.120704	-36.456495
0.002160	2.573703	-3.582686	-9.144338	-36.529157
0.002141	2.591165	-3.647195	-9.167993	-36.601814
0.002118	2.606808	-3.711703	-9.191668	-36.674465
0.002093	2.622726	-3.776210	-9.215364	-36.747111
0.002065	2.637054	-3.840716	-9.239079	-36.819751
0.002033	2.651932	-3.905222	-9.262815	-36.892384
0.001997	2.665513	-3.969728	-9.286570	-36.965012
0.001957	2.678965	-4.034233	-9.310344	-37.037633
0.001913	2.693471	-4.098738	-9.334136	-37.110248
0.001865	2.707240	-4.163244	-9.357947	-37.182857
0.001811	2.721509	-4.227751	-9.381775	-37.255460
0.001753	2.737561	-4.292258	-9.405620	-37.328057
0.001690	2.753735	-4.356766	-9.429481	-37.400647
0.001621	2.772447	-4.421275	-9.453358	-37.473231
0.001548	2.792226	-4.485785	-9.477251	-37.545809
0.001468	2.815752	-4.550297	-9.501157	-37.618382
0.001384	2.841930	-4.614810	-9.525077	-37.690948
0.001294	2.873992	-4.679325	-9.549009	-37.763509
0.001199	2.912659	-4.743842	-9.572953	-37.836064
0.001099	2.960404	-4.808362	-9.596907	-37.908614
0.000996	3.020877	-4.872883	-9.620871	-37.981158
0.000891	3.099583	-4.937408	-9.644842	-38.053698
0.000787	-3.077517	-5.001935	-9.668821	-38.126233
0.000690	-2.935365	-5.066465	-9.692805	-38.198763
0.000608	-2.743154	-5.130998	-9.716794	-38.271289
0.000553	-2.497168	-5.195535	-9.740786	-38.343810
0.000537	-2.211593	-5.260076	-9.764778	-38.416328
0.000566	-1.929601	-5.324621	-9.788771	-38.488843
0.000633	-1.690680	-5.389170	-9.812762	-38.561354
0.000729	-1.506895	-5.453724	-9.836749	-38.633862
0.000841	-1.370762	-5.518282	-9.860732	-38.706367
0.000963	-1.270233	-5.582846	-9.884708	-38.778870
0.001089	-1.195183	-5.647415	-9.908677	-38.851371
0.001214	-1.138391	-5.711989	-9.932636	-38.923871
0.001336	-1.094948	-5.776569	-9.956585	-38.996368
0.001453	-1.061548	-5.841155	-9.980522	-39.068864
0.001562	-1.035953	-5.905747	-10.004446	-39.141359
0.001663	-1.017641	-5.970346	-10.028356	-39.213853
0.001754	-1.003585	-6.034951	-10.052251	-39.286346
0.001833	-0.995110	-6.099563	-10.076129	-39.358838
0.001898	-0.989807	-6.164182	-10.099990	-39.431330
0.001950	-0.989482	-6.228808	-10.123834	-39.503820
0.001987	-0.993020	-6.293442	-10.147660	-39.576311
0.002009	-1.000032	-6.358083	-10.171468	-39.648800
0.002018	-1.010176	-6.422732	-10.195256	-39.721289
0.002015	-1.024226	-6.487389	-10.219027	-39.793777
0.002000	-1.040042	-6.552054	-10.242779	-39.866263
0.001975	-1.059546	-6.616727	-10.266513	-39.938749
0.001941	-1.080709	-6.681409	-10.290229	-40.011232
0.001898	-1.105536	-6.746099	-10.313927	-40.083714
0.001849	-1.133059	-6.810797	-10.337609	-40.156194
0.001793	-1.162328	-6.875504	-10.361275	-40.228671
0.001732	-1.195404	-6.940220	-10.384925	-40.301145
0.001666	-1.231351	-7.004945	-10.408561	-40.373617
0.001597	-1.269226	-7.069678	-10.432183	-40.446085
0.001526	-1.311074	-7.134420	-10.455791	-40.518549
0.001452	-1.354914	-7.199171	-10.479388	-40.591010
0.001377	-1.402734	-7.263930	-10.502974	-40.663466
0.001301	-1.452480	-7.328698	-10.526550	-40.735919
0.001224	-1.506048	-7.393474	-10.550117	-40.808367
0.001147	-1.561283	-7.458258	-10.573676	-40.880810
0.001070	-1.618982	-7.523050	-10.597227	-40.953249
0.000992	-1.679237	-7.587849	-10.620773	-41.025683
0.000913	-1.742708	-7.652655	-10.644313	-41.098113
0.000833	-1.814222	-7.717468	-10.667849	-41.170538
0.000752	-1.895927	-7.782287	-10.691382	-41.242958
0.000671	-1.995981	-7.847111	-10.714912	-41.315375
0.000593	-2.121461	-7.911941	-10.738440	-41.387787
0.000522	-2.285970	-7.976775	-10.761968	-41.460195
0.000465	-2.503426	-8.041613	-10.785496	-41.532600
0.000433	-2.778045	-8.106455	-10.809025	-41.605002
0.000438	-3.084714	-8.171298	-10.832556	-41.677401
0.000484	2.911241	-8.236144	-10.856090	-41.749797
0.000568	2.680648	-8.300990	-10.879628	-41.822192
0.000681	2.510695	-8.365837	-10.903172	-41.894584
0.000815	2.388993	-8.430682	-10.926723	-41.966975
0.000967	2.301981	-8.495526	-10.950281	-42.039365
0.001134	2.239406	-8.560367	-10.973849	-42.111754
0.001314	2.194243	-8.625205	-10.997427	-42.184143
0.001508	2.160768	-8.690038	-11.021018	-42.256532
0.001713	2.137769	-8.754865	-11.044622	-42.328922
0.001932	2.121011	-8.819686	-11.068243	-42.401312
0.002162	2.110852	-8.884499	-11.091881	-42.473704
0.002403	2.103908	-8.949304	-11.115539	-42.546096
0.002652	2.100115	-9.014098	-11.139219	-42.618491
0.002906	2.098691	-9.078882	-11.162923	-42.690887
0.003163	2.099064	-9.143654	-11.186653	-42.763286
0.003422	2.099814	-9.208412	-11.210412	-42.835686
0.003680	2.102634	-9.273157	-11.234202	-42.908089
0.003934	2.105301	-9.337886	-11.258026	-42.980495
0.004184	2.109652	-9.402600	-11.281885	-43.052903
0.004425	2.113568	-9.467296	-11.305782	-43.125314
0.004657	2.117967	-9.531975	-11.329720	-43.197727
0.004878	2.122796	-9.596634	-11.353701	-43.270143
0.005084	2.128020	-9.661275	-11.377726	-43.342561
0.005274	2.133624	-9.725895	-11.401798	-43.414982
0.005446	2.139610	-9.790495	-11.425918	-43.487406
0.005598	2.145992	-9.855073	-11.450088	-43.559831
0.005727	2.152802	-9.919630	-11.474310	-43.632259
0.005831	2.160085	-9.984165	-11.498585	-43.704688
0.005909	2.168903	-10.048678	-11.522914	-43.777118
0.005958	2.177338	-10.113169	-11.547298	-43.849550
0.005977	2.186474	-10.177639	-11.571737	-43.921982
0.005966	2.196327	-10.242087	-11.596232	-43.994415
0.005929	2.206898	-10.306514	-11.620783	-44.066847
0.005866	2.218200	-10.370920	-11.645389	-44.139279
0.005780	2.231253	-10.435306	-11.670051	-44.211710
0.005672	2.244082	-10.499674	-11.694767	-44.284139
0.005545	2.257718	-10.564023	-11.719537	-44.356566
0.005399	2.273196	-10.628354	-11.744359	-44.428991
0.005238	2.289555	-10.692670	-11.769233	-44.501412
0.005062	2.305836	-10.756970	-11.794157	-44.573830
0.004874	2.324081	-10.821256	-11.819129	-44.646244
0.004675	2.343332	-10.885528	-11.844148	-44.718653
0.004466	2.363628	-10.949789	-11.869211	-44.791057
0.004251	2.386002	-11.014040	-11.894318	-44.863456
0.004029	2.408474	-11.078280	-11.919466	-44.935849
0.003804	2.433047	-11.142513	-11.944653	-45.008235
0.003575	2.457698	-11.206738	-11.969876	-45.080616
0.003346	2.484364	-11.270957	-11.995135	-45.152989
0.003117	2.511924	-11.335171	-12.020425	-45.225356
0.002889	2.541173	-11.399381	-12.045746	-45.297716
0.002663	2.569887	-11.463588	-12.071094	-45.370069
0.002440	2.600140	-11.527793	-12.096468	-45.442415
0.002220	2.631140	-11.591996	-12.121866	-45.514754
0.002003	2.663163	-11.656198	-12.147285	-45.587087
0.001789	2.696597	-11.720400	-12.172722	-45.659413
0.001578	2.733005	-11.784602	-12.198177	-45.731733
0.001372	2.771247	-11.848804	-12.223646	-45.804048
0.001169	2.814711	-11.913008	-12.249128	-45.876357
0.000970	2.864815	-11.977212	-12.274620	-45.948661
0.000776	2.926186	-12.041418	-12.300121	-46.020962
0.000588	3.008943	-12.105626	-12.325629	-46.093258
0.000407	3.139916	-12.169834	-12.351142	-46.165552
0.000242	-2.868521	-12.234045	-12.376657	-46.237843
0.000135	-2.038063	-12.298256	-12.402174	-46.310133
0.000198	-0.983011	-12.362468	-12.427691	-46.382422
0.000340	-0.619752	-12.426682	-12.453206	-46.454710
0.000492	-0.462883	-12.490895	-12.478718	-46.527000
0.000642	-0.368096	-12.555109	-12.504225	-46.599291
0.000788	-0.298621	-12.619322	-12.529726	-46.671585
0.000929	-0.242485	-12.683534	-12.555220	-46.743882
0.001063	-0.192263	-12.747745	-12.580706	-46.816183
0.001192	-0.148268	-12.811954	-12.606183	-46.888490
0.001317	-0.108954	-12.876160	-12.631650	-46.960802
0.001438	-0.074141	-12.940362	-12.657106	-47.033121
0.001555	-0.043830	-13.004560	-12.682550	-47.105448
0.001669	-0.018115	-13.068754	-12.707983	-47.177784
0.001780	0.002860	-13.132942	-12.733403	-47.250128
0.001889	0.018927	-13.197124	-12.758809	-47.322483
0.001995	0.029903	-13.261299	-12.784202	-47.394849
0.002098	0.035599	-13.325467	-12.809580	-47.467226
0.002200	0.036827	-13.389628	-12.834942	-47.539615
0.002300	0.031408	-13.453780	-12.860289	-47.612017
0.002400	0.020181	-13.517925	-12.885619	-47.684432
0.002501	0.004020	-13.582060	-12.910930	-47.756861
0.002604	-0.019139	-13.646188	-12.936224	-47.829304
0.002711	-0.047279	-13.710306	-12.961497	-47.901761
0.002826	-0.080261	-13.774417	-12.986749	-47.974234
0.002950	-0.119795	-13.838519	-13.011978	-48.046721
0.003088	-0.163409	-13.902614	-13.037183	-48.119223
0.003244	-0.211439	-13.966702	-13.062363	-48.191741
0.003421	-0.261841	-14.030783	-13.087514	-48.264273
0.003623	-0.313804	-14.094860	-13.112635	-48.336821
0.003851	-0.365588	-14.158932	-13.137723	-48.409383
0.004106	-0.414796	-14.223002	-13.162776	-48.481961
0.004387	-0.461397	-14.287070	-13.187790	-48.554552
0.004694	-0.504701	-14.351139	-13.212763	-48.627159
0.005025	-0.544314	-14.415208	-13.237691	-48.699779
0.005379	-0.579075	-14.479281	-13.262571	-48.772413
0.005754	-0.609995	-14.543359	-13.287399	-48.845060
0.006147	-0.637201	-14.607443	-13.312171	-48.917721
0.006556	-0.660892	-14.671535	-13.336884	-48.990395
0.006978	-0.680305	-14.735638	-13.361533	-49.063081
0.007411	-0.697690	-14.799751	-13.386115	-49.135781
0.007853	-0.711298	-14.863878	-13.410625	-49.208493
0.008301	-0.723364	-14.928019	-13.435059	-49.281218
0.008752	-0.732112	-14.992177	-13.459412	-49.353955
0.009205	-0.739740	-15.056352	-13.483681	-49.426706
0.009656	-0.744429	-15.120546	-13.507860	-49.499469
0.010104	-0.748337	-15.184760	-13.531946	-49.572246
0.010545	-0.750603	-15.248996	-13.555934	-49.645036
0.010979	-0.751371	-15.313253	-13.579820	-49.717840
0.011405	-0.750839	-15.377534	-13.603600	-49.790658
0.011824	-0.749196	-15.441840	-13.627269	-49.863491
0.012234	-0.747596	-15.506169	-13.650823	-49.936339
0.012638	-0.744171	-15.570524	-13.674259	-50.009204
0.013035	-0.741030	-15.634905	-13.697572	-50.082085
0.013425	-0.736269	-15.699312	-13.720759	-50.154983
0.013809	-0.731970	-15.763745	-13.743816	-50.227899
0.014188	-0.726203	-15.828205	-13.766738	-50.300835
0.014561	-0.720030	-15.892691	-13.789522	-50.373790
0.014930	-0.714506	-15.957204	-13.812164	-50.446765
0.015294	-0.707679	-16.021743	-13.834661	-50.519763
0.015655	-0.700592	-16.086308	-13.857010	-50.592783
0.016012	-0.693282	-16.150898	-13.879205	-50.665827
0.016366	-0.684785	-16.215514	-13.901245	-50.738897
0.016718	-0.676132	-16.280154	-13.923124	-50.811992
0.017068	-0.667352	-16.344818	-13.944841	-50.885115
0.017416	-0.657469	-16.409505	-13.966391	-50.958267
0.017763	-0.647507	-16.474214	-13.987771	-51.031449
0.018110	-0.636489	-16.538944	-14.008977	-51.104664
0.000000	0.000000	-16.538944	-14.008977	-51.104664
