0.047746	-1.090108	0.000000	0.000000	0.000000
0.043697	-1.024607	0.099999	0.000221	-0.000423
0.039854	-0.947436	0.199995	0.000669	-0.001220
0.036280	-0.856462	0.299986	0.001349	-0.002340
0.033051	-0.749537	0.399972	0.002267	-0.003735
0.030248	-0.624984	0.499952	0.003427	-0.005354
0.027957	-0.483433	0.599926	0.004832	-0.007151
0.026256	-0.324884	0.699894	0.006485	-0.009077
0.025192	-0.156412	0.799856	0.008386	-0.011087
0.024765	0.015318	0.899812	0.010537	-0.013136
0.024916	0.182018	0.999762	0.012934	-0.015182
0.025537	0.337152	1.099707	0.015577	-0.017182
0.026500	0.477243	1.199647	0.018461	-0.019097
0.027671	0.601694	1.299582	0.021580	-0.020891
0.028932	0.710817	1.399513	0.024927	-0.022528
0.030186	0.807848	1.499439	0.028493	-0.023976
0.031352	0.896296	1.599360	0.032268	-0.025206
0.032367	0.976617	1.699276	0.036238	-0.026191
0.033184	1.052111	1.799188	0.040389	-0.026908
0.033766	1.124930	1.899094	0.044704	-0.027336
0.034086	1.197158	1.998994	0.049165	-0.027460
0.034141	1.270817	2.098889	0.053750	-0.027266
0.033970	1.347568	2.198777	0.058435	-0.026746
0.033629	1.427784	2.298660	0.063195	-0.025895
0.033183	1.514604	2.398538	0.068003	-0.024710
0.032702	1.606856	2.498410	0.072829	-0.023195
0.032258	1.706935	2.598277	0.077642	-0.021353
0.031930	1.812634	2.698140	0.082412	-0.019191
0.031790	1.924997	2.797999	0.087104	-0.016719
0.031902	2.040255	2.897856	0.091686	-0.013950
0.032317	2.156949	2.997710	0.096123	-0.010896
0.033063	2.273230	3.097564	0.100380	-0.007573
0.034145	2.384293	3.197419	0.104424	-0.003998
0.035547	2.488783	3.297274	0.108220	-0.000189
0.037234	2.585045	3.397131	0.111732	0.003836
0.039158	2.673177	3.496991	0.114928	0.008057
0.041265	2.750922	3.596854	0.117775	0.012453
0.043497	2.819491	3.696720	0.120239	0.017007
0.045799	2.879379	3.796588	0.122291	0.021697
0.048116	2.932217	3.896460	0.123900	0.026505
0.050397	2.976663	3.996333	0.125039	0.031412
0.052598	3.014467	4.096206	0.125680	0.036401
0.054697	3.047754	4.196079	0.125799	0.041454
0.056685	3.075546	4.295947	0.125373	0.046558
0.058557	3.099672	4.395810	0.124382	0.051697
0.060312	3.120804	4.495664	0.122805	0.056858
0.061951	3.140493	4.595507	0.120626	0.062030
0.063479	-3.125986	4.695334	0.117827	0.067201
0.064902	-3.110878	4.795142	0.114394	0.072358
0.066227	-3.096040	4.894926	0.110313	0.077493
0.067462	-3.083188	4.994684	0.105571	0.082594
0.068615	-3.071077	5.094409	0.100156	0.087652
0.069698	-3.058486	5.194097	0.094059	0.092658
0.070718	-3.047222	5.293744	0.087268	0.097603
0.071688	-3.035109	5.393343	0.079775	0.102476
0.072619	-3.023987	5.492891	0.071572	0.107268
0.073520	-3.011711	5.592381	0.062651	0.111970
0.074405	-3.000150	5.691808	0.053004	0.116572
0.075286	-2.987185	5.791167	0.042624	0.121063
0.076174	-2.974707	5.890451	0.031505	0.125432
0.077085	-2.960623	5.989654	0.019641	0.129669
0.078027	-2.945878	6.088770	0.007024	0.133761
0.079004	-2.931531	6.187794	-0.006351	0.137694
0.080013	-2.915667	6.286718	-0.020490	0.141455
0.081054	-2.899366	6.385535	-0.035400	0.145030
0.082125	-2.882704	6.484240	-0.051088	0.148403
0.083224	-2.866752	6.582824	-0.067557	0.151557
0.084350	-2.849574	6.681280	-0.084815	0.154477
0.085499	-2.833233	6.779601	-0.102867	0.157147
0.086671	-2.815783	6.877779	-0.121718	0.159547
0.087861	-2.799276	6.975805	-0.141372	0.161662
0.089067	-2.781759	7.073672	-0.161836	0.163472
0.090287	-2.765271	7.171371	-0.183112	0.164960
0.091517	-2.748851	7.268894	-0.205205	0.166105
0.092752	-2.731531	7.366230	-0.228119	0.166891
0.093991	-2.715340	7.463371	-0.251856	0.167298
0.095228	-2.700301	7.560307	-0.276420	0.167305
0.096461	-2.684435	7.657029	-0.301812	0.166896
0.097684	-2.668761	7.753526	-0.328035	0.166051
0.098893	-2.654292	7.849787	-0.355090	0.164751
0.100085	-2.639039	7.945804	-0.382978	0.162979
0.101255	-2.625007	8.041564	-0.411699	0.160714
0.102403	-2.611187	8.137056	-0.441253	0.157940
0.103531	-2.597565	8.232271	-0.471640	0.154638
0.104639	-2.584132	8.327195	-0.502857	0.150791
0.105729	-2.570876	8.421818	-0.534905	0.146382
0.106801	-2.558789	8.516128	-0.567779	0.141394
0.107856	-2.545865	8.610113	-0.601479	0.135811
0.108896	-2.533096	8.703761	-0.636000	0.129616
0.109921	-2.521477	8.797059	-0.671339	0.122792
0.110932	-2.509002	8.889996	-0.707492	0.115324
0.111931	-2.497669	8.982558	-0.744453	0.107195
0.112918	-2.485473	9.074733	-0.782220	0.098392
0.113894	-2.473413	9.166508	-0.820784	0.088898
0.114860	-2.461485	9.257870	-0.860141	0.078697
0.115817	-2.449690	9.348805	-0.900283	0.067774
0.116766	-2.438025	9.439302	-0.941204	0.056115
0.117708	-2.426491	9.529345	-0.982895	0.043705
0.118644	-2.415087	9.618922	-1.025348	0.030528
0.119575	-2.403815	9.708020	-1.068555	0.016571
0.120501	-2.391674	9.796623	-1.112507	0.001819
0.121422	-2.379669	9.884720	-1.157194	-0.013741
0.122337	-2.367811	9.972295	-1.202605	-0.030125
0.123242	-2.356111	10.059335	-1.248730	-0.047347
0.124135	-2.344582	10.145826	-1.295556	-0.065420
0.125012	-2.333233	10.231753	-1.343072	-0.084358
0.125869	-2.321073	10.317104	-1.391265	-0.104174
0.126705	-2.309110	10.401863	-1.440123	-0.124881
0.127515	-2.298350	10.486018	-1.489631	-0.146492
0.128295	-2.285799	10.569553	-1.539775	-0.169017
0.129044	-2.274463	10.652456	-1.590539	-0.192471
0.129756	-2.263345	10.734713	-1.641909	-0.216863
0.130429	-2.251450	10.816309	-1.693869	-0.242204
0.131060	-2.240781	10.897233	-1.746401	-0.268505
0.131643	-2.229340	10.977470	-1.799490	-0.295773
0.132177	-2.218130	11.057009	-1.853116	-0.324019
0.132657	-2.207153	11.135836	-1.907263	-0.353250
0.133080	-2.196411	11.213939	-1.961911	-0.383473
0.133442	-2.184904	11.291307	-2.017043	-0.414695
0.133739	-2.174635	11.367928	-2.072636	-0.446921
0.133968	-2.164605	11.443791	-2.128674	-0.480156
0.134128	-2.153805	11.518886	-2.185135	-0.514403
0.134228	-2.143184	11.593203	-2.241999	-0.549666
0.134281	-2.132688	11.666733	-2.299245	-0.585946
0.134299	-2.122261	11.739466	-2.356853	-0.623245
0.134295	-2.111852	11.811394	-2.414801	-0.661565
0.134281	-2.101413	11.882510	-2.473067	-0.700904
0.134271	-2.090898	11.952805	-2.531630	-0.741264
0.134277	-2.079261	12.022272	-2.590469	-0.782645
0.134314	-2.067463	12.090903	-2.649561	-0.825046
0.134395	-2.056465	12.158693	-2.708883	-0.868468
0.134532	-2.043232	12.225634	-2.768411	-0.912912
0.134741	-2.030733	12.291720	-2.828123	-0.958377
0.135035	-2.017940	12.356945	-2.887994	-1.004867
0.135428	-2.003829	12.421301	-2.947999	-1.052382
0.135934	-1.989384	12.484782	-3.008113	-1.100924
0.136569	-1.974590	12.547382	-3.068310	-1.150499
0.137346	-1.958440	12.609093	-3.128562	-1.201108
0.138280	-1.941933	12.669909	-3.188842	-1.252759
0.139387	-1.925074	12.729822	-3.249119	-1.305458
0.140682	-1.906874	12.788825	-3.309362	-1.359211
0.142173	-1.888381	12.846909	-3.369541	-1.414028
0.143840	-1.869758	12.904065	-3.429619	-1.469917
0.145655	-1.850187	12.960285	-3.489564	-1.526890
0.147589	-1.831829	13.015560	-3.549338	-1.584958
0.149613	-1.812830	13.069878	-3.608904	-1.644131
0.151697	-1.794321	13.123230	-3.668223	-1.704419
0.153809	-1.777414	13.175607	-3.727258	-1.765833
0.155918	-1.760208	13.226995	-3.785969	-1.828381
0.157992	-1.745792	13.277386	-3.844317	-1.892070
0.159998	-1.732244	13.326765	-3.902265	-1.956906
0.161904	-1.720635	13.375122	-3.959776	-2.022891
0.163678	-1.711031	13.422441	-4.016817	-2.090027
0.165287	-1.703497	13.468709	-4.073354	-2.158313
0.166699	-1.699097	13.513910	-4.129358	-2.227742
0.167883	-1.696901	13.558027	-4.184802	-2.298308
0.168808	-1.697984	13.601042	-4.239666	-2.369999
0.169444	-1.701429	13.642937	-4.293931	-2.442801
0.169761	-1.708335	13.683690	-4.347584	-2.516697
0.169732	-1.717815	13.723281	-4.400618	-2.591663
0.169330	-1.730005	13.761689	-4.453028	-2.667676
0.168542	-1.746015	13.798894	-4.504819	-2.744705
0.167397	-1.764774	13.834875	-4.555998	-2.822719
0.165937	-1.786168	13.869611	-4.606581	-2.901679
0.164202	-1.808094	13.903085	-4.656585	-2.981548
0.162233	-1.832446	13.935280	-4.706033	-3.062285
0.160070	-1.858114	13.966183	-4.754950	-3.143846
0.157752	-1.883981	13.995782	-4.803363	-3.226187
0.155318	-1.909913	14.024070	-4.851301	-3.309264
0.152802	-1.936760	14.051040	-4.898793	-3.393032
0.150239	-1.964348	14.076689	-4.945869	-3.477447
0.147659	-1.990478	14.101017	-4.992560	-3.562465
0.145092	-2.016921	14.124026	-5.038896	-3.648043
0.142563	-2.043417	14.145720	-5.084905	-3.734139
0.140093	-2.067673	14.166104	-5.130617	-3.820712
0.137702	-2.091361	14.185185	-5.176057	-3.907725
0.135404	-2.113120	14.202973	-5.221248	-3.995139
0.133214	-2.133559	14.219478	-5.266214	-4.082921
0.131141	-2.150253	14.234710	-5.310973	-4.171038
0.129193	-2.164755	14.248681	-5.355540	-4.259461
0.127379	-2.175593	14.261404	-5.399927	-4.348162
0.125703	-2.182374	14.272890	-5.444142	-4.437118
0.124153	-2.185075	14.283153	-5.488187	-4.526307
0.122719	-2.183793	14.292206	-5.532060	-4.615712
0.121392	-2.178644	14.300061	-5.575756	-4.705316
0.120168	-2.169765	14.306731	-5.619265	-4.795108
0.119045	-2.158315	14.312229	-5.662571	-4.885076
0.118023	-2.143469	14.316570	-5.705660	-4.975212
0.117102	-2.124421	14.319765	-5.748512	-5.065509
0.116284	-2.103383	14.321830	-5.791102	-5.155962
0.115569	-2.079583	14.322778	-5.833406	-5.246568
0.114960	-2.053261	14.322625	-5.875396	-5.337325
0.114456	-2.025671	14.321385	-5.917042	-5.428232
0.114055	-1.995075	14.319073	-5.958312	-5.519289
0.113753	-1.963741	14.315708	-5.999174	-5.610498
0.113546	-1.929942	14.311306	-6.039594	-5.701859
0.113426	-1.895947	14.305887	-6.079535	-5.793376
0.113384	-1.862025	14.299468	-6.118962	-5.885051
0.113406	-1.827433	14.292071	-6.157840	-5.976886
0.113480	-1.793422	14.283716	-6.196133	-6.068885
0.113589	-1.761233	14.274424	-6.233807	-6.161050
0.113717	-1.730057	14.264218	-6.270829	-6.253382
0.113850	-1.700937	14.253118	-6.307168	-6.345882
0.113976	-1.672873	14.241144	-6.342796	-6.438550
0.114084	-1.647862	14.228320	-6.377685	-6.531385
0.114162	-1.624897	14.214663	-6.411811	-6.624384
0.114199	-1.604968	14.200193	-6.445151	-6.717546
0.114186	-1.586063	14.184929	-6.477688	-6.810864
0.114110	-1.570171	14.168886	-6.509403	-6.904335
0.113964	-1.555280	14.152080	-6.540281	-6.997952
0.113737	-1.543380	14.134528	-6.570310	-7.091708
0.113420	-1.533462	14.116243	-6.599479	-7.185595
0.113004	-1.525519	14.097237	-6.627781	-7.279604
0.112482	-1.518550	14.077523	-6.655210	-7.373727
0.111844	-1.513556	14.057113	-6.681761	-7.467952
0.111084	-1.510542	14.036016	-6.707434	-7.562270
0.110194	-1.508520	14.014243	-6.732230	-7.656669
0.109166	-1.507511	13.991804	-6.756150	-7.751137
0.107995	-1.508540	13.968708	-6.779201	-7.845664
0.106673	-1.509644	13.944965	-6.801388	-7.940236
0.105195	-1.512870	13.920583	-6.822721	-8.034843
0.103558	-1.516268	13.895573	-6.843212	-8.129472
0.101772	-1.520854	13.869943	-6.862872	-8.224111
0.099851	-1.526641	13.843704	-6.881718	-8.318749
0.097809	-1.532654	13.816866	-6.899764	-8.413375
0.095660	-1.540923	13.789438	-6.917031	-8.507977
0.093418	-1.549485	13.761430	-6.933537	-8.602545
0.091098	-1.559384	13.732853	-6.949305	-8.697069
0.088715	-1.570671	13.703717	-6.964355	-8.791539
0.086284	-1.583399	13.674030	-6.978712	-8.885945
0.083821	-1.597625	13.643803	-6.992401	-8.980279
0.081341	-1.613407	13.613045	-7.005446	-9.074533
0.078859	-1.629802	13.581763	-7.017875	-9.168698
0.076393	-1.648863	13.549968	-7.029713	-9.262766
0.073957	-1.669632	13.517667	-7.040988	-9.356732
0.071567	-1.691140	13.484867	-7.051728	-9.450587
0.069239	-1.715398	13.451577	-7.061960	-9.544327
0.066988	-1.740392	13.417804	-7.071711	-9.637944
0.064829	-1.768072	13.383553	-7.081010	-9.731435
0.062776	-1.796351	13.348832	-7.089883	-9.824793
0.060840	-1.827088	13.313646	-7.098358	-9.918013
0.059033	-1.858113	13.278000	-7.106460	-10.011092
0.057358	-1.891304	13.241899	-7.114215	-10.104026
0.055816	-1.925529	13.205347	-7.121648	-10.196809
0.054407	-1.959630	13.168349	-7.128783	-10.289439
0.053132	-1.995417	13.130909	-7.135644	-10.381911
0.051989	-2.031673	13.093029	-7.142254	-10.474222
0.050975	-2.068160	13.054712	-7.148633	-10.566370
0.050087	-2.104620	13.015962	-7.154804	-10.658350
0.049320	-2.140783	12.976780	-7.160787	-10.750159
0.048670	-2.176376	12.937168	-7.166600	-10.841795
0.048130	-2.211128	12.897129	-7.172263	-10.933254
0.047692	-2.244776	12.856664	-7.177793	-11.024534
0.047348	-2.277075	12.815773	-7.183206	-11.115631
0.047092	-2.308798	12.774459	-7.188518	-11.206543
0.046913	-2.337743	12.732722	-7.193744	-11.297266
0.046804	-2.365736	12.690562	-7.198898	-11.387798
0.046755	-2.391625	12.647981	-7.203993	-11.478135
0.046759	-2.414288	12.604979	-7.209040	-11.568276
0.046806	-2.435625	12.561556	-7.214050	-11.658216
0.046891	-2.455556	12.517711	-7.219033	-11.747954
0.047006	-2.472053	12.473446	-7.223997	-11.837486
0.047142	-2.486225	12.428760	-7.228952	-11.926809
0.047295	-2.499223	12.383653	-7.233902	-12.015920
0.047458	-2.509205	12.338124	-7.238855	-12.104817
0.047627	-2.518332	12.292173	-7.243814	-12.193496
0.047799	-2.525770	12.245801	-7.248785	-12.281954
0.047970	-2.530679	12.199006	-7.253770	-12.370189
0.048136	-2.535222	12.151789	-7.258771	-12.458197
0.048298	-2.537559	12.104148	-7.263792	-12.545977
0.048451	-2.539845	12.056085	-7.268833	-12.633524
0.048594	-2.540236	12.007599	-7.273894	-12.720836
0.048726	-2.539883	11.958689	-7.278977	-12.807911
0.048846	-2.538933	11.909355	-7.284080	-12.894745
0.048951	-2.537533	11.859599	-7.289204	-12.981336
0.049040	-2.535826	11.809420	-7.294348	-13.067682
0.049111	-2.532953	11.758818	-7.299510	-13.153780
0.049164	-2.531056	11.707794	-7.304690	-13.239627
0.049196	-2.527272	11.656348	-7.309885	-13.325221
0.049205	-2.524741	11.604482	-7.315095	-13.410560
0.049190	-2.521601	11.552197	-7.320318	-13.495642
0.049150	-2.518967	11.499494	-7.325552	-13.580466
0.049086	-2.515863	11.446374	-7.330795	-13.665028
0.048998	-2.514286	11.392840	-7.336046	-13.749328
0.048890	-2.512238	11.338892	-7.341305	-13.833364
0.048761	-2.509720	11.284535	-7.346570	-13.917134
0.048614	-2.508737	11.229768	-7.351839	-14.000638
0.048451	-2.507293	11.174597	-7.357112	-14.083875
0.048273	-2.506392	11.119022	-7.362389	-14.166842
0.048082	-2.506041	11.063047	-7.367668	-14.249540
0.047879	-2.506246	11.006674	-7.372949	-14.331967
0.047667	-2.508014	10.949907	-7.378233	-14.414123
0.047448	-2.509351	10.892748	-7.383520	-14.496006
0.047223	-2.511265	10.835201	-7.388810	-14.577617
0.046994	-2.513762	10.777269	-7.394104	-14.658955
0.046763	-2.517849	10.718955	-7.399404	-14.740020
0.046532	-2.521530	10.660263	-7.404711	-14.820809
0.046304	-2.526810	10.601195	-7.410026	-14.901325
0.046081	-2.532692	10.541754	-7.415352	-14.981565
0.045864	-2.540177	10.481945	-7.420692	-15.061529
0.045656	-2.548264	10.421769	-7.426048	-15.141218
0.045459	-2.556943	10.361231	-7.431425	-15.220629
0.045273	-2.566165	10.300334	-7.436825	-15.299764
0.045098	-2.576874	10.239079	-7.442254	-15.378621
0.044933	-2.588012	10.177472	-7.447714	-15.457200
0.044778	-2.599521	10.115513	-7.453212	-15.535501
0.044633	-2.612341	10.053208	-7.458753	-15.613522
0.044496	-2.625413	9.990557	-7.464340	-15.691263
0.044367	-2.638678	9.927566	-7.469981	-15.768724
0.044246	-2.652077	9.864235	-7.475680	-15.845905
0.044130	-2.666552	9.800570	-7.481444	-15.922804
0.044019	-2.680045	9.736572	-7.487278	-15.999421
0.043912	-2.694499	9.672244	-7.493187	-16.075756
0.043807	-2.708858	9.607591	-7.499179	-16.151809
0.043703	-2.722069	9.542614	-7.505258	-16.227579
0.043597	-2.736078	9.477318	-7.511429	-16.303066
0.043488	-2.749834	9.411705	-7.517700	-16.378270
0.043374	-2.763285	9.345779	-7.524074	-16.453191
0.043254	-2.776383	9.279543	-7.530557	-16.527829
0.043124	-2.789080	9.213001	-7.537155	-16.602183
0.042983	-2.801329	9.146156	-7.543871	-16.676255
0.042830	-2.813094	9.079011	-7.550712	-16.750044
0.042663	-2.824379	9.011571	-7.557680	-16.823551
0.042483	-2.834199	8.943838	-7.564779	-16.896776
0.042292	-2.844567	8.875817	-7.572014	-16.969720
0.042088	-2.853494	8.807512	-7.579387	-17.042383
0.041874	-2.862990	8.738925	-7.586901	-17.114767
0.041649	-2.871065	8.670061	-7.594560	-17.186872
0.041415	-2.879726	8.600924	-7.602364	-17.258699
0.041171	-2.886980	8.531516	-7.610317	-17.330249
0.040919	-2.893833	8.461843	-7.618421	-17.401523
0.040660	-2.900290	8.391908	-7.626676	-17.472522
0.040393	-2.906355	8.321714	-7.635085	-17.543247
0.040121	-2.912030	8.251265	-7.643648	-17.613700
0.039844	-2.917318	8.180564	-7.652367	-17.683882
0.039562	-2.921220	8.109616	-7.661241	-17.753793
0.039276	-2.925736	8.038424	-7.670272	-17.823435
0.038989	-2.928867	7.966990	-7.679459	-17.892810
0.038699	-2.932611	7.895319	-7.688802	-17.961918
0.038409	-2.934967	7.823413	-7.698302	-18.030761
0.038120	-2.936934	7.751276	-7.707958	-18.099339
0.037832	-2.938520	7.678911	-7.717769	-18.167655
0.037545	-2.939771	7.606320	-7.727735	-18.235709
0.037260	-2.940747	7.533508	-7.737854	-18.303502
0.036976	-2.941509	7.460475	-7.748126	-18.371036
0.036695	-2.942120	7.387226	-7.758549	-18.438311
0.036416	-2.942645	7.313764	-7.769123	-18.505329
0.036139	-2.942150	7.240089	-7.779846	-18.572090
0.035866	-2.942704	7.166206	-7.790717	-18.638597
0.035595	-2.943378	7.092117	-7.801735	-18.704849
0.035328	-2.944245	7.017824	-7.812899	-18.770849
0.035065	-2.945380	6.943330	-7.824208	-18.836597
0.034805	-2.946860	6.868638	-7.835661	-18.902094
0.034550	-2.948763	6.793749	-7.847257	-18.967342
0.034300	-2.951171	6.718668	-7.858995	-19.032341
0.034056	-2.955165	6.643395	-7.870876	-19.097094
0.033817	-2.958832	6.567934	-7.882899	-19.161600
0.033585	-2.964255	6.492288	-7.895065	-19.225863
0.033360	-2.970522	6.416460	-7.907373	-19.289882
0.033143	-2.977720	6.340451	-7.919825	-19.353660
0.032936	-2.986939	6.264265	-7.932422	-19.417198
0.032738	-2.996240	6.187906	-7.945165	-19.480498
0.032551	-3.007581	6.111375	-7.958056	-19.543561
0.032374	-3.020894	6.034677	-7.971097	-19.606389
0.032206	-3.034105	5.957815	-7.984291	-19.668983
0.032046	-3.049142	5.880792	-7.997641	-19.731346
0.031895	-3.064931	5.803611	-8.011151	-19.793480
0.031752	-3.081394	5.726276	-8.024822	-19.855387
0.031616	-3.098456	5.648791	-8.038660	-19.917069
0.031486	-3.116041	5.571160	-8.052668	-19.978527
0.031362	-3.134073	5.493386	-8.066849	-20.039765
0.031241	3.129709	5.415473	-8.081207	-20.100785
0.031124	3.111006	5.337425	-8.095746	-20.161589
0.031008	3.092076	5.259246	-8.110471	-20.222179
0.030893	3.071987	5.180940	-8.125384	-20.282560
0.030776	3.052807	5.102511	-8.140491	-20.342732
0.030655	3.033598	5.023964	-8.155794	-20.402700
0.030530	3.014422	4.945301	-8.171296	-20.462465
0.030397	2.994334	4.866529	-8.187003	-20.522032
0.030254	2.975388	4.787649	-8.202915	-20.581402
0.030100	2.956634	4.708668	-8.219038	-20.640580
0.029932	2.939104	4.629589	-8.235373	-20.699569
0.029749	2.920773	4.550415	-8.251922	-20.758371
0.029550	2.902601	4.471152	-8.268689	-20.816990
0.029336	2.885546	4.391803	-8.285674	-20.875430
0.029105	2.867563	4.312372	-8.302879	-20.933695
0.028857	2.850609	4.232864	-8.320306	-20.991787
0.028593	2.833637	4.153282	-8.337956	-21.049711
0.028311	2.816595	4.073631	-8.355829	-21.107471
0.028011	2.800433	3.993914	-8.373925	-21.165071
0.027694	2.783096	3.914135	-8.392246	-21.222514
0.027359	2.765524	3.834299	-8.410791	-21.279805
0.027007	2.748656	3.754409	-8.429560	-21.336948
0.026637	2.731423	3.674470	-8.448553	-21.393948
0.026249	2.713753	3.594484	-8.467767	-21.450808
0.025844	2.695569	3.514457	-8.487203	-21.507534
0.025422	2.676784	3.434391	-8.506860	-21.564130
0.024984	2.658305	3.354291	-8.526735	-21.620602
0.024530	2.638031	3.274161	-8.546827	-21.676953
0.024060	2.617849	3.194005	-8.567134	-21.733190
0.023576	2.596636	3.113826	-8.587655	-21.789317
0.023080	2.574278	3.033628	-8.608386	-21.845339
0.022576	2.551739	2.953416	-8.629325	-21.901263
0.022070	2.527024	2.873192	-8.650469	-21.957094
0.021569	2.502159	2.792961	-8.671816	-22.012838
0.021077	2.475199	2.712727	-8.693363	-22.068500
0.020600	2.448234	2.632493	-8.715106	-22.124085
0.020143	2.420392	2.552264	-8.737043	-22.179601
0.019710	2.391845	2.472042	-8.759170	-22.235052
0.019306	2.362811	2.391831	-8.781485	-22.290444
0.018934	2.333559	2.311635	-8.803985	-22.345782
0.018597	2.304403	2.231456	-8.826668	-22.401071
0.018298	2.274705	2.151299	-8.849529	-22.456317
0.018039	2.246866	2.071165	-8.872568	-22.511525
0.017821	2.220315	1.991059	-8.895782	-22.566698
0.017645	2.194506	1.910982	-8.919169	-22.621840
0.017510	2.171895	1.830937	-8.942728	-22.676957
0.017418	2.150938	1.750927	-8.966456	-22.732051
0.017367	2.133070	1.670953	-8.990354	-22.787124
0.017358	2.118695	1.591018	-9.014421	-22.842180
0.017392	2.107178	1.511122	-9.038655	-22.897220
0.017467	2.099669	1.431269	-9.063058	-22.952246
0.017586	2.095620	1.351457	-9.087629	-23.007259
0.017751	2.094290	1.271690	-9.112371	-23.062259
0.017962	2.094920	1.191966	-9.137284	-23.117246
0.018224	2.095752	1.112288	-9.162370	-23.172219
0.018538	2.097047	1.032655	-9.187632	-23.227178
0.018906	2.098105	0.953070	-9.213073	-23.282122
0.019332	2.099277	0.873532	-9.238696	-23.337051
0.019816	2.096979	0.794043	-9.264506	-23.391964
0.020363	2.093708	0.714606	-9.290506	-23.446861
0.020973	2.088045	0.635221	-9.316702	-23.501741
0.021651	2.079661	0.555892	-9.343099	-23.556605
0.022400	2.068315	0.476622	-9.369705	-23.611454
0.023226	2.053859	0.397414	-9.396525	-23.666289
0.024134	2.036231	0.318274	-9.423567	-23.721111
0.025132	2.016451	0.239206	-9.450839	-23.775924
0.026228	1.992618	0.160216	-9.478350	-23.830731
0.027434	1.965902	0.081313	-9.506109	-23.885537
0.028760	1.937538	0.002503	-9.534125	-23.940348
0.030220	1.906816	-0.076203	-9.562409	-23.995169
0.031825	1.874209	-0.154795	-9.590973	-24.050009
0.033576	1.840699	-0.233261	-9.619827	-24.104876
0.035465	1.807205	-0.311588	-9.648985	-24.159782
0.037483	1.775434	-0.389762	-9.678459	-24.214738
0.039621	1.744903	-0.467768	-9.708263	-24.269754
0.041863	1.715966	-0.545590	-9.738409	-24.324844
0.044196	1.687850	-0.623211	-9.768912	-24.380021
0.046602	1.662677	-0.700614	-9.799786	-24.435299
0.049063	1.640494	-0.777780	-9.831045	-24.490691
0.051560	1.619296	-0.854691	-9.862703	-24.546211
0.054075	1.600041	-0.931328	-9.894775	-24.601872
0.056589	1.582664	-1.007673	-9.927274	-24.657688
0.059080	1.567090	-1.083704	-9.960213	-24.713672
0.061530	1.554237	-1.159404	-9.993607	-24.769836
0.063918	1.542028	-1.234752	-10.027468	-24.826192
0.066224	1.531389	-1.309731	-10.061809	-24.882751
0.068429	1.522252	-1.384320	-10.096642	-24.939524
0.070513	1.515562	-1.458502	-10.131977	-24.996519
0.072456	1.509275	-1.532259	-10.167827	-25.053744
0.074238	1.504358	-1.605575	-10.204199	-25.111206
0.075846	1.499766	-1.678432	-10.241103	-25.168910
0.077282	1.497354	-1.750818	-10.278547	-25.226862
0.078554	1.495981	-1.822716	-10.316537	-25.285062
0.079672	1.495526	-1.894116	-10.355079	-25.343514
0.080643	1.494890	-1.965005	-10.394179	-25.402217
0.081476	1.495986	-2.035372	-10.433840	-25.461170
0.082181	1.496739	-2.105207	-10.474066	-25.520372
0.082766	1.499082	-2.174501	-10.514860	-25.579821
0.083241	1.500958	-2.243247	-10.556223	-25.639512
0.083615	1.503310	-2.311437	-10.598159	-25.699442
0.083896	1.507088	-2.379064	-10.640666	-25.759606
0.084095	1.510245	-2.446122	-10.683747	-25.819999
0.084221	1.514732	-2.512606	-10.727401	-25.880614
0.084282	1.518505	-2.578512	-10.771627	-25.941445
0.084288	1.523517	-2.643835	-10.816426	-26.002486
0.084248	1.527721	-2.708573	-10.861796	-26.063728
0.084170	1.533070	-2.772722	-10.907736	-26.125165
0.084065	1.538515	-2.836278	-10.954244	-26.186788
0.083940	1.543003	-2.899241	-11.001320	-26.248590
0.083804	1.548482	-2.961608	-11.048962	-26.310564
0.083665	1.553907	-3.023376	-11.097167	-26.372701
0.083525	1.559274	-3.084544	-11.145934	-26.434992
0.083382	1.565588	-3.145110	-11.195261	-26.497431
0.083238	1.570856	-3.205073	-11.245147	-26.560008
0.083091	1.576084	-3.264431	-11.295589	-26.622715
0.082943	1.581278	-3.323182	-11.346586	-26.685545
0.082793	1.587444	-3.381325	-11.398135	-26.748490
0.082640	1.592588	-3.438859	-11.450235	-26.811541
0.082486	1.598717	-3.495783	-11.502883	-26.874691
0.082330	1.603837	-3.552095	-11.556077	-26.937931
0.082172	1.608954	-3.607795	-11.609816	-27.001253
0.082013	1.615075	-3.662881	-11.664096	-27.064650
0.081851	1.620206	-3.717353	-11.718915	-27.128114
0.081688	1.625353	-3.771210	-11.774271	-27.191636
0.081524	1.631524	-3.824451	-11.830162	-27.255210
0.081358	1.636723	-3.877076	-11.886584	-27.318827
0.081190	1.641959	-3.929084	-11.943536	-27.382480
0.081022	1.647237	-3.980475	-12.001014	-27.446161
0.080852	1.652565	-4.031248	-12.059016	-27.509862
0.080681	1.657948	-4.081404	-12.117539	-27.573576
0.080509	1.663393	-4.130940	-12.176581	-27.637295
0.080336	1.667895	-4.179859	-12.236138	-27.701013
0.080161	1.673450	-4.228159	-12.296208	-27.764721
0.079984	1.678054	-4.275840	-12.356787	-27.828413
0.079806	1.683701	-4.322903	-12.417872	-27.892082
0.079624	1.688389	-4.369347	-12.479461	-27.955719
0.079440	1.694111	-4.415172	-12.541550	-28.019319
0.079253	1.698863	-4.460380	-12.604137	-28.082874
0.079061	1.703642	-4.504970	-12.667217	-28.146377
0.078866	1.709443	-4.548943	-12.730787	-28.209821
0.078667	1.714261	-4.592299	-12.794845	-28.273199
0.078463	1.719093	-4.635040	-12.859387	-28.336505
0.078254	1.724934	-4.677165	-12.924410	-28.399731
0.078039	1.729780	-4.718676	-12.989910	-28.462871
0.077818	1.735628	-4.759574	-13.055883	-28.525918
0.077591	1.740473	-4.799860	-13.122327	-28.588864
0.077358	1.746311	-4.839535	-13.189237	-28.651705
0.077117	1.752138	-4.878601	-13.256610	-28.714431
0.076868	1.757951	-4.917060	-13.324443	-28.777038
0.076612	1.763746	-4.954913	-13.392732	-28.839518
0.076348	1.769521	-4.992162	-13.461474	-28.901865
0.076076	1.775282	-5.028810	-13.530664	-28.964071
0.075799	1.782036	-5.064859	-13.600299	-29.026131
0.075518	1.787790	-5.100310	-13.670376	-29.088037
0.075234	1.794550	-5.135168	-13.740891	-29.149784
0.074949	1.801323	-5.169433	-13.811839	-29.211365
0.074665	1.807116	-5.203111	-13.883218	-29.272772
0.074382	1.813934	-5.236202	-13.955024	-29.334000
0.074103	1.820783	-5.268710	-14.027253	-29.395043
0.073829	1.827667	-5.300639	-14.099901	-29.455894
0.073561	1.834592	-5.331991	-14.172966	-29.516546
0.073301	1.841563	-5.362769	-14.246443	-29.576993
0.073051	1.848583	-5.392977	-14.320328	-29.637229
0.072812	1.855656	-5.422617	-14.394620	-29.697247
0.072586	1.862786	-5.451694	-14.469314	-29.757042
0.072373	1.869975	-5.480209	-14.544407	-29.816606
0.072177	1.877226	-5.508167	-14.619896	-29.875934
0.071998	1.884541	-5.535569	-14.695777	-29.935019
0.071837	1.891921	-5.562420	-14.772048	-29.993856
0.071698	1.899367	-5.588723	-14.848706	-30.052437
0.071579	1.905876	-5.614479	-14.925748	-30.110756
0.071482	1.913431	-5.639691	-15.003171	-30.168808
0.071403	1.920015	-5.664363	-15.080973	-30.226585
0.071341	1.927607	-5.688496	-15.159150	-30.284083
0.071294	1.934189	-5.712092	-15.237700	-30.341293
0.071262	1.940743	-5.735155	-15.316621	-30.398211
0.071241	1.948253	-5.757685	-15.395909	-30.454830
0.071230	1.954701	-5.779686	-15.475563	-30.511144
0.071228	1.961070	-5.801158	-15.555580	-30.567146
0.071233	1.968346	-5.822105	-15.635957	-30.622830
0.071242	1.974514	-5.842528	-15.716692	-30.678191
0.071254	1.981558	-5.862428	-15.797782	-30.733222
0.071267	1.987465	-5.881809	-15.879225	-30.787916
0.071279	1.994221	-5.900671	-15.961017	-30.842269
0.071289	1.999814	-5.919017	-16.043157	-30.896273
0.071293	2.006231	-5.936849	-16.125641	-30.949924
0.071291	2.012460	-5.954169	-16.208466	-31.003216
0.071281	2.018490	-5.970978	-16.291630	-31.056142
0.071260	2.024308	-5.987279	-16.375130	-31.108698
0.071227	2.029904	-6.003074	-16.458961	-31.160878
0.071180	2.036273	-6.018366	-16.543122	-31.212677
0.071121	2.041437	-6.033156	-16.627609	-31.264089
0.071051	2.047422	-6.047448	-16.712418	-31.315110
0.070974	2.052255	-6.061243	-16.797547	-31.365735
0.070890	2.057963	-6.074545	-16.882990	-31.415959
0.070803	2.063571	-6.087356	-16.968745	-31.465778
0.070714	2.069106	-6.099678	-17.054809	-31.515187
0.070625	2.074594	-6.111515	-17.141177	-31.564181
0.070539	2.080059	-6.122869	-17.227845	-31.612757
0.070458	2.085527	-6.133744	-17.314811	-31.660910
0.070384	2.091023	-6.144141	-17.402070	-31.708636
0.070319	2.096572	-6.154064	-17.489619	-31.755929
0.070267	2.102199	-6.163516	-17.577455	-31.802787
0.070228	2.107927	-6.172499	-17.665573	-31.849203
0.070205	2.113780	-6.181016	-17.753970	-31.895175
0.070201	2.118783	-6.189071	-17.842643	-31.940696
0.070218	2.124957	-6.196664	-17.931589	-31.985764
0.070259	2.130324	-6.203800	-18.020803	-32.030372
0.070325	2.136906	-6.210479	-18.110283	-32.074515
0.070419	2.142722	-6.216706	-18.200026	-32.118190
0.070544	2.148784	-6.222482	-18.290028	-32.161390
0.070696	2.155064	-6.227810	-18.380287	-32.204109
0.070875	2.161528	-6.232691	-18.470799	-32.246343
0.071078	2.167141	-6.237127	-18.561563	-32.288085
0.071301	2.173872	-6.241121	-18.652574	-32.329328
0.071543	2.179686	-6.244675	-18.743830	-32.370068
0.071802	2.186552	-6.247790	-18.835328	-32.410297
0.072074	2.192439	-6.250468	-18.927066	-32.450008
0.072358	2.198319	-6.252711	-19.019040	-32.489196
0.072649	2.205163	-6.254521	-19.111248	-32.527854
0.072947	2.210944	-6.255899	-19.203686	-32.565975
0.073248	2.216635	-6.256847	-19.296353	-32.603552
0.073549	2.223213	-6.257368	-19.389244	-32.640579
0.073848	2.228653	-6.257461	-19.482356	-32.677049
0.074142	2.234932	-6.257131	-19.575687	-32.712956
0.074428	2.240030	-6.256378	-19.669232	-32.748292
0.074703	2.245924	-6.255204	-19.762989	-32.783053
0.074965	2.250595	-6.253611	-19.856954	-32.817230
0.075210	2.256023	-6.251601	-19.951123	-32.850819
0.075436	2.261190	-6.249176	-20.045491	-32.883814
0.075640	2.266082	-6.246338	-20.140056	-32.916208
0.075825	2.271714	-6.243089	-20.234813	-32.947998
0.075992	2.276103	-6.239432	-20.329758	-32.979176
0.076143	2.281269	-6.235369	-20.424887	-33.009739
0.076281	2.285229	-6.230903	-20.520194	-33.039681
0.076409	2.289999	-6.226036	-20.615676	-33.068998
0.076528	2.294596	-6.220771	-20.711328	-33.097686
0.076642	2.299036	-6.215110	-20.807146	-33.125739
0.076751	2.303334	-6.209056	-20.903123	-33.153155
0.076859	2.307506	-6.202611	-20.999257	-33.179928
0.076969	2.311566	-6.195779	-21.095541	-33.206056
0.077082	2.315529	-6.188562	-21.191972	-33.231533
0.077201	2.319410	-6.180962	-21.288543	-33.256356
0.077329	2.323224	-6.172981	-21.385251	-33.280521
0.077467	2.326983	-6.164623	-21.482090	-33.304024
0.077618	2.330703	-6.155889	-21.579054	-33.326862
0.077785	2.334398	-6.146782	-21.676140	-33.349030
0.077971	2.337080	-6.137304	-21.773342	-33.370524
0.078176	2.340764	-6.127456	-21.870654	-33.391340
0.078405	2.343463	-6.117242	-21.968072	-33.411475
0.078658	2.347190	-6.106661	-22.065591	-33.430923
0.078932	2.349957	-6.095716	-22.163204	-33.449681
0.079225	2.352775	-6.084410	-22.260907	-33.467743
0.079531	2.355658	-6.072741	-22.358695	-33.485105
0.079848	2.358616	-6.060714	-22.456561	-33.501762
0.080171	2.360661	-6.048327	-22.554501	-33.517709
0.080496	2.363804	-6.035583	-22.652509	-33.532942
0.080821	2.366059	-6.022484	-22.750579	-33.547456
0.081141	2.369435	-6.009029	-22.848706	-33.561246
0.081452	2.371946	-5.995221	-22.946883	-33.574307
0.081750	2.374602	-5.981062	-23.045105	-33.586634
0.082033	2.377416	-5.966552	-23.143366	-33.598224
0.082295	2.380401	-5.951695	-23.241659	-33.609072
0.082535	2.383569	-5.936491	-23.339979	-33.619174
0.082747	2.386935	-5.920944	-23.438319	-33.628526
0.082928	2.390511	-5.905055	-23.536674	-33.637124
0.083075	2.394314	-5.888828	-23.635037	-33.644964
0.083184	2.398358	-5.872267	-23.733401	-33.652045
0.083251	2.403661	-5.855375	-23.831761	-33.658362
0.083273	2.408240	-5.838157	-23.930111	-33.663913
0.083247	2.413105	-5.820617	-24.028445	-33.668696
0.083175	2.418220	-5.802760	-24.126756	-33.672710
0.083057	2.423540	-5.784593	-24.225038	-33.675953
0.082896	2.429018	-5.766120	-24.323286	-33.678424
0.082693	2.435608	-5.747348	-24.421494	-33.680123
0.082450	2.441265	-5.728283	-24.519655	-33.681051
0.082168	2.446942	-5.708932	-24.617765	-33.681206
0.081848	2.453592	-5.689302	-24.715817	-33.680591
0.081493	2.460164	-5.669400	-24.813807	-33.679207
0.081103	2.465610	-5.649233	-24.911729	-33.677055
0.080679	2.471878	-5.628808	-25.009577	-33.674137
0.080222	2.477914	-5.608133	-25.107347	-33.670457
0.079734	2.483663	-5.587215	-25.205034	-33.666016
0.079216	2.490068	-5.566061	-25.302633	-33.660820
0.078668	2.495068	-5.544678	-25.400139	-33.654870
0.078091	2.500602	-5.523073	-25.497547	-33.648172
0.077487	2.504603	-5.501253	-25.594853	-33.640730
0.076856	2.509002	-5.479223	-25.692053	-33.632550
0.076199	2.512727	-5.456991	-25.789142	-33.623637
0.075518	2.516701	-5.434562	-25.886116	-33.613996
0.074813	2.518866	-5.411942	-25.982972	-33.603635
0.074084	2.521245	-5.389134	-26.079704	-33.592561
0.073329	2.522883	-5.366145	-26.176310	-33.580779
0.072547	2.523826	-5.342978	-26.272785	-33.568298
0.071739	2.524120	-5.319637	-26.369127	-33.555125
0.070902	2.524811	-5.296125	-26.465331	-33.541269
0.070036	2.523945	-5.272446	-26.561394	-33.526739
0.069140	2.523569	-5.248602	-26.657314	-33.511543
0.068213	2.522731	-5.224598	-26.753087	-33.495691
0.067254	2.521479	-5.200434	-26.848711	-33.479193
0.066263	2.519863	-5.176115	-26.944183	-33.462059
0.065237	2.517934	-5.151641	-27.039502	-33.444298
0.064175	2.515744	-5.127016	-27.134665	-33.425922
0.063077	2.513349	-5.102242	-27.229670	-33.406943
0.061940	2.510804	-5.077321	-27.324517	-33.387371
0.060764	2.508171	-5.052255	-27.419203	-33.367218
0.059545	2.505510	-5.027045	-27.513729	-33.346497
0.058283	2.502890	-5.001695	-27.608094	-33.325221
0.056974	2.500383	-4.976207	-27.702297	-33.303401
0.055618	2.497067	-4.950584	-27.796340	-33.281053
0.054212	2.495009	-4.924827	-27.890221	-33.258188
0.052758	2.492212	-4.898939	-27.983944	-33.234822
0.051258	2.489660	-4.872925	-28.077508	-33.210970
0.049715	2.487340	-4.846786	-28.170916	-33.186645
0.048132	2.485240	-4.820526	-28.264170	-33.161863
0.046511	2.483347	-4.794149	-28.357273	-33.136640
0.044855	2.481651	-4.767659	-28.450226	-33.110991
0.043166	2.480142	-4.741058	-28.543034	-33.084932
0.041447	2.478811	-4.714351	-28.635701	-33.058479
0.039700	2.477650	-4.687543	-28.728229	-33.031649
0.037929	2.477650	-4.660638	-28.820623	-33.004458
0.036136	2.476805	-4.633640	-28.912889	-32.976923
0.034324	2.476109	-4.606554	-29.005030	-32.949060
0.032496	2.476555	-4.579384	-29.097052	-32.920886
0.030654	2.476141	-4.552136	-29.188960	-32.892418
0.028802	2.476863	-4.524813	-29.280760	-32.863673
0.026942	2.478718	-4.497421	-29.372458	-32.834668
0.025076	2.479707	-4.469965	-29.464058	-32.805420
0.023209	2.481830	-4.442450	-29.555569	-32.775945
0.021342	2.484093	-4.414881	-29.646995	-32.746261
0.019479	2.487509	-4.387262	-29.738344	-32.716385
0.017624	2.491119	-4.359600	-29.829622	-32.686332
0.015781	2.494990	-4.331898	-29.920835	-32.656121
0.013953	2.500233	-4.304161	-30.011991	-32.625766
0.012147	2.506019	-4.276394	-30.103095	-32.595286
0.010365	2.512645	-4.248602	-30.194154	-32.564695
0.008612	2.520636	-4.220790	-30.285176	-32.534010
0.006892	2.532029	-4.192960	-30.376165	-32.503247
0.005210	2.548143	-4.165118	-30.467130	-32.472421
0.003571	2.575383	-4.137268	-30.558076	-32.441547
0.001982	2.640006	-4.109412	-30.649009	-32.410640
0.000498	3.087265	-4.081555	-30.739935	-32.379714
0.001113	-0.882440	-4.053699	-30.830861	-32.348784
0.002530	-0.739379	-4.025848	-30.921790	-32.317863
0.003899	-0.699591	-3.998005	-31.012730	-32.286964
0.005205	-0.679694	-3.970172	-31.103685	-32.256100
0.006443	-0.668786	-3.942352	-31.194659	-32.225282
0.007607	-0.660992	-3.914548	-31.285657	-32.194521
0.008694	-0.656785	-3.886761	-31.376684	-32.163829
0.009700	-0.654473	-3.858994	-31.467743	-32.133215
0.010622	-0.653700	-3.831248	-31.558839	-32.102689
0.011463	-0.654171	-3.803527	-31.649973	-32.072258
0.012230	-0.655685	-3.775832	-31.741150	-32.041930
0.012925	-0.659112	-3.748164	-31.832372	-32.011713
0.013555	-0.662365	-3.720526	-31.923641	-31.981612
0.014124	-0.667381	-3.692920	-32.014960	-31.951634
0.014637	-0.672111	-3.665348	-32.106331	-31.921782
0.015099	-0.678511	-3.637812	-32.197756	-31.892062
0.015515	-0.684540	-3.610314	-32.289236	-31.862476
0.015889	-0.691158	-3.582855	-32.380773	-31.833030
0.016227	-0.699318	-3.555438	-32.472367	-31.803726
0.016532	-0.706969	-3.528066	-32.564021	-31.774566
0.016811	-0.715051	-3.500739	-32.655735	-31.745553
0.017067	-0.723497	-3.473461	-32.747511	-31.716689
0.017304	-0.731228	-3.446233	-32.839349	-31.687975
0.017528	-0.739155	-3.419057	-32.931250	-31.659414
0.017742	-0.747180	-3.391935	-33.023214	-31.631007
0.017950	-0.754191	-3.364871	-33.115243	-31.602755
0.018157	-0.761067	-3.337864	-33.207337	-31.574661
0.018365	-0.766679	-3.310918	-33.299497	-31.546724
0.000000	0.000000	-3.310918	-33.299497	-31.546724
