0.047917	-1.077685	0.000000	0.000000	0.000000
0.043895	-1.011830	0.099999	0.000227	-0.000422
0.040081	-0.934388	0.199995	0.000686	-0.001216
0.036540	-0.843313	0.299986	0.001384	-0.002333
0.033344	-0.736578	0.399972	0.002325	-0.003722
0.030574	-0.612667	0.499952	0.003513	-0.005336
0.028314	-0.472367	0.599925	0.004951	-0.007125
0.026637	-0.315757	0.699893	0.006640	-0.009043
0.025587	-0.149814	0.799854	0.008584	-0.011043
0.025161	0.019105	0.899809	0.010780	-0.013082
0.025302	0.183113	0.999758	0.013227	-0.015115
0.025904	0.335990	1.099702	0.015923	-0.017103
0.026840	0.474384	1.199641	0.018864	-0.019005
0.027982	0.597663	1.299574	0.022043	-0.020785
0.029215	0.706028	1.399503	0.025454	-0.022406
0.030440	0.802588	1.499427	0.029087	-0.023839
0.031578	0.890746	1.599346	0.032931	-0.025052
0.032568	0.970879	1.699259	0.036973	-0.026019
0.033360	1.046230	1.799167	0.041199	-0.026718
0.033918	1.118913	1.899070	0.045592	-0.027128
0.034216	1.190981	1.998967	0.050133	-0.027232
0.034247	1.264441	2.098858	0.054800	-0.027019
0.034052	1.340956	2.198742	0.059570	-0.026479
0.033686	1.420915	2.298621	0.064417	-0.025607
0.033213	1.507480	2.398494	0.069314	-0.024403
0.032701	1.599517	2.498361	0.074232	-0.022867
0.032226	1.699468	2.598223	0.079140	-0.021004
0.031862	1.805182	2.698081	0.084006	-0.018821
0.031685	1.917756	2.797935	0.088797	-0.016329
0.031760	2.033463	2.897786	0.093481	-0.013539
0.032138	2.150848	2.997635	0.098022	-0.010465
0.032849	2.268032	3.097484	0.102386	-0.007123
0.033901	2.380151	3.197333	0.106540	-0.003529
0.035276	2.485771	3.297184	0.110447	0.000299
0.036941	2.583166	3.397036	0.114075	0.004341
0.038848	2.672379	3.496891	0.117389	0.008578
0.040942	2.751123	3.596750	0.120356	0.012991
0.043167	2.820594	3.696612	0.122945	0.017558
0.045465	2.881291	3.796477	0.125123	0.022261
0.047781	2.934852	3.896346	0.126862	0.027080
0.050063	2.979952	3.996217	0.128133	0.031997
0.052269	3.018353	4.096089	0.128910	0.036992
0.054375	3.052189	4.195961	0.129168	0.042050
0.056371	3.080495	4.295830	0.128884	0.047156
0.058252	3.105101	4.395694	0.128038	0.052294
0.060016	3.126687	4.495551	0.126609	0.057451
0.061665	-3.136378	4.595397	0.124580	0.062615
0.063203	-3.119261	4.695229	0.121935	0.067773
0.064634	-3.103762	4.795043	0.118658	0.072915
0.065966	-3.088551	4.894835	0.114736	0.078029
0.067206	-3.075346	4.994601	0.110156	0.083105
0.068364	-3.062898	5.094336	0.104906	0.088133
0.069447	-3.049991	5.194036	0.098976	0.093103
0.070467	-3.038430	5.293697	0.092356	0.098006
0.071432	-3.026041	5.393311	0.085037	0.102832
0.072354	-3.014666	5.492876	0.077010	0.107571
0.073243	-3.002161	5.592385	0.068269	0.112214
0.074112	-2.990395	5.691833	0.058806	0.116749
0.074972	-2.977250	5.791214	0.048614	0.121168
0.075835	-2.964619	5.890523	0.037687	0.125458
0.076714	-2.950408	5.989753	0.026018	0.129608
0.077620	-2.935559	6.088898	0.013603	0.133606
0.078555	-2.921127	6.187953	0.000435	0.137439
0.079519	-2.905189	6.286911	-0.013492	0.141093
0.080511	-2.888820	6.385766	-0.028184	0.144554
0.081530	-2.872089	6.484510	-0.043645	0.147806
0.082576	-2.856063	6.583137	-0.059881	0.150833
0.083647	-2.838804	6.681639	-0.076897	0.153619
0.084742	-2.822371	6.780009	-0.094698	0.156148
0.085860	-2.804818	6.878240	-0.113288	0.158402
0.086999	-2.788195	6.976324	-0.132672	0.160364
0.088157	-2.770548	7.074252	-0.152854	0.162016
0.089331	-2.753919	7.172017	-0.173838	0.163339
0.090520	-2.737346	7.269609	-0.195626	0.164315
0.091721	-2.719864	7.367021	-0.218223	0.164926
0.092930	-2.703503	7.464243	-0.241630	0.165152
0.094146	-2.688291	7.561265	-0.265850	0.164974
0.095365	-2.672250	7.658079	-0.290885	0.164374
0.096583	-2.656401	7.754674	-0.316737	0.163333
0.097798	-2.641763	7.851040	-0.343407	0.161832
0.099005	-2.626350	7.947167	-0.370896	0.159853
0.100203	-2.612170	8.043045	-0.399204	0.157377
0.101389	-2.598217	8.138662	-0.428331	0.154386
0.102564	-2.584483	8.234008	-0.458277	0.150861
0.103727	-2.570957	8.329071	-0.489040	0.146786
0.104878	-2.557634	8.423840	-0.520620	0.142143
0.106018	-2.545503	8.518303	-0.553014	0.136914
0.107145	-2.532559	8.612448	-0.586221	0.131083
0.108260	-2.519794	8.706263	-0.620238	0.124632
0.109362	-2.508203	8.799736	-0.655061	0.117546
0.110452	-2.495778	8.892854	-0.690687	0.109808
0.111528	-2.484514	8.985604	-0.727112	0.101401
0.112591	-2.472407	9.077973	-0.764331	0.092311
0.113641	-2.460449	9.169948	-0.802340	0.082521
0.114677	-2.448638	9.261517	-0.841132	0.072015
0.115699	-2.436967	9.352665	-0.880701	0.060778
0.116706	-2.425434	9.443380	-0.921041	0.048795
0.117700	-2.414032	9.533647	-0.962144	0.036051
0.118678	-2.402760	9.623453	-1.004002	0.022530
0.119642	-2.391612	9.712784	-1.046607	0.008219
0.120591	-2.379585	9.801626	-1.089950	-0.006896
0.121524	-2.367678	9.889965	-1.134021	-0.022831
0.122439	-2.355901	9.977787	-1.178810	-0.039599
0.123336	-2.344264	10.065079	-1.224306	-0.057214
0.124211	-2.332779	10.151826	-1.270497	-0.075691
0.125063	-2.321454	10.238014	-1.317371	-0.095041
0.125890	-2.309299	10.323629	-1.364915	-0.115279
0.126689	-2.297322	10.408658	-1.413116	-0.136416
0.127458	-2.286530	10.493086	-1.461960	-0.158465
0.128195	-2.273930	10.576900	-1.511432	-0.181437
0.128897	-2.262529	10.660087	-1.561517	-0.205344
0.129562	-2.251333	10.742632	-1.612198	-0.230197
0.130187	-2.239348	10.824523	-1.663460	-0.256005
0.130770	-2.228578	10.905746	-1.715286	-0.282779
0.131308	-2.217029	10.986290	-1.767659	-0.310526
0.131798	-2.205706	11.066140	-1.820560	-0.339256
0.132239	-2.194613	11.145285	-1.873971	-0.368975
0.132627	-2.183755	11.223714	-1.927874	-0.399692
0.132959	-2.172136	11.301414	-1.982249	-0.431410
0.133233	-2.161760	11.378374	-2.037077	-0.464137
0.133446	-2.151632	11.454584	-2.092337	-0.497875
0.133597	-2.140746	11.530033	-2.148011	-0.532630
0.133697	-2.130052	11.604711	-2.204078	-0.568402
0.133755	-2.119494	11.678610	-2.260516	-0.605195
0.133785	-2.109016	11.751720	-2.317306	-0.643009
0.133799	-2.098569	11.824032	-2.374425	-0.681846
0.133808	-2.088101	11.895540	-2.431853	-0.721705
0.133825	-2.077566	11.966233	-2.489568	-0.762588
0.133862	-2.065919	12.036106	-2.547549	-0.804493
0.133933	-2.054120	12.105150	-2.605773	-0.847421
0.134050	-2.043128	12.173359	-2.664218	-0.891372
0.134226	-2.029908	12.240725	-2.722861	-0.936348
0.134474	-2.017428	12.307243	-2.781678	-0.982348
0.134808	-2.004658	12.372904	-2.840645	-1.029374
0.135242	-1.990575	12.437702	-2.899738	-1.077428
0.135788	-1.976159	12.501630	-2.958932	-1.126513
0.136462	-1.961396	12.564682	-3.018199	-1.176632
0.137276	-1.945277	12.626848	-3.077514	-1.227788
0.138246	-1.928799	12.688124	-3.136848	-1.279989
0.139385	-1.911965	12.748499	-3.196171	-1.333239
0.140709	-1.893785	12.807967	-3.255453	-1.387546
0.142225	-1.875303	12.866519	-3.314660	-1.442919
0.143913	-1.856685	12.924146	-3.373760	-1.499366
0.145745	-1.837109	12.980839	-3.432717	-1.556899
0.147693	-1.818738	13.036588	-3.491494	-1.615527
0.149728	-1.799718	13.091382	-3.550055	-1.675262
0.151819	-1.781177	13.145211	-3.608361	-1.736113
0.153935	-1.764230	13.198066	-3.666372	-1.798090
0.156044	-1.746975	13.249934	-3.724050	-1.861200
0.158115	-1.732500	13.300804	-3.781356	-1.925452
0.160115	-1.718884	13.350665	-3.838253	-1.990848
0.162011	-1.707197	13.399502	-3.894703	-2.057393
0.163773	-1.697507	13.447303	-3.950673	-2.125087
0.165366	-1.689878	13.494053	-4.006130	-2.193927
0.166759	-1.685375	13.539737	-4.061044	-2.263909
0.167921	-1.683067	13.584338	-4.115389	-2.335024
0.168821	-1.684030	13.627838	-4.169144	-2.407261
0.169428	-1.687347	13.670218	-4.222291	-2.480605
0.169714	-1.694117	13.711457	-4.274818	-2.555038
0.169649	-1.703454	13.751537	-4.326716	-2.630538
0.169209	-1.715494	13.790434	-4.377983	-2.707079
0.168378	-1.731349	13.828131	-4.428622	-2.784633
0.167188	-1.749947	13.864606	-4.478643	-2.863167
0.165679	-1.771181	13.899839	-4.528060	-2.942644
0.163894	-1.792947	13.933813	-4.576893	-3.023025
0.161873	-1.817143	13.966512	-4.625163	-3.104270
0.159657	-1.842662	13.997924	-4.672897	-3.186335
0.157287	-1.868387	14.028037	-4.720123	-3.269178
0.154800	-1.894190	14.056844	-4.766870	-3.352754
0.152233	-1.920920	14.084339	-4.813167	-3.437019
0.149620	-1.948406	14.110521	-4.859045	-3.521929
0.146994	-1.974450	14.135388	-4.904536	-3.607440
0.144384	-2.000824	14.158943	-4.949670	-3.693510
0.141817	-2.027266	14.181192	-4.994476	-3.780098
0.139314	-2.051482	14.202138	-5.038984	-3.867163
0.136897	-2.075142	14.221791	-5.083219	-3.954668
0.134581	-2.096881	14.240160	-5.127206	-4.042575
0.132380	-2.117301	14.257254	-5.170967	-4.130852
0.130305	-2.133976	14.273084	-5.214522	-4.219465
0.128366	-2.148450	14.287663	-5.257886	-4.308387
0.126571	-2.159248	14.301002	-5.301071	-4.397589
0.124925	-2.165971	14.313114	-5.344085	-4.487049
0.123416	-2.168599	14.324011	-5.386931	-4.576746
0.122032	-2.167229	14.333705	-5.429607	-4.666661
0.120765	-2.161982	14.342209	-5.472108	-4.756780
0.119609	-2.153002	14.349535	-5.514422	-4.847090
0.118561	-2.141453	14.355695	-5.556537	-4.937579
0.117619	-2.126519	14.360703	-5.598436	-5.028240
0.116784	-2.107401	14.364569	-5.640099	-5.119066
0.116055	-2.086320	14.367309	-5.681502	-5.210051
0.115432	-2.062508	14.368934	-5.722621	-5.301191
0.114917	-2.036212	14.369459	-5.763426	-5.392486
0.114506	-2.008692	14.368898	-5.803888	-5.483932
0.114197	-1.978210	14.367265	-5.843976	-5.575531
0.113986	-1.947039	14.364577	-5.883655	-5.667282
0.113865	-1.913447	14.360850	-5.922892	-5.759188
0.113827	-1.879702	14.356101	-5.961651	-5.851249
0.113860	-1.846068	14.350350	-5.999894	-5.943468
0.113951	-1.811797	14.343615	-6.037588	-6.035846
0.114085	-1.778132	14.335915	-6.074695	-6.128387
0.114244	-1.746306	14.327273	-6.111181	-6.221091
0.114413	-1.715502	14.317709	-6.147014	-6.313960
0.114577	-1.686756	14.307243	-6.182162	-6.406992
0.114726	-1.659062	14.295896	-6.216596	-6.500189
0.114848	-1.634412	14.283688	-6.250288	-6.593547
0.114933	-1.611796	14.270639	-6.283215	-6.687065
0.114972	-1.592200	14.256768	-6.315354	-6.780738
0.114954	-1.573610	14.242092	-6.346687	-6.874562
0.114869	-1.558014	14.226627	-6.377195	-6.968530
0.114709	-1.543398	14.210390	-6.406865	-7.062637
0.114466	-1.531751	14.193396	-6.435682	-7.156875
0.114130	-1.522065	14.175659	-6.463638	-7.251235
0.113695	-1.514332	14.157190	-6.490725	-7.345708
0.113151	-1.507551	14.138003	-6.516938	-7.440285
0.112493	-1.502722	14.118108	-6.542272	-7.534955
0.111713	-1.499852	14.097517	-6.566726	-7.629707
0.110804	-1.497953	14.076238	-6.590302	-7.724530
0.109760	-1.497044	14.054283	-6.613003	-7.819412
0.108575	-1.498150	14.031661	-6.634834	-7.914342
0.107243	-1.499309	14.008381	-6.655802	-8.009307
0.105759	-1.502565	13.984452	-6.675917	-8.104296
0.104121	-1.505967	13.959884	-6.695188	-8.199296
0.102339	-1.510531	13.934686	-6.713631	-8.294295
0.100426	-1.516272	13.908869	-6.731258	-8.389284
0.098395	-1.522214	13.882443	-6.748088	-8.484249
0.096260	-1.530386	13.855417	-6.764139	-8.579180
0.094035	-1.538827	13.827802	-6.779429	-8.674068
0.091734	-1.548579	13.799607	-6.793981	-8.768901
0.089372	-1.559691	13.770844	-6.807816	-8.863670
0.086962	-1.572217	13.741521	-6.820958	-8.958367
0.084522	-1.586212	13.711648	-6.833431	-9.052982
0.082064	-1.601734	13.681234	-6.845261	-9.147507
0.079605	-1.617838	13.650289	-6.856474	-9.241936
0.077160	-1.636577	13.618821	-6.867095	-9.336259
0.074745	-1.656994	13.586837	-6.877153	-9.430471
0.072374	-1.678122	13.554347	-6.886674	-9.524566
0.070063	-1.701975	13.521358	-6.895686	-9.618536
0.067827	-1.726543	13.487877	-6.904216	-9.712378
0.065680	-1.753785	13.453910	-6.912291	-9.806085
0.063635	-1.781623	13.419465	-6.919940	-9.899653
0.061707	-1.811930	13.384546	-6.927188	-9.993078
0.059904	-1.842550	13.349159	-6.934062	-10.086354
0.058230	-1.875365	13.313309	-6.940588	-10.179479
0.056687	-1.909249	13.277001	-6.946790	-10.272448
0.055277	-1.943043	13.240238	-6.952693	-10.365258
0.053998	-1.978561	13.203025	-6.958320	-10.457905
0.052850	-2.014589	13.165364	-6.963694	-10.550386
0.051832	-2.050888	13.127259	-6.968838	-10.642698
0.050939	-2.087202	13.088711	-6.973773	-10.734838
0.050168	-2.123262	13.049725	-6.978518	-10.826803
0.049513	-2.158791	13.010301	-6.983095	-10.918590
0.048968	-2.193517	12.970441	-6.987521	-11.010196
0.048525	-2.227176	12.930148	-6.991815	-11.101618
0.048178	-2.259516	12.889421	-6.995993	-11.192853
0.047917	-2.291307	12.848263	-7.000071	-11.283899
0.047735	-2.320343	12.806674	-7.004065	-11.374753
0.047621	-2.348444	12.764655	-7.007988	-11.465412
0.047567	-2.374452	12.722207	-7.011854	-11.555873
0.047565	-2.397240	12.679330	-7.015676	-11.646133
0.047606	-2.418700	12.636024	-7.019462	-11.736190
0.047682	-2.438748	12.592290	-7.023225	-11.826041
0.047786	-2.455349	12.548128	-7.026973	-11.915683
0.047911	-2.469612	12.503537	-7.030715	-12.005113
0.048050	-2.482688	12.458518	-7.034456	-12.094328
0.048197	-2.492733	12.413071	-7.038203	-12.183325
0.048350	-2.501909	12.367195	-7.041961	-12.272101
0.048504	-2.509378	12.320891	-7.045734	-12.360655
0.048655	-2.514300	12.274158	-7.049525	-12.448982
0.048803	-2.518836	12.226997	-7.053338	-12.537080
0.048944	-2.521143	12.179407	-7.057174	-12.624946
0.049077	-2.523377	12.131388	-7.061035	-12.712577
0.049200	-2.523692	12.082940	-7.064921	-12.799971
0.049313	-2.523237	12.034063	-7.068832	-12.887125
0.049413	-2.522159	11.984758	-7.072769	-12.974036
0.049500	-2.520606	11.935025	-7.076730	-13.060702
0.049572	-2.518719	11.884864	-7.080716	-13.147119
0.049628	-2.515641	11.834276	-7.084724	-13.233286
0.049667	-2.513511	11.783262	-7.088754	-13.319201
0.049687	-2.509471	11.731821	-7.092804	-13.404860
0.049687	-2.506658	11.679957	-7.096872	-13.490262
0.049666	-2.503212	11.627668	-7.100956	-13.575404
0.049621	-2.500249	11.574958	-7.105056	-13.660285
0.049555	-2.496798	11.521827	-7.109168	-13.744903
0.049468	-2.494862	11.468277	-7.113292	-13.829256
0.049361	-2.492449	11.414311	-7.117426	-13.913343
0.049236	-2.489565	11.359930	-7.121569	-13.997162
0.049094	-2.488220	11.305138	-7.125720	-14.080711
0.048936	-2.486425	11.249935	-7.129877	-14.163990
0.048764	-2.485189	11.194325	-7.134040	-14.246998
0.048579	-2.484524	11.138312	-7.138208	-14.329733
0.048382	-2.484445	11.081896	-7.142380	-14.412194
0.048175	-2.485962	11.025082	-7.146557	-14.494381
0.047960	-2.487091	10.967873	-7.150739	-14.576293
0.047738	-2.488846	10.910271	-7.154925	-14.657930
0.047511	-2.491240	10.852280	-7.159119	-14.739290
0.047280	-2.495288	10.793903	-7.163319	-14.820373
0.047048	-2.499003	10.735143	-7.167528	-14.901179
0.046817	-2.504400	10.676004	-7.171747	-14.981706
0.046588	-2.510489	10.616488	-7.175980	-15.061956
0.046363	-2.518283	10.556600	-7.180228	-15.141927
0.046145	-2.526791	10.496342	-7.184495	-15.221618
0.045935	-2.536010	10.435717	-7.188784	-15.301030
0.045734	-2.545887	10.374730	-7.193101	-15.380162
0.045543	-2.557360	10.313382	-7.197448	-15.459014
0.045363	-2.569360	10.251678	-7.201832	-15.537585
0.045193	-2.581821	10.189620	-7.206257	-15.615874
0.045033	-2.595671	10.127212	-7.210728	-15.693882
0.044884	-2.609840	10.064456	-7.215252	-15.771608
0.044745	-2.624257	10.001357	-7.219834	-15.849051
0.044616	-2.638848	9.937917	-7.224482	-15.926212
0.044497	-2.654542	9.874140	-7.229199	-16.003089
0.044386	-2.669264	9.810028	-7.233995	-16.079684
0.044284	-2.684942	9.745585	-7.238874	-16.155994
0.044188	-2.700505	9.680814	-7.243843	-16.232021
0.044098	-2.714881	9.615719	-7.248908	-16.307764
0.044012	-2.730000	9.550303	-7.254076	-16.383223
0.043928	-2.744793	9.484569	-7.259352	-16.458397
0.043845	-2.759193	9.418520	-7.264743	-16.533287
0.043761	-2.773133	9.352160	-7.270254	-16.607892
0.043675	-2.786549	9.285492	-7.275891	-16.682213
0.043583	-2.799375	9.218520	-7.281658	-16.756250
0.043484	-2.811564	9.151246	-7.287562	-16.830002
0.043377	-2.823120	9.083675	-7.293606	-16.903470
0.043261	-2.833062	9.015809	-7.299795	-16.976655
0.043135	-2.843410	8.947652	-7.306132	-17.049555
0.042999	-2.852182	8.879208	-7.312621	-17.122173
0.042851	-2.861396	8.810480	-7.319265	-17.194507
0.042693	-2.869070	8.741470	-7.326067	-17.266559
0.042522	-2.877222	8.672184	-7.333028	-17.338328
0.042339	-2.883868	8.602623	-7.340153	-17.409817
0.042143	-2.890024	8.532791	-7.347442	-17.481024
0.041933	-2.895707	8.462693	-7.354897	-17.551950
0.041711	-2.900931	8.392330	-7.362518	-17.622597
0.041475	-2.905712	8.321706	-7.370308	-17.692965
0.041226	-2.910063	8.250826	-7.378267	-17.763055
0.040962	-2.912998	8.179691	-7.386395	-17.832867
0.040685	-2.916530	8.108306	-7.394692	-17.902404
0.040393	-2.918672	8.036673	-7.403158	-17.971665
0.040088	-2.921436	7.964797	-7.411793	-18.040652
0.039769	-2.922834	7.892679	-7.420596	-18.109366
0.039436	-2.923877	7.820325	-7.429566	-18.177808
0.039089	-2.924584	7.747736	-7.438702	-18.245980
0.038729	-2.925007	7.674916	-7.448003	-18.313882
0.038360	-2.925205	7.601869	-7.457467	-18.381518
0.037983	-2.925241	7.528597	-7.467092	-18.448887
0.037598	-2.925179	7.455105	-7.476878	-18.515992
0.037210	-2.925086	7.381394	-7.486821	-18.582834
0.036819	-2.924031	7.307469	-7.496921	-18.649416
0.036427	-2.924085	7.233333	-7.507174	-18.715738
0.036036	-2.924324	7.158988	-7.517580	-18.781803
0.035649	-2.924824	7.084439	-7.528137	-18.847613
0.035267	-2.925667	7.009688	-7.538843	-18.913170
0.034892	-2.926936	6.934738	-7.549696	-18.978475
0.034527	-2.928716	6.859594	-7.560696	-19.043531
0.034173	-2.931098	6.784257	-7.571841	-19.108339
0.033832	-2.935169	6.708731	-7.583130	-19.172902
0.033507	-2.939022	6.633019	-7.594563	-19.237222
0.033201	-2.944748	6.557124	-7.606140	-19.301300
0.032915	-2.951438	6.481051	-7.617861	-19.365138
0.032653	-2.959179	6.404800	-7.629726	-19.428740
0.032416	-2.969058	6.328377	-7.641737	-19.492105
0.032208	-2.979125	6.251784	-7.653894	-19.555238
0.032028	-2.991321	6.175024	-7.666201	-19.618138
0.031873	-3.005554	6.098100	-7.678659	-19.680808
0.031742	-3.019727	6.021016	-7.691271	-19.743250
0.031632	-3.035743	5.943776	-7.704041	-19.805466
0.031543	-3.052503	5.866381	-7.716972	-19.867457
0.031471	-3.069909	5.788836	-7.730068	-19.929225
0.031415	-3.087865	5.711145	-7.743334	-19.990772
0.031373	-3.106277	5.633310	-7.756773	-20.052100
0.031341	-3.125055	5.555335	-7.770389	-20.113210
0.031317	3.138069	5.477224	-7.784188	-20.174105
0.031298	3.118804	5.398979	-7.798174	-20.234787
0.031282	3.099408	5.320606	-7.812351	-20.295258
0.031265	3.078946	5.242108	-7.826724	-20.355519
0.031244	3.059478	5.163488	-7.841297	-20.415573
0.031215	3.040054	5.084750	-7.856076	-20.475423
0.031175	3.020718	5.005899	-7.871063	-20.535070
0.031120	3.000507	4.926938	-7.886263	-20.594518
0.031048	2.981449	4.847871	-7.901679	-20.653770
0.030953	2.962568	4.768702	-7.917316	-20.712827
0.030832	2.944868	4.689435	-7.933176	-20.771694
0.030686	2.926320	4.610076	-7.949263	-20.830373
0.030514	2.907886	4.530626	-7.965577	-20.888868
0.030317	2.890526	4.451092	-7.982123	-20.947182
0.030094	2.872205	4.371476	-7.998900	-21.005319
0.029846	2.854882	4.291784	-8.015912	-21.063282
0.029574	2.837521	4.212020	-8.033158	-21.121076
0.029277	2.820081	4.132187	-8.050640	-21.178705
0.028957	2.803523	4.052290	-8.068358	-21.236173
0.028613	2.785806	3.972333	-8.086311	-21.293484
0.028245	2.767885	3.892320	-8.104501	-21.350643
0.027856	2.750715	3.812256	-8.122926	-21.407655
0.027444	2.733248	3.732145	-8.141585	-21.464523
0.027010	2.715432	3.651990	-8.160477	-21.521253
0.026556	2.697212	3.571796	-8.179601	-21.577849
0.026081	2.678527	3.491567	-8.198954	-21.634318
0.025587	2.660314	3.411306	-8.218536	-21.690663
0.025074	2.640501	3.331018	-8.238343	-21.746891
0.024542	2.621009	3.250707	-8.258372	-21.803006
0.023993	2.600752	3.170376	-8.278622	-21.859014
0.023429	2.579630	3.090029	-8.299089	-21.914921
0.022855	2.558513	3.009671	-8.319769	-21.970731
0.022279	2.535279	2.929304	-8.340658	-22.026451
0.021708	2.511816	2.848932	-8.361754	-22.082087
0.021150	2.486036	2.768558	-8.383052	-22.137643
0.020610	2.459880	2.688188	-8.404548	-22.193127
0.020098	2.432325	2.607823	-8.426240	-22.248543
0.019621	2.403398	2.527467	-8.448122	-22.303898
0.019186	2.373185	2.447124	-8.470192	-22.359197
0.018799	2.341843	2.366798	-8.492446	-22.414445
0.018469	2.309604	2.286491	-8.514882	-22.469649
0.018202	2.275782	2.206207	-8.537497	-22.524813
0.018002	2.242769	2.125950	-8.560288	-22.579943
0.017877	2.210028	2.045723	-8.583255	-22.635045
0.017830	2.177073	1.965529	-8.606396	-22.690122
0.017864	2.146446	1.885373	-8.629710	-22.745179
0.017985	2.116688	1.805256	-8.653197	-22.800221
0.018193	2.089307	1.725183	-8.676859	-22.855253
0.018491	2.064756	1.645157	-8.700696	-22.910277
0.018882	2.042400	1.565182	-8.724710	-22.965298
0.019364	2.023453	1.485261	-8.748906	-23.020318
0.019927	2.007791	1.405398	-8.773287	-23.075340
0.020559	1.995142	1.325597	-8.797857	-23.130368
0.021246	1.985171	1.245861	-8.822622	-23.185403
0.021979	1.976525	1.166193	-8.847587	-23.240446
0.022745	1.969848	1.086598	-8.872760	-23.295500
0.023535	1.964799	1.007079	-8.898147	-23.350566
0.024338	1.962066	0.927640	-8.923755	-23.405644
0.025145	1.958365	0.848284	-8.949591	-23.460736
0.025944	1.956442	0.769015	-8.975663	-23.515842
0.026726	1.955075	0.689837	-9.001977	-23.570964
0.027482	1.954066	0.610752	-9.028541	-23.626100
0.028201	1.953243	0.531766	-9.055362	-23.681253
0.028873	1.952450	0.452880	-9.082445	-23.736420
0.029489	1.951549	0.374098	-9.109798	-23.791604
0.030038	1.951411	0.295423	-9.137425	-23.846804
0.030512	1.949915	0.216857	-9.165331	-23.902019
0.030899	1.947940	0.138404	-9.193520	-23.957250
0.031191	1.946365	0.060066	-9.221995	-24.012497
0.031377	1.944062	-0.018156	-9.250760	-24.067760
0.031451	1.940921	-0.096258	-9.279814	-24.123040
0.031416	1.936959	-0.174241	-9.309158	-24.178336
0.031278	1.932209	-0.252102	-9.338792	-24.233649
0.031045	1.927696	-0.329840	-9.368713	-24.288979
0.030723	1.922432	-0.407455	-9.398918	-24.344328
0.030318	1.916424	-0.484948	-9.429405	-24.399695
0.029837	1.908671	-0.562316	-9.460167	-24.455082
0.029287	1.901167	-0.639562	-9.491201	-24.510490
0.028673	1.893902	-0.716686	-9.522499	-24.565919
0.028003	1.884863	-0.793687	-9.554057	-24.621370
0.027283	1.875034	-0.870568	-9.585866	-24.676845
0.026520	1.864399	-0.947330	-9.617919	-24.732345
0.025719	1.852943	-1.023974	-9.650208	-24.787871
0.024888	1.841652	-1.100502	-9.682725	-24.843424
0.024032	1.828520	-1.176916	-9.715462	-24.899005
0.023158	1.814546	-1.253217	-9.748409	-24.954616
0.022272	1.799740	-1.329409	-9.781557	-25.010257
0.021380	1.785129	-1.405493	-9.814898	-25.065931
0.020488	1.768761	-1.481472	-9.848422	-25.121638
0.019601	1.751711	-1.557349	-9.882121	-25.177380
0.018724	1.733055	-1.633127	-9.915984	-25.233156
0.017859	1.714754	-1.708808	-9.950004	-25.288969
0.017007	1.695732	-1.784395	-9.984171	-25.344819
0.016168	1.675901	-1.859891	-10.018477	-25.400706
0.015344	1.654166	-1.935299	-10.052913	-25.456632
0.014536	1.632423	-2.010623	-10.087471	-25.512597
0.013744	1.608552	-2.085865	-10.122143	-25.568601
0.012971	1.584422	-2.161030	-10.156921	-25.624644
0.012217	1.557887	-2.236119	-10.191797	-25.680727
0.011483	1.529785	-2.311136	-10.226763	-25.736850
0.010771	1.500935	-2.386085	-10.261813	-25.793012
0.010081	1.469137	-2.460968	-10.296939	-25.849214
0.009415	1.436173	-2.535790	-10.332134	-25.905455
0.008774	1.399804	-2.610553	-10.367391	-25.961735
0.008159	1.361773	-2.685260	-10.402705	-26.018053
0.007572	1.319810	-2.759915	-10.438068	-26.074409
0.007013	1.275635	-2.834522	-10.473476	-26.130802
0.006484	1.227975	-2.909082	-10.508922	-26.187232
0.005986	1.175573	-2.983600	-10.544402	-26.243697
0.005519	1.120219	-3.058077	-10.579910	-26.300197
0.005084	1.060733	-3.132518	-10.615441	-26.356731
0.004681	0.996831	-3.206925	-10.650991	-26.413297
0.004310	0.929220	-3.281301	-10.686556	-26.469895
0.003970	0.855666	-3.355649	-10.722133	-26.526524
0.003660	0.777033	-3.429970	-10.757717	-26.583181
0.003381	0.693325	-3.504269	-10.793305	-26.639867
0.003132	0.605733	-3.578546	-10.828895	-26.696579
0.002910	0.512677	-3.652805	-10.864483	-26.753316
0.002716	0.416828	-3.727047	-10.900068	-26.810077
0.002546	0.317094	-3.801275	-10.935647	-26.866860
0.002398	0.215579	-3.875491	-10.971218	-26.923664
0.002269	0.114494	-3.949696	-11.006779	-26.980488
0.002157	0.013049	-4.023893	-11.042330	-27.037329
0.002057	-0.086664	-4.098083	-11.077869	-27.094187
0.001967	-0.182758	-4.172267	-11.113395	-27.151061
0.001882	-0.276619	-4.246448	-11.148908	-27.207947
0.001800	-0.366930	-4.320626	-11.184406	-27.264846
0.001717	-0.453673	-4.394802	-11.219890	-27.321756
0.001631	-0.537113	-4.468978	-11.255359	-27.378676
0.001539	-0.617800	-4.543155	-11.290815	-27.435603
0.001440	-0.696765	-4.617333	-11.326257	-27.492537
0.001332	-0.777098	-4.691512	-11.361685	-27.549477
0.001218	-0.859626	-4.765695	-11.397102	-27.606422
0.001097	-0.950101	-4.839880	-11.432507	-27.663369
0.000972	-1.051794	-4.914069	-11.467901	-27.720318
0.000847	-1.174464	-4.988261	-11.503287	-27.777269
0.000726	-1.327716	-5.062457	-11.538665	-27.834220
0.000618	-1.529909	-5.136656	-11.574037	-27.891170
0.000534	-1.797263	-5.210859	-11.609404	-27.948118
0.000490	-2.128102	-5.285066	-11.644768	-28.005063
0.000497	-2.479950	-5.359276	-11.680130	-28.062006
0.000552	-2.787310	-5.433488	-11.715492	-28.118944
0.000639	-3.021580	-5.507704	-11.750856	-28.175878
0.000743	3.089419	-5.581922	-11.786223	-28.232807
0.000852	2.963462	-5.656142	-11.821594	-28.289730
0.000959	2.867320	-5.730364	-11.856971	-28.346647
0.001059	2.793284	-5.804587	-11.892355	-28.403558
0.001148	2.734058	-5.878811	-11.927748	-28.460463
0.001223	2.685528	-5.953036	-11.963149	-28.517361
0.001281	2.644938	-6.027261	-11.998562	-28.574252
0.001319	2.610276	-6.101486	-12.033985	-28.631137
0.001339	2.579754	-6.175710	-12.069419	-28.688015
0.001342	2.553087	-6.249934	-12.104865	-28.744886
0.001328	2.527387	-6.324157	-12.140323	-28.801752
0.001299	2.504029	-6.398379	-12.175793	-28.858611
0.001257	2.481562	-6.472600	-12.211275	-28.915465
0.001204	2.458668	-6.546819	-12.246768	-28.972314
0.001140	2.437135	-6.621037	-12.282271	-29.029158
0.001066	2.415860	-6.695253	-12.317786	-29.085997
0.000986	2.394860	-6.769467	-12.353310	-29.142833
0.000898	2.374324	-6.843679	-12.388843	-29.199665
0.000806	2.354695	-6.917890	-12.424384	-29.256494
0.000711	2.336852	-6.992100	-12.459933	-29.313321
0.000613	2.322452	-7.066307	-12.495488	-29.370145
0.000513	2.314686	-7.140514	-12.531050	-29.426968
0.000414	2.320045	-7.214719	-12.566616	-29.483789
0.000317	2.353103	-7.288924	-12.602185	-29.540609
0.000224	2.451783	-7.363127	-12.637758	-29.597427
0.000144	2.732286	-7.437331	-12.673333	-29.654245
0.000107	-2.849979	-7.511534	-12.708909	-29.711063
0.000148	-2.184828	-7.585738	-12.744485	-29.767879
0.000227	-1.927519	-7.659943	-12.780061	-29.824694
0.000316	-1.837687	-7.734150	-12.815635	-29.881508
0.000410	-1.807069	-7.808359	-12.851208	-29.938320
0.000506	-1.802419	-7.882570	-12.886779	-29.995131
0.000602	-1.808838	-7.956784	-12.922346	-30.051939
0.000699	-1.818953	-8.031003	-12.957910	-30.108744
0.000794	-1.831514	-8.105226	-12.993470	-30.165546
0.000889	-1.843728	-8.179454	-13.029025	-30.222344
0.000981	-1.853542	-8.253688	-13.064576	-30.279137
0.001069	-1.862290	-8.327928	-13.100121	-30.335926
0.001153	-1.867513	-8.402176	-13.135660	-30.392708
0.001232	-1.870853	-8.476431	-13.171192	-30.449485
0.001304	-1.869987	-8.550694	-13.206718	-30.506256
0.001369	-1.866580	-8.624966	-13.242237	-30.563020
0.001425	-1.858249	-8.699247	-13.277748	-30.619776
0.001472	-1.845529	-8.773537	-13.313252	-30.676526
0.001509	-1.827838	-8.847836	-13.348747	-30.733267
0.001536	-1.804440	-8.922146	-13.384233	-30.790002
0.001552	-1.774398	-8.996466	-13.419711	-30.846729
0.001558	-1.735865	-9.070795	-13.455178	-30.903449
0.001555	-1.691127	-9.145134	-13.490636	-30.960163
0.001546	-1.638709	-9.219484	-13.526084	-31.016870
0.001533	-1.581150	-9.293842	-13.561520	-31.073571
0.001517	-1.517081	-9.368210	-13.596945	-31.130268
0.001500	-1.448284	-9.442586	-13.632358	-31.186961
0.001485	-1.375727	-9.516971	-13.667760	-31.243650
0.001471	-1.300554	-9.591363	-13.703148	-31.300337
0.001459	-1.224049	-9.665762	-13.738524	-31.357023
0.001450	-1.147566	-9.740168	-13.773887	-31.413708
0.001442	-1.072437	-9.814580	-13.809237	-31.470394
0.001435	-0.999895	-9.888997	-13.844573	-31.527081
0.001426	-0.931009	-9.963419	-13.879896	-31.583770
0.001414	-0.866663	-10.037845	-13.915206	-31.640462
0.001397	-0.807572	-10.112275	-13.950503	-31.697158
0.001372	-0.755327	-10.186707	-13.985786	-31.753858
0.001337	-0.708492	-10.261142	-14.021057	-31.810563
0.001290	-0.669721	-10.335579	-14.056315	-31.867273
0.001227	-0.637958	-10.410017	-14.091562	-31.923988
0.001147	-0.616758	-10.484457	-14.126798	-31.980708
0.001048	-0.607321	-10.558897	-14.162024	-32.037434
0.000931	-0.611481	-10.633339	-14.197240	-32.094164
0.000800	-0.633051	-10.707781	-14.232448	-32.150898
0.000657	-0.681779	-10.782224	-14.267649	-32.207636
0.000508	-0.776263	-10.856667	-14.302844	-32.264376
0.000363	-0.972651	-10.931112	-14.338034	-32.321118
0.000247	-1.414542	-11.005558	-14.373221	-32.377860
0.000230	-2.181361	-11.080005	-14.408405	-32.434603
0.000332	-2.726796	-11.154454	-14.443589	-32.491343
0.000480	-2.975825	-11.228904	-14.478774	-32.548081
0.000639	-3.103985	-11.303356	-14.513961	-32.604815
0.000797	3.101579	-11.377811	-14.549151	-32.661544
0.000947	3.048635	-11.452268	-14.584346	-32.718267
0.001086	3.006553	-11.526727	-14.619547	-32.774983
0.001210	2.971256	-11.601189	-14.654756	-32.831691
0.001316	2.937095	-11.675653	-14.689972	-32.888391
0.001402	2.903481	-11.750120	-14.725198	-32.945082
0.001465	2.866205	-11.824589	-14.760434	-33.001763
0.001504	2.825008	-11.899060	-14.795681	-33.058435
0.001517	2.776221	-11.973533	-14.830939	-33.115098
0.001504	2.716659	-12.048007	-14.866210	-33.171751
0.001470	2.644384	-12.122482	-14.901492	-33.228396
0.001420	2.554036	-12.196956	-14.936788	-33.285033
0.001364	2.443799	-12.271430	-14.972096	-33.341664
0.001310	2.308195	-12.345902	-15.007416	-33.398289
0.001271	2.147868	-12.420371	-15.042749	-33.454911
0.001262	1.965271	-12.494835	-15.078093	-33.511531
0.001292	1.770517	-12.569295	-15.113449	-33.568150
0.001371	1.578410	-12.643747	-15.148816	-33.624772
0.001499	1.402632	-12.718192	-15.184193	-33.681397
0.001671	1.250924	-12.792627	-15.219579	-33.738030
0.001880	1.124718	-12.867051	-15.254975	-33.794671
0.002118	1.021610	-12.941463	-15.290379	-33.851323
0.002379	0.937818	-13.015860	-15.325789	-33.907990
0.002657	0.869571	-13.090242	-15.361206	-33.964673
0.002946	0.813649	-13.164606	-15.396629	-34.021376
0.003242	0.767475	-13.238952	-15.432056	-34.078101
0.003542	0.728047	-13.313277	-15.467487	-34.134850
0.003843	0.695822	-13.387579	-15.502920	-34.191627
0.004141	0.667613	-13.461858	-15.538355	-34.248434
0.004433	0.644484	-13.536111	-15.573791	-34.305274
0.004718	0.623639	-13.610338	-15.609226	-34.362149
0.004995	0.605447	-13.684536	-15.644660	-34.419062
0.005260	0.589415	-13.758704	-15.680092	-34.476014
0.005513	0.575151	-13.832842	-15.715522	-34.533009
0.005752	0.561340	-13.906947	-15.750947	-34.590049
0.005975	0.549723	-13.981018	-15.786368	-34.647135
0.006181	0.538087	-14.055055	-15.821782	-34.704270
0.006369	0.528251	-14.129056	-15.857191	-34.761454
0.006537	0.518058	-14.203021	-15.892592	-34.818690
0.006683	0.508370	-14.276948	-15.927985	-34.875980
0.006807	0.499064	-14.350838	-15.963369	-34.933323
0.006907	0.490023	-14.424689	-15.998743	-34.990723
0.006981	0.481138	-14.498502	-16.034107	-35.048178
0.007028	0.472299	-14.572276	-16.069460	-35.105690
0.007047	0.463393	-14.646010	-16.104800	-35.163259
0.007036	0.454302	-14.719706	-16.140129	-35.220886
0.006995	0.444895	-14.793363	-16.175444	-35.278571
0.006922	0.436021	-14.866982	-16.210746	-35.336312
0.006815	0.425505	-14.940563	-16.246034	-35.394109
0.006674	0.414158	-15.014108	-16.281308	-35.451963
0.006502	0.401857	-15.087617	-16.316566	-35.509870
0.006301	0.388485	-15.161091	-16.351810	-35.567831
0.006074	0.373905	-15.234532	-16.387037	-35.625843
0.005824	0.358960	-15.307942	-16.422250	-35.683904
0.005554	0.341459	-15.381322	-16.457446	-35.742013
0.005267	0.322181	-15.454674	-16.492626	-35.800167
0.004966	0.301859	-15.528000	-16.527790	-35.858363
0.004654	0.279171	-15.601301	-16.562938	-35.916600
0.004333	0.252727	-15.674580	-16.598069	-35.974875
0.004008	0.224047	-15.747839	-16.633185	-36.033184
0.003679	0.191540	-15.821080	-16.668285	-36.091526
0.003352	0.154465	-15.894305	-16.703370	-36.149897
0.003027	0.112888	-15.967517	-16.738440	-36.208294
0.002710	0.063617	-16.040716	-16.773495	-36.266715
0.002402	0.007114	-16.113905	-16.808536	-36.325157
0.002106	-0.060620	-16.187087	-16.843563	-36.383617
0.001826	-0.140209	-16.260262	-16.878577	-36.442093
0.001565	-0.236098	-16.333433	-16.913579	-36.500581
0.001325	-0.351793	-16.406601	-16.948569	-36.559080
0.001111	-0.495578	-16.479768	-16.983549	-36.617586
0.000926	-0.675772	-16.552935	-17.018520	-36.676099
0.000778	-0.905834	-16.626103	-17.053482	-36.734615
0.000675	-1.192508	-16.699273	-17.088437	-36.793132
0.000628	-1.520676	-16.772446	-17.123385	-36.851650
0.000635	-1.846699	-16.845622	-17.158329	-36.910166
0.000686	-2.131350	-16.918803	-17.193270	-36.968679
0.000764	-2.359672	-16.991988	-17.228208	-37.027187
0.000855	-2.540363	-17.065179	-17.263145	-37.085690
0.000951	-2.686007	-17.138374	-17.298083	-37.144186
0.001046	-2.807217	-17.211575	-17.333022	-37.202674
0.001137	-2.911628	-17.284782	-17.367965	-37.261154
0.001221	-3.004536	-17.357993	-17.402912	-37.319625
0.001297	-3.089650	-17.431209	-17.437864	-37.378086
0.001365	3.113527	-17.504430	-17.472824	-37.436537
0.001424	3.036574	-17.577656	-17.507791	-37.494978
0.001474	2.961026	-17.650885	-17.542768	-37.553408
0.001515	2.885456	-17.724117	-17.577755	-37.611829
0.001547	2.808553	-17.797351	-17.612754	-37.670240
0.001570	2.728038	-17.870588	-17.647764	-37.728641
0.001585	2.644804	-17.943825	-17.682788	-37.787033
0.001594	2.556521	-18.017062	-17.717824	-37.845418
0.001599	2.464171	-18.090299	-17.752876	-37.903795
0.001602	2.367848	-18.163533	-17.787941	-37.962165
0.001603	2.267725	-18.236765	-17.823022	-38.020531
0.001605	2.164009	-18.309992	-17.858117	-38.078892
0.001607	2.056884	-18.383215	-17.893228	-38.137250
0.001610	1.946460	-18.456431	-17.928353	-38.195608
0.001615	1.832714	-18.529641	-17.963493	-38.253965
0.001621	1.715453	-18.602842	-17.998646	-38.312324
0.001630	1.595303	-18.676035	-18.033813	-38.370686
0.001641	1.469725	-18.749218	-18.068993	-38.429053
0.001657	1.339090	-18.822391	-18.104183	-38.487426
0.001680	1.203807	-18.895553	-18.139383	-38.545807
0.001712	1.061520	-18.968703	-18.174592	-38.604197
0.001757	0.914364	-19.041842	-18.209806	-38.662597
0.001821	0.763221	-19.114969	-18.245025	-38.721011
0.001910	0.607892	-19.188084	-18.280246	-38.779437
0.002030	0.453046	-19.261188	-18.315466	-38.837879
0.002187	0.300898	-19.334280	-18.350682	-38.896338
0.002387	0.156044	-19.407361	-18.385891	-38.954814
0.002634	0.021780	-19.480433	-18.421089	-39.013309
0.002931	-0.098931	-19.553496	-18.456272	-39.071824
0.003274	-0.204005	-19.626550	-18.491437	-39.130360
0.003660	-0.294805	-19.699599	-18.526578	-39.188918
0.004085	-0.372547	-19.772642	-18.561692	-39.247499
0.004544	-0.438803	-19.845682	-18.596772	-39.306104
0.005033	-0.494186	-19.918719	-18.631815	-39.364734
0.005546	-0.541189	-19.991757	-18.666815	-39.423391
0.006080	-0.581119	-20.064796	-18.701766	-39.482074
0.006630	-0.615087	-20.137838	-18.736664	-39.540786
0.007192	-0.643020	-20.210885	-18.771502	-39.599526
0.007762	-0.667688	-20.283939	-18.806275	-39.658296
0.008337	-0.687725	-20.357002	-18.840977	-39.717098
0.008912	-0.705659	-20.430074	-18.875603	-39.775932
0.009485	-0.719924	-20.503159	-18.910148	-39.834799
0.010052	-0.732885	-20.576258	-18.944605	-39.893700
0.010609	-0.742845	-20.649371	-18.978969	-39.952636
0.011153	-0.752058	-20.722502	-19.013235	-40.011609
0.011681	-0.759739	-20.795650	-19.047397	-40.070620
0.012190	-0.766086	-20.868819	-19.081451	-40.129669
0.012679	-0.771313	-20.942007	-19.115392	-40.188757
0.013151	-0.775603	-21.015218	-19.149214	-40.247886
0.013606	-0.780100	-21.088452	-19.182914	-40.307057
0.014045	-0.782922	-21.161710	-19.216487	-40.366270
0.014468	-0.786161	-21.234992	-19.249928	-40.425526
0.014878	-0.787892	-21.308301	-19.283235	-40.484827
0.015274	-0.790179	-21.381636	-19.316402	-40.544173
0.015659	-0.791070	-21.454999	-19.349425	-40.603565
0.016033	-0.791606	-21.528389	-19.382303	-40.663003
0.016396	-0.792820	-21.601808	-19.415029	-40.722490
0.016752	-0.792737	-21.675256	-19.447602	-40.782025
0.017099	-0.792380	-21.748733	-19.480018	-40.841609
0.017440	-0.791763	-21.822241	-19.512273	-40.901244
0.017775	-0.789899	-21.895778	-19.544364	-40.960930
0.018106	-0.787797	-21.969346	-19.576287	-41.020668
0.018434	-0.785462	-22.042944	-19.608041	-41.080460
0.018759	-0.781898	-22.116573	-19.639621	-41.140306
0.019083	-0.778107	-22.190232	-19.671024	-41.200208
0.019407	-0.773088	-22.263920	-19.702248	-41.260167
0.000000	0.000000	-22.263920	-19.702248	-41.260167
