0.047668	-0.966755	0.000000	0.000000	0.000000
0.043594	-0.904047	0.099999	0.000271	-0.000392
0.039709	-0.830065	0.199995	0.000811	-0.001127
0.036073	-0.742612	0.299986	0.001619	-0.002155
0.032756	-0.639346	0.399972	0.002693	-0.003427
0.029838	-0.518184	0.499953	0.004030	-0.004894
0.027407	-0.379087	0.599927	0.005626	-0.006509
0.025546	-0.221198	0.699895	0.007477	-0.008225
0.024315	-0.050876	0.799857	0.009577	-0.009998
0.023732	0.125340	0.899814	0.011919	-0.011782
0.023750	0.298488	0.999765	0.014497	-0.013537
0.024273	0.460894	1.099712	0.017302	-0.015222
0.025170	0.608046	1.199654	0.020324	-0.016799
0.026306	0.738734	1.299591	0.023553	-0.018232
0.027558	0.853070	1.399525	0.026976	-0.019488
0.028823	0.954342	1.499454	0.030580	-0.020536
0.030019	1.046211	1.599380	0.034350	-0.021349
0.031079	1.129307	1.699301	0.038271	-0.021902
0.031955	1.207079	1.799219	0.042325	-0.022174
0.032611	1.281798	1.899132	0.046491	-0.022148
0.033019	1.355625	1.999041	0.050751	-0.021808
0.033176	1.430625	2.098945	0.055081	-0.021147
0.033120	1.508454	2.198844	0.059456	-0.020156
0.032907	1.589440	2.298739	0.063852	-0.018835
0.032597	1.676635	2.398629	0.068242	-0.017185
0.032259	1.768746	2.498514	0.072597	-0.015211
0.031964	1.868028	2.598396	0.076888	-0.012921
0.031782	1.972141	2.698274	0.081084	-0.010325
0.031784	2.082044	2.798149	0.085157	-0.007437
0.032026	2.193980	2.898022	0.089073	-0.004272
0.032555	2.306619	2.997894	0.092802	-0.000847
0.033394	2.418354	3.097765	0.096313	0.002819
0.034549	2.524675	3.197637	0.099572	0.006705
0.036003	2.624505	3.297509	0.102550	0.010791
0.037724	2.716400	3.397382	0.105214	0.015055
0.039670	2.800570	3.497258	0.107535	0.019473
0.041792	2.874794	3.597135	0.109481	0.024024
0.044036	2.940255	3.697014	0.111024	0.028684
0.046352	2.997389	3.796895	0.112136	0.033431
0.048689	3.047756	3.896777	0.112788	0.038244
0.051001	3.089943	3.996659	0.112956	0.043101
0.053246	3.125634	4.096539	0.112614	0.047984
0.055404	-3.126285	4.196416	0.111740	0.052874
0.057463	-3.100452	4.296287	0.110312	0.057753
0.059417	-3.078249	4.396149	0.108310	0.062607
0.061265	-3.059016	4.495999	0.105715	0.067422
0.063006	-3.041208	4.595834	0.102510	0.072184
0.064643	-3.026370	4.695650	0.098679	0.076880
0.066181	-3.013116	4.795443	0.094207	0.081499
0.067624	-3.000117	4.895209	0.089079	0.086030
0.068980	-2.989087	4.994942	0.083282	0.090463
0.070255	-2.978774	5.094639	0.076806	0.094788
0.071456	-2.967955	5.194293	0.069638	0.098995
0.072593	-2.958429	5.293899	0.061769	0.103074
0.073673	-2.948012	5.393452	0.053188	0.107017
0.074706	-2.938539	5.492946	0.043888	0.110814
0.075701	-2.927853	5.592376	0.033860	0.114455
0.076667	-2.917814	5.691734	0.023097	0.117931
0.077615	-2.906290	5.791015	0.011592	0.121231
0.078555	-2.895159	5.890213	-0.000662	0.124345
0.079498	-2.882311	5.989320	-0.013671	0.127262
0.080455	-2.868675	6.088330	-0.027441	0.129968
0.081427	-2.855304	6.187237	-0.041977	0.132452
0.082415	-2.840277	6.286033	-0.057284	0.134699
0.083420	-2.824672	6.384711	-0.073367	0.136695
0.084442	-2.808560	6.483264	-0.090231	0.138424
0.085481	-2.793012	6.581683	-0.107879	0.139870
0.086537	-2.776094	6.679963	-0.126315	0.141017
0.087610	-2.759867	6.778093	-0.145543	0.141848
0.088699	-2.742392	6.876067	-0.165565	0.142345
0.089804	-2.725724	6.973875	-0.186385	0.142490
0.090923	-2.707916	7.071510	-0.208004	0.142264
0.092057	-2.691015	7.168963	-0.230424	0.141649
0.093202	-2.674067	7.266223	-0.253647	0.140625
0.094359	-2.656114	7.363283	-0.277673	0.139175
0.095524	-2.639195	7.460133	-0.302503	0.137276
0.096696	-2.623344	7.556763	-0.328136	0.134910
0.097872	-2.606594	7.653163	-0.354573	0.132059
0.099051	-2.589973	7.749323	-0.381813	0.128702
0.100229	-2.574507	7.845232	-0.409855	0.124819
0.101404	-2.558219	7.940880	-0.438696	0.120392
0.102573	-2.543128	8.036256	-0.468336	0.115401
0.103735	-2.528238	8.131349	-0.498770	0.109827
0.104891	-2.513553	8.226148	-0.529996	0.103651
0.106039	-2.499076	8.320641	-0.562011	0.096856
0.107179	-2.484809	8.414815	-0.594812	0.089423
0.108311	-2.471755	8.508660	-0.628392	0.081333
0.109435	-2.457916	8.602163	-0.662749	0.072569
0.110549	-2.444295	8.695312	-0.697877	0.063115
0.111653	-2.431893	8.788093	-0.733770	0.052952
0.112747	-2.418714	8.880495	-0.770423	0.042064
0.113829	-2.406757	8.972503	-0.807828	0.030435
0.114899	-2.394026	9.064106	-0.845980	0.018048
0.115956	-2.381521	9.155289	-0.884871	0.004888
0.116999	-2.369244	9.246039	-0.924492	-0.009061
0.118027	-2.357197	9.336342	-0.964836	-0.023816
0.119039	-2.345380	9.426185	-1.005893	-0.039390
0.120035	-2.333794	9.515554	-1.047653	-0.055799
0.121012	-2.322441	9.604434	-1.090108	-0.073057
0.121971	-2.311321	9.692812	-1.133247	-0.091178
0.122910	-2.299435	9.780674	-1.177060	-0.110174
0.123828	-2.287783	9.868004	-1.221533	-0.130060
0.124723	-2.276366	9.954790	-1.266656	-0.150849
0.125592	-2.265185	10.041016	-1.312416	-0.172553
0.126434	-2.254237	10.126669	-1.358799	-0.195184
0.127246	-2.243524	10.211734	-1.405793	-0.218753
0.128026	-2.232044	10.296198	-1.453382	-0.243272
0.128772	-2.220795	10.380045	-1.501553	-0.268751
0.129482	-2.210778	10.463263	-1.550290	-0.295200
0.130154	-2.198990	10.545836	-1.599577	-0.322629
0.130785	-2.188430	10.627753	-1.649399	-0.351046
0.131373	-2.178097	10.708999	-1.699737	-0.380460
0.131915	-2.166990	10.789561	-1.750576	-0.410877
0.132410	-2.157106	10.869426	-1.801896	-0.442305
0.132856	-2.146445	10.948581	-1.853682	-0.474750
0.133249	-2.136004	11.027015	-1.905914	-0.508217
0.133589	-2.125784	11.104714	-1.958573	-0.542711
0.133871	-2.115782	11.181668	-2.011640	-0.578236
0.134095	-2.104998	11.257865	-2.065096	-0.614794
0.134258	-2.095431	11.333294	-2.118921	-0.652388
0.134358	-2.086080	11.407946	-2.173094	-0.691019
0.134395	-2.075935	11.481809	-2.227597	-0.730687
0.134377	-2.065948	11.554876	-2.282408	-0.771393
0.134317	-2.056062	11.627137	-2.337508	-0.813135
0.134226	-2.046225	11.698585	-2.392874	-0.855911
0.134116	-2.036384	11.769211	-2.448487	-0.899720
0.134000	-2.026489	11.839008	-2.504324	-0.944559
0.133889	-2.016494	11.907968	-2.560366	-0.990425
0.133795	-2.005353	11.976086	-2.616592	-1.037315
0.133732	-1.994022	12.043355	-2.672978	-1.085227
0.133712	-1.983459	12.109769	-2.729502	-1.134157
0.133748	-1.970628	12.175322	-2.786142	-1.184104
0.133852	-1.958493	12.240008	-2.842875	-1.235065
0.134039	-1.946023	12.303822	-2.899677	-1.287039
0.134321	-1.932191	12.366758	-2.956524	-1.340025
0.134712	-1.917974	12.428811	-3.013390	-1.394023
0.135226	-1.903356	12.489974	-3.070251	-1.449032
0.135876	-1.887324	12.550241	-3.127078	-1.505054
0.136677	-1.870873	12.609608	-3.183843	-1.562092
0.137644	-1.854005	12.668068	-3.240517	-1.620147
0.138790	-1.835727	12.725614	-3.297070	-1.679225
0.140124	-1.817084	12.782240	-3.353470	-1.739331
0.141627	-1.798239	12.837938	-3.409681	-1.800470
0.143274	-1.778374	12.892702	-3.465669	-1.862649
0.145037	-1.759654	12.946523	-3.521398	-1.925875
0.146889	-1.740229	12.999393	-3.576830	-1.990156
0.148801	-1.721232	13.051305	-3.631926	-2.055498
0.150744	-1.703780	13.102249	-3.686648	-2.121907
0.152687	-1.685978	13.152217	-3.740958	-2.189388
0.154601	-1.670916	13.201200	-3.794816	-2.257944
0.156455	-1.656678	13.249188	-3.848185	-2.327578
0.158217	-1.644337	13.296170	-3.901030	-2.398290
0.159857	-1.633962	13.342136	-3.953315	-2.470077
0.161343	-1.625618	13.387073	-4.005010	-2.542935
0.162645	-1.620372	13.430968	-4.056084	-2.616859
0.163732	-1.617291	13.473807	-4.106513	-2.691837
0.164575	-1.617450	13.515574	-4.156276	-2.767858
0.165143	-1.619929	13.556252	-4.205355	-2.844907
0.165410	-1.625821	13.595825	-4.253737	-2.922965
0.165346	-1.634236	13.634272	-4.301417	-3.002012
0.164927	-1.645302	13.671577	-4.348392	-3.082023
0.164137	-1.660121	13.707719	-4.394665	-3.162970
0.163005	-1.677623	13.742681	-4.440246	-3.244824
0.161568	-1.697697	13.776445	-4.485150	-3.327551
0.159865	-1.718243	13.808992	-4.529396	-3.411115
0.157932	-1.741160	13.840310	-4.573007	-3.495478
0.155809	-1.765343	13.870386	-4.616009	-3.580603
0.153530	-1.789681	13.899209	-4.658431	-3.666450
0.151133	-1.814050	13.926771	-4.700301	-3.752979
0.148651	-1.839311	13.953069	-4.741649	-3.840149
0.146116	-1.865303	13.978099	-4.782508	-3.927922
0.143559	-1.889844	14.001861	-4.822907	-4.016258
0.141007	-1.914721	14.024358	-4.862879	-4.105119
0.138487	-1.939695	14.045593	-4.902452	-4.194467
0.136021	-1.962494	14.065571	-4.941656	-4.284266
0.133628	-1.984812	14.084301	-4.980519	-4.374482
0.131326	-2.005313	14.101790	-5.019065	-4.465081
0.129130	-2.024627	14.118049	-5.057317	-4.556034
0.127051	-2.040355	14.133088	-5.095297	-4.647310
0.125101	-2.054072	14.146918	-5.133020	-4.738884
0.123290	-2.064331	14.159552	-5.170500	-4.830729
0.121625	-2.070753	14.171002	-5.207747	-4.922825
0.120093	-2.073309	14.181280	-5.244764	-5.015151
0.118682	-2.072078	14.190398	-5.281553	-5.107690
0.117385	-2.067159	14.198369	-5.318108	-5.200427
0.116193	-2.058675	14.205206	-5.354424	-5.293348
0.115102	-2.047766	14.210922	-5.390488	-5.386444
0.114109	-2.033588	14.215531	-5.426286	-5.479703
0.113214	-2.015316	14.219044	-5.461801	-5.573117
0.112413	-1.995139	14.221478	-5.497013	-5.666681
0.111706	-1.972259	14.222845	-5.531899	-5.760389
0.111092	-1.946892	14.223161	-5.566434	-5.854235
0.110568	-1.920261	14.222441	-5.600590	-5.948219
0.110131	-1.890596	14.220702	-5.634341	-6.042335
0.109776	-1.860135	14.217960	-5.667654	-6.136583
0.109497	-1.827115	14.214234	-5.700499	-6.230961
0.109285	-1.793773	14.209543	-5.732844	-6.325470
0.109131	-1.760342	14.203907	-5.764655	-6.420107
0.109023	-1.726049	14.197347	-5.795900	-6.514874
0.108948	-1.692114	14.189885	-5.826547	-6.609769
0.108890	-1.659745	14.181543	-5.856564	-6.704792
0.108834	-1.628117	14.172344	-5.885921	-6.799942
0.108770	-1.598281	14.162311	-5.914590	-6.895218
0.108689	-1.569255	14.151466	-5.942546	-6.990616
0.108582	-1.543058	14.139833	-5.969763	-7.086135
0.108442	-1.518703	14.127434	-5.996220	-7.181771
0.108259	-1.497202	14.114289	-6.021898	-7.277520
0.108025	-1.476565	14.100417	-6.046780	-7.373377
0.107731	-1.458804	14.085840	-6.070852	-7.469335
0.107371	-1.441928	14.070574	-6.094100	-7.565390
0.106935	-1.427949	14.054637	-6.116514	-7.661533
0.106417	-1.415879	14.038046	-6.138087	-7.757759
0.105809	-1.405734	14.020815	-6.158812	-7.854058
0.105103	-1.396531	14.002959	-6.178687	-7.950423
0.104293	-1.389292	13.984491	-6.197709	-8.046844
0.103372	-1.384045	13.965424	-6.215878	-8.143314
0.102334	-1.379823	13.945770	-6.233198	-8.239821
0.101173	-1.376666	13.925540	-6.249672	-8.336358
0.099882	-1.375623	13.904745	-6.265307	-8.432914
0.098456	-1.374756	13.883395	-6.280111	-8.529480
0.096891	-1.376136	13.861502	-6.294095	-8.626047
0.095184	-1.377835	13.839074	-6.307270	-8.722605
0.093345	-1.380874	13.816123	-6.319651	-8.819145
0.091385	-1.385265	13.792657	-6.331254	-8.915657
0.089317	-1.390035	13.768686	-6.342095	-9.012135
0.087154	-1.397216	13.744221	-6.352194	-9.108568
0.084909	-1.404852	13.719270	-6.361571	-9.204951
0.082596	-1.413995	13.693842	-6.370248	-9.301274
0.080229	-1.424705	13.667947	-6.378248	-9.397531
0.077822	-1.437049	13.641592	-6.385594	-9.493715
0.075390	-1.451099	13.614785	-6.392311	-9.589821
0.072948	-1.466930	13.587535	-6.398424	-9.685842
0.070510	-1.483620	13.559848	-6.403960	-9.781773
0.068092	-1.503241	13.531732	-6.408945	-9.877609
0.065709	-1.524861	13.503192	-6.413406	-9.973346
0.063377	-1.547533	13.474234	-6.417371	-10.068980
0.061111	-1.573291	13.444865	-6.420866	-10.164506
0.058925	-1.600137	13.415089	-6.423918	-10.259921
0.056835	-1.630040	13.384911	-6.426555	-10.355222
0.054854	-1.660913	13.354335	-6.428803	-10.450406
0.052995	-1.694612	13.323366	-6.430688	-10.545471
0.051266	-1.728949	13.292006	-6.432237	-10.640414
0.049673	-1.765782	13.260258	-6.433473	-10.735233
0.048217	-1.803953	13.228126	-6.434422	-10.829925
0.046899	-1.842260	13.195612	-6.435107	-10.924489
0.045719	-1.882459	13.162717	-6.435550	-11.018923
0.044674	-1.923267	13.129444	-6.435773	-11.113225
0.043763	-1.964370	13.095793	-6.435797	-11.207393
0.042980	-2.005428	13.061767	-6.435644	-11.301426
0.042322	-2.046088	13.027365	-6.435331	-11.395321
0.041780	-2.085993	12.992589	-6.434878	-11.489078
0.041348	-2.124796	12.957439	-6.434303	-11.582695
0.041016	-2.162172	12.921915	-6.433622	-11.676170
0.040776	-2.197818	12.886017	-6.432851	-11.769502
0.040616	-2.232470	12.849747	-6.432005	-11.862688
0.040529	-2.263900	12.813102	-6.431097	-11.955728
0.040502	-2.293919	12.776083	-6.430141	-12.048619
0.040527	-2.321373	12.738691	-6.429148	-12.141359
0.040594	-2.345144	12.700923	-6.428131	-12.233947
0.040694	-2.367146	12.662780	-6.427098	-12.326381
0.040818	-2.387313	12.624262	-6.426058	-12.418659
0.040960	-2.403639	12.585367	-6.425020	-12.510780
0.041113	-2.417273	12.546095	-6.423990	-12.602740
0.041272	-2.429408	12.506445	-6.422974	-12.694538
0.041433	-2.438240	12.466418	-6.421977	-12.786172
0.041592	-2.445964	12.426011	-6.421003	-12.877639
0.041747	-2.451772	12.385225	-6.420055	-12.968939
0.041897	-2.454855	12.344059	-6.419136	-13.060068
0.042041	-2.457398	12.302512	-6.418247	-13.151024
0.042177	-2.457583	12.260584	-6.417389	-13.241806
0.042304	-2.457589	12.218275	-6.416562	-13.332411
0.042423	-2.455591	12.175584	-6.415767	-13.422837
0.042533	-2.452759	12.132510	-6.415003	-13.513081
0.042634	-2.449262	12.089054	-6.414268	-13.603142
0.042725	-2.445266	12.045215	-6.413561	-13.693018
0.042806	-2.440934	12.000993	-6.412882	-13.782706
0.042877	-2.435427	11.956388	-6.412227	-13.872204
0.042936	-2.430904	11.911400	-6.411594	-13.961511
0.042982	-2.424524	11.866029	-6.410983	-14.050624
0.043016	-2.419443	11.820277	-6.410389	-14.139542
0.043036	-2.413819	11.774142	-6.409811	-14.228262
0.043042	-2.408782	11.727626	-6.409246	-14.316783
0.043032	-2.403353	11.680729	-6.408693	-14.405103
0.043009	-2.399529	11.633453	-6.408148	-14.493220
0.042973	-2.395307	11.585799	-6.407611	-14.581133
0.042924	-2.390688	11.537767	-6.407079	-14.668841
0.042863	-2.387670	11.489359	-6.406551	-14.756342
0.042791	-2.384255	11.440577	-6.406025	-14.843635
0.042708	-2.381444	11.391421	-6.405499	-14.930718
0.042617	-2.379241	11.341894	-6.404973	-15.017590
0.042516	-2.377650	11.291997	-6.404446	-15.104250
0.042409	-2.377674	11.241732	-6.403917	-15.190698
0.042294	-2.377317	11.191101	-6.403385	-15.276931
0.042175	-2.377586	11.140106	-6.402852	-15.362950
0.042050	-2.378485	11.088749	-6.402316	-15.448753
0.041923	-2.381019	11.037031	-6.401779	-15.534339
0.041794	-2.383193	10.984954	-6.401241	-15.619707
0.041664	-2.387013	10.932522	-6.400704	-15.704857
0.041534	-2.391481	10.879735	-6.400168	-15.789788
0.041407	-2.397603	10.826596	-6.399637	-15.874499
0.041282	-2.404379	10.773106	-6.399112	-15.958989
0.041163	-2.411801	10.719268	-6.398595	-16.043258
0.041048	-2.419813	10.665084	-6.398091	-16.127304
0.040937	-2.429346	10.610556	-6.397603	-16.211128
0.040831	-2.439332	10.555685	-6.397133	-16.294728
0.040730	-2.449702	10.500474	-6.396687	-16.378104
0.040632	-2.461387	10.444924	-6.396269	-16.461255
0.040538	-2.473316	10.389038	-6.395883	-16.544180
0.040446	-2.485420	10.332818	-6.395533	-16.626879
0.040357	-2.497631	10.276265	-6.395225	-16.709351
0.040268	-2.510879	10.219382	-6.394964	-16.791597
0.040180	-2.523097	10.162171	-6.394755	-16.873614
0.040090	-2.536216	10.104634	-6.394602	-16.955403
0.039998	-2.549170	10.046774	-6.394510	-17.036964
0.039902	-2.560894	9.988592	-6.394485	-17.118296
0.039801	-2.573322	9.930091	-6.394531	-17.199399
0.039693	-2.585390	9.871274	-6.394653	-17.280272
0.039577	-2.597035	9.812143	-6.394855	-17.360916
0.039449	-2.608192	9.752701	-6.395141	-17.441331
0.039310	-2.618798	9.692950	-6.395516	-17.521517
0.039155	-2.628791	9.632894	-6.395983	-17.601473
0.038985	-2.638121	9.572534	-6.396545	-17.681200
0.038800	-2.646801	9.511875	-6.397206	-17.760698
0.038599	-2.653858	9.450919	-6.397969	-17.839969
0.038385	-2.661316	9.389669	-6.398835	-17.919011
0.038157	-2.667198	9.328128	-6.399807	-17.997826
0.037918	-2.673527	9.266300	-6.400886	-18.076414
0.037668	-2.678321	9.204188	-6.402074	-18.154776
0.037408	-2.683601	9.141794	-6.403372	-18.232913
0.037140	-2.687385	9.079123	-6.404781	-18.310825
0.036865	-2.690690	9.016177	-6.406301	-18.388514
0.036584	-2.693534	8.952959	-6.407933	-18.465979
0.036298	-2.695933	8.889473	-6.409677	-18.543222
0.036010	-2.697902	8.825723	-6.411533	-18.620244
0.035719	-2.699460	8.761710	-6.413501	-18.697046
0.035428	-2.699621	8.697438	-6.415580	-18.773628
0.035139	-2.700403	8.632910	-6.417769	-18.849992
0.034852	-2.699823	8.568130	-6.420068	-18.926137
0.034569	-2.699898	8.503099	-6.422475	-19.002066
0.034291	-2.698647	8.437820	-6.424990	-19.077779
0.034021	-2.697090	8.372297	-6.427611	-19.153276
0.033758	-2.695252	8.306532	-6.430338	-19.228559
0.033504	-2.693184	8.240527	-6.433168	-19.303627
0.033259	-2.690943	8.174284	-6.436100	-19.378483
0.033021	-2.688588	8.107807	-6.439132	-19.453126
0.032792	-2.686181	8.041097	-6.442264	-19.527556
0.032570	-2.683784	7.974156	-6.445493	-19.601775
0.032355	-2.680463	7.906986	-6.448819	-19.675783
0.032148	-2.678283	7.839590	-6.452239	-19.749581
0.031948	-2.676313	7.771969	-6.455752	-19.823168
0.031755	-2.674621	7.704125	-6.459358	-19.896545
0.031569	-2.673279	7.636061	-6.463054	-19.969713
0.031390	-2.672357	7.567777	-6.466840	-20.042672
0.031216	-2.671930	7.499277	-6.470715	-20.115423
0.031049	-2.672070	7.430561	-6.474678	-20.187965
0.030888	-2.673853	7.361632	-6.478730	-20.260300
0.030733	-2.675355	7.292491	-6.482869	-20.332428
0.030584	-2.678652	7.223140	-6.487096	-20.404349
0.030441	-2.682820	7.153582	-6.491412	-20.476064
0.030305	-2.687939	7.083818	-6.495817	-20.547573
0.030175	-2.695085	7.013849	-6.500312	-20.618877
0.030052	-2.702310	6.943679	-6.504899	-20.689976
0.029935	-2.711566	6.873309	-6.509580	-20.760871
0.029825	-2.722775	6.802742	-6.514356	-20.831563
0.029721	-2.733859	6.731978	-6.519231	-20.902053
0.029623	-2.746740	6.661021	-6.524207	-20.972341
0.029531	-2.760335	6.589874	-6.529287	-21.042427
0.029443	-2.774565	6.518537	-6.534475	-21.112314
0.029360	-2.789347	6.447014	-6.539775	-21.182002
0.029281	-2.804600	6.375308	-6.545189	-21.251492
0.029205	-2.820243	6.303420	-6.550722	-21.320785
0.029131	-2.837196	6.231353	-6.556378	-21.389882
0.029059	-2.853378	6.159111	-6.562160	-21.458785
0.028987	-2.869712	6.086695	-6.568072	-21.527494
0.028914	-2.887123	6.014108	-6.574119	-21.596011
0.028838	-2.903534	5.941354	-6.580304	-21.664338
0.028760	-2.919874	5.868434	-6.586631	-21.732475
0.028675	-2.936073	5.795353	-6.593103	-21.800425
0.028584	-2.953062	5.722112	-6.599725	-21.868189
0.028484	-2.968775	5.648715	-6.606499	-21.935768
0.028373	-2.984149	5.575164	-6.613429	-22.003165
0.028250	-2.998140	5.501464	-6.620518	-22.070381
0.028114	-3.012786	5.427616	-6.627769	-22.137418
0.027963	-3.027146	5.353624	-6.635183	-22.204277
0.027799	-3.040281	5.279491	-6.642763	-22.270962
0.027620	-3.054250	5.205220	-6.650512	-22.337473
0.027426	-3.067115	5.130814	-6.658430	-22.403813
0.027217	-3.079941	5.056276	-6.666520	-22.469985
0.026993	-3.092792	4.981609	-6.674782	-22.535990
0.026754	-3.104737	4.906818	-6.683218	-22.601831
0.026501	-3.117846	4.831904	-6.691829	-22.667510
0.026232	-3.131192	4.756871	-6.700616	-22.733030
0.025948	3.139333	4.681724	-6.709579	-22.798394
0.025650	3.126277	4.606464	-6.718719	-22.863605
0.025338	3.112738	4.531095	-6.728036	-22.928665
0.025012	3.098626	4.455622	-6.737530	-22.993577
0.024673	3.083843	4.380048	-6.747202	-23.058346
0.024322	3.069285	4.304376	-6.757051	-23.122973
0.023960	3.052842	4.228610	-6.767078	-23.187464
0.023587	3.036392	4.152754	-6.777282	-23.251820
0.023204	3.018810	4.076812	-6.787663	-23.316047
0.022814	2.999990	4.000788	-6.798221	-23.380147
0.022421	2.980954	3.924686	-6.808955	-23.444126
0.022027	2.959772	3.848511	-6.819866	-23.507987
0.021638	2.938530	3.772265	-6.830952	-23.571735
0.021256	2.915334	3.695955	-6.842213	-23.635373
0.020885	2.892315	3.619584	-6.853649	-23.698908
0.020528	2.868630	3.543156	-6.865259	-23.762342
0.020188	2.844460	3.466675	-6.877043	-23.825681
0.019867	2.820016	3.390146	-6.889001	-23.888929
0.019566	2.795533	3.313572	-6.901132	-23.952090
0.019288	2.771274	3.236957	-6.913435	-24.015168
0.019032	2.746522	3.160306	-6.925911	-24.078168
0.018800	2.723583	3.083621	-6.938558	-24.141092
0.018591	2.701773	3.006907	-6.951377	-24.203946
0.018406	2.680424	2.930166	-6.964366	-24.266731
0.018243	2.661870	2.853400	-6.977527	-24.329452
0.018102	2.644448	2.776614	-6.990858	-24.392111
0.017982	2.629493	2.699809	-7.004358	-24.454711
0.017882	2.617331	2.622987	-7.018028	-24.517253
0.017801	2.607281	2.546150	-7.031868	-24.579739
0.017739	2.600539	2.469300	-7.045876	-24.642172
0.017703	2.596850	2.392437	-7.060054	-24.704550
0.017699	2.595834	2.315562	-7.074399	-24.766876
0.017735	2.597078	2.238676	-7.088913	-24.829148
0.017818	2.599147	2.161779	-7.103596	-24.891367
0.017957	2.602573	2.084870	-7.118448	-24.953532
0.018159	2.606875	2.007949	-7.133470	-25.015641
0.018432	2.612559	1.931017	-7.148665	-25.077693
0.018785	2.616141	1.854071	-7.164034	-25.139687
0.019223	2.620162	1.777113	-7.179580	-25.201620
0.019755	2.623209	1.700141	-7.195307	-25.263491
0.020388	2.624927	1.623155	-7.211221	-25.325296
0.021129	2.625034	1.546155	-7.227326	-25.387034
0.021985	2.623328	1.469140	-7.243630	-25.448702
0.022964	2.619690	1.392111	-7.260141	-25.510296
0.024074	2.615083	1.315068	-7.276868	-25.571815
0.025322	2.607538	1.238010	-7.293821	-25.633254
0.026717	2.598148	1.160940	-7.311014	-25.694610
0.028268	2.588058	1.083858	-7.328460	-25.755880
0.029985	2.576444	1.006767	-7.346173	-25.817062
0.031874	2.563567	0.929669	-7.364172	-25.878151
0.033928	2.549885	0.852566	-7.382475	-25.939143
0.036135	2.535818	0.775462	-7.401102	-26.000037
0.038484	2.522683	0.698361	-7.420075	-26.060827
0.040964	2.509713	0.621268	-7.439419	-26.121511
0.043562	2.497070	0.544188	-7.459156	-26.182084
0.046266	2.483860	0.467127	-7.479313	-26.242543
0.049063	2.472148	0.390091	-7.499917	-26.302883
0.051941	2.461966	0.313087	-7.520994	-26.363101
0.054887	2.451324	0.236123	-7.542574	-26.423191
0.057887	2.441215	0.159207	-7.564684	-26.483149
0.060928	2.431621	0.082347	-7.587354	-26.542971
0.063998	2.422517	0.005553	-7.610613	-26.602651
0.067082	2.414871	-0.071165	-7.634490	-26.662184
0.070168	2.406652	-0.147796	-7.659015	-26.721566
0.073242	2.398825	-0.224330	-7.684217	-26.780790
0.076292	2.391356	-0.300754	-7.710124	-26.839850
0.079302	2.385209	-0.377057	-7.736765	-26.898742
0.082261	2.378352	-0.453224	-7.764167	-26.957458
0.085155	2.371751	-0.529244	-7.792359	-27.015992
0.087971	2.364375	-0.605101	-7.821364	-27.074339
0.090701	2.358202	-0.680781	-7.851209	-27.132493
0.093340	2.352209	-0.756268	-7.881918	-27.190447
0.095880	2.346378	-0.831547	-7.913513	-27.248195
0.098314	2.339690	-0.906601	-7.946016	-27.305730
0.100636	2.334128	-0.981415	-7.979447	-27.363047
0.102839	2.327676	-1.055972	-8.013824	-27.420140
0.104916	2.322316	-1.130253	-8.049165	-27.477002
0.106860	2.316034	-1.204242	-8.085486	-27.533628
0.108664	2.309813	-1.277920	-8.122799	-27.590012
0.110322	2.304639	-1.351271	-8.161119	-27.646148
0.111827	2.298494	-1.424276	-8.200456	-27.702030
0.113172	2.293362	-1.496918	-8.240818	-27.757654
0.114351	2.287228	-1.569180	-8.282212	-27.813014
0.115356	2.282073	-1.641044	-8.324645	-27.868106
0.116181	2.275878	-1.712492	-8.368119	-27.922924
0.116820	2.270625	-1.783510	-8.412635	-27.977466
0.117264	2.265292	-1.854080	-8.458194	-28.031727
0.117509	2.258855	-1.924188	-8.504792	-28.085704
0.117547	2.253289	-1.993819	-8.552424	-28.139394
0.117375	2.247569	-2.062959	-8.601086	-28.192796
0.117003	2.241674	-2.131595	-8.650766	-28.245908
0.116444	2.236588	-2.199716	-8.701457	-28.298730
0.115713	2.230294	-2.267310	-8.753144	-28.351259
0.114823	2.223777	-2.334369	-8.805815	-28.403498
0.113787	2.217024	-2.400884	-8.859454	-28.455447
0.112619	2.211022	-2.466845	-8.914045	-28.507108
0.111332	2.203761	-2.532247	-8.969571	-28.558484
0.109940	2.197232	-2.597082	-9.026014	-28.609578
0.108457	2.189426	-2.661348	-9.083353	-28.660393
0.106895	2.181340	-2.725037	-9.141570	-28.710933
0.105269	2.173972	-2.788148	-9.200645	-28.761205
0.103590	2.165323	-2.850677	-9.260556	-28.811213
0.101874	2.156400	-2.912622	-9.321283	-28.860963
0.100132	2.148214	-2.973981	-9.382804	-28.910462
0.098378	2.138779	-3.034754	-9.445100	-28.959715
0.096625	2.129120	-3.094940	-9.508148	-29.008731
0.094886	2.119267	-3.154539	-9.571929	-29.057517
0.093173	2.109256	-3.213551	-9.636421	-29.106080
0.091498	2.099137	-3.271977	-9.701604	-29.154427
0.089871	2.088955	-3.329818	-9.767460	-29.202567
0.088293	2.077719	-3.387075	-9.833969	-29.250507
0.086760	2.067426	-3.443748	-9.901112	-29.298255
0.085271	2.056072	-3.499840	-9.968872	-29.345819
0.083822	2.045653	-3.555351	-10.037231	-29.393206
0.082411	2.034162	-3.610284	-10.106172	-29.440423
0.081036	2.023590	-3.664640	-10.175679	-29.487479
0.079694	2.011928	-3.718420	-10.245736	-29.534379
0.078384	2.000163	-3.771628	-10.316327	-29.581133
0.077102	1.989283	-3.824265	-10.387436	-29.627747
0.075848	1.977271	-3.876333	-10.459049	-29.674228
0.074617	1.965110	-3.927835	-10.531150	-29.720583
0.073410	1.953779	-3.978774	-10.603727	-29.766821
0.072223	1.941257	-4.029152	-10.676764	-29.812946
0.071054	1.929517	-4.078973	-10.750248	-29.858968
0.069903	1.916533	-4.128239	-10.824166	-29.904892
0.068767	1.904273	-4.176954	-10.898504	-29.950725
0.067644	1.891703	-4.225122	-10.973249	-29.996475
0.066533	1.878786	-4.272745	-11.048389	-30.042148
0.065433	1.865480	-4.319828	-11.123911	-30.087751
0.064342	1.851746	-4.366375	-11.199803	-30.133291
0.063262	1.837550	-4.412389	-11.276052	-30.178774
0.062191	1.823866	-4.457876	-11.352646	-30.224208
0.061132	1.808661	-4.502840	-11.429573	-30.269600
0.060084	1.793904	-4.547285	-11.506822	-30.314957
0.059048	1.778561	-4.591216	-11.584381	-30.360285
0.058026	1.761598	-4.634638	-11.662239	-30.405592
0.057018	1.744979	-4.677555	-11.740383	-30.450885
0.056026	1.727666	-4.719974	-11.818804	-30.496172
0.055050	1.709621	-4.761899	-11.897489	-30.541459
0.054092	1.690805	-4.803336	-11.976428	-30.586754
0.053153	1.671178	-4.844290	-12.055610	-30.632065
0.052235	1.650700	-4.884765	-12.135023	-30.677400
0.051339	1.629332	-4.924769	-12.214657	-30.722765
0.050468	1.607034	-4.964306	-12.294502	-30.768171
0.049623	1.583769	-5.003382	-12.374547	-30.813623
0.048807	1.559502	-5.042002	-12.454780	-30.859132
0.048022	1.534200	-5.080173	-12.535193	-30.904704
0.047271	1.507835	-5.117900	-12.615773	-30.950350
0.046555	1.480384	-5.155188	-12.696511	-30.996077
0.045878	1.450845	-5.192045	-12.777395	-31.041894
0.045243	1.421280	-5.228474	-12.858417	-31.087812
0.044651	1.389781	-5.264484	-12.939564	-31.133838
0.044105	1.358448	-5.300078	-13.020827	-31.179983
0.043605	1.325395	-5.335264	-13.102195	-31.226256
0.043152	1.291745	-5.370047	-13.183658	-31.272666
0.042747	1.258630	-5.404433	-13.265206	-31.319224
0.042389	1.224189	-5.438429	-13.346827	-31.365938
0.042077	1.189562	-5.472040	-13.428513	-31.412818
0.041810	1.155893	-5.505272	-13.510253	-31.459874
0.041584	1.121324	-5.538131	-13.592037	-31.507113
0.041398	1.087991	-5.570624	-13.673856	-31.554547
0.041248	1.054028	-5.602756	-13.755699	-31.602182
0.041130	1.021556	-5.634534	-13.837559	-31.650027
0.041040	0.988688	-5.665964	-13.919425	-31.698091
0.040974	0.957524	-5.697051	-14.001288	-31.746382
0.040926	0.927154	-5.727802	-14.083140	-31.794906
0.040891	0.897654	-5.758223	-14.164972	-31.843672
0.040864	0.869086	-5.788320	-14.246776	-31.892685
0.040839	0.841501	-5.818099	-14.328544	-31.941952
0.040811	0.815931	-5.847565	-14.410268	-31.991478
0.040776	0.790372	-5.876725	-14.491941	-32.041270
0.040734	0.766809	-5.905585	-14.573556	-32.091331
0.040682	0.743228	-5.934150	-14.655106	-32.141666
0.040617	0.721615	-5.962427	-14.736585	-32.192279
0.040539	0.700960	-5.990421	-14.817986	-32.243172
0.040446	0.681250	-6.018138	-14.899304	-32.294350
0.040336	0.662476	-6.045584	-14.980533	-32.345814
0.040207	0.644630	-6.072763	-15.061668	-32.397567
0.040059	0.627708	-6.099682	-15.142705	-32.449609
0.039890	0.611706	-6.126346	-15.223638	-32.501943
0.039700	0.596625	-6.152760	-15.304464	-32.554568
0.039486	0.582467	-6.178930	-15.385179	-32.607486
0.039248	0.569239	-6.204860	-15.465779	-32.660696
0.038986	0.556950	-6.230556	-15.546261	-32.714197
0.038698	0.544615	-6.256022	-15.626621	-32.767990
0.038383	0.534251	-6.281263	-15.706858	-32.822072
0.038042	0.523883	-6.306284	-15.786970	-32.876442
0.037673	0.515538	-6.331089	-15.866953	-32.931099
0.037276	0.507250	-6.355684	-15.946807	-32.986039
0.036850	0.500046	-6.380071	-16.026530	-33.041261
0.036398	0.493887	-6.404256	-16.106122	-33.096761
0.035919	0.488728	-6.428241	-16.185582	-33.152535
0.035415	0.483524	-6.452032	-16.264910	-33.208581
0.034888	0.480232	-6.475631	-16.344105	-33.264894
0.034340	0.476814	-6.499043	-16.423169	-33.321470
0.033771	0.475234	-6.522271	-16.502101	-33.378304
0.033186	0.473455	-6.545318	-16.580904	-33.435392
0.032585	0.472444	-6.568188	-16.659577	-33.492729
0.031970	0.473166	-6.590883	-16.738122	-33.550310
0.031344	0.473587	-6.613407	-16.816541	-33.608130
0.030709	0.474672	-6.635763	-16.894836	-33.666182
0.030068	0.477385	-6.657954	-16.973008	-33.724463
0.029422	0.479685	-6.679981	-17.051060	-33.782967
0.028775	0.483530	-6.701849	-17.128994	-33.841687
0.028128	0.486873	-6.723559	-17.206813	-33.900618
0.027483	0.491663	-6.745113	-17.284519	-33.959755
0.026844	0.495841	-6.766516	-17.362114	-34.019093
0.026213	0.501341	-6.787768	-17.439602	-34.078624
0.025592	0.507091	-6.808872	-17.516984	-34.138345
0.024982	0.513025	-6.829830	-17.594264	-34.198250
0.024384	0.520136	-6.850645	-17.671444	-34.258333
0.023797	0.526438	-6.871318	-17.748527	-34.318589
0.023220	0.533943	-6.891852	-17.825516	-34.379014
0.022653	0.540666	-6.912248	-17.902413	-34.439601
0.022095	0.548623	-6.932508	-17.979221	-34.500347
0.021545	0.556831	-6.952635	-18.055943	-34.561246
0.021003	0.565309	-6.972630	-18.132581	-34.622293
0.020469	0.574080	-6.992495	-18.209138	-34.683484
0.019941	0.583167	-7.012232	-18.285617	-34.744815
0.019419	0.592596	-7.031843	-18.362020	-34.806280
0.018902	0.602398	-7.051330	-18.438350	-34.867875
0.018391	0.612606	-7.070694	-18.514610	-34.929595
0.017883	0.623258	-7.089937	-18.590803	-34.991437
0.017379	0.634395	-7.109062	-18.666930	-35.053396
0.016879	0.646067	-7.128070	-18.742995	-35.115467
0.016381	0.658327	-7.146963	-18.819000	-35.177647
0.015886	0.670238	-7.165743	-18.894948	-35.239930
0.015392	0.683871	-7.184412	-18.970841	-35.302313
0.014899	0.697307	-7.202972	-19.046682	-35.364792
0.014408	0.712619	-7.221425	-19.122474	-35.427362
0.013918	0.727805	-7.239774	-19.198220	-35.490020
0.013430	0.743837	-7.258019	-19.273922	-35.552760
0.012945	0.760678	-7.276164	-19.349582	-35.615579
0.012464	0.778285	-7.294211	-19.425204	-35.678473
0.011987	0.795604	-7.312162	-19.500790	-35.741438
0.011514	0.814567	-7.330019	-19.576342	-35.804469
0.011046	0.833092	-7.347785	-19.651863	-35.867564
0.010583	0.853081	-7.365462	-19.727356	-35.930718
0.010125	0.872414	-7.383053	-19.802822	-35.993927
0.009671	0.891947	-7.400560	-19.878264	-36.057188
0.009222	0.911508	-7.417986	-19.953684	-36.120497
0.008778	0.930889	-7.435334	-20.029085	-36.183852
0.008337	0.949842	-7.452608	-20.104468	-36.247248
0.007900	0.968064	-7.469809	-20.179835	-36.310683
0.007465	0.985187	-7.486941	-20.255187	-36.374153
0.007032	1.000760	-7.504007	-20.330527	-36.437656
0.006601	1.014217	-7.521010	-20.405856	-36.501190
0.006170	1.025839	-7.537955	-20.481174	-36.564751
0.005738	1.032698	-7.554844	-20.556483	-36.628337
0.005306	1.034727	-7.571682	-20.631784	-36.691947
0.004875	1.031203	-7.588471	-20.707078	-36.755579
0.004447	1.021329	-7.605217	-20.782365	-36.819230
0.004025	1.004016	-7.621923	-20.857645	-36.882900
0.003612	0.978779	-7.638592	-20.932918	-36.946587
0.003212	0.941586	-7.655230	-21.008185	-37.010290
0.002829	0.890677	-7.671841	-21.083445	-37.074008
0.002470	0.823357	-7.688427	-21.158699	-37.137740
0.002142	0.733878	-7.704994	-21.233946	-37.201484
0.001851	0.615716	-7.721545	-21.309186	-37.265242
0.001608	0.465939	-7.738084	-21.384419	-37.329011
0.001423	0.282546	-7.754614	-21.459644	-37.392791
0.001302	0.073211	-7.771138	-21.534862	-37.456582
0.001243	-0.143274	-7.787660	-21.610071	-37.520383
0.001233	-0.348031	-7.804182	-21.685273	-37.584193
0.001253	-0.525441	-7.820706	-21.760466	-37.648012
0.001280	-0.674527	-7.837236	-21.835651	-37.711840
0.001298	-0.797409	-7.853772	-21.910829	-37.775675
0.001292	-0.902096	-7.870316	-21.985999	-37.839517
0.001253	-0.995553	-7.886869	-22.061161	-37.903365
0.001174	-1.088898	-7.903432	-22.136318	-37.967218
0.001058	-1.191399	-7.920004	-22.211468	-38.031075
0.000912	-1.320435	-7.936585	-22.286615	-38.094935
0.000749	-1.505466	-7.953175	-22.361758	-38.158797
0.000595	-1.802951	-7.969772	-22.436899	-38.222659
0.000505	-2.279834	-7.986374	-22.512040	-38.286519
0.000551	-2.839572	-8.002981	-22.587182	-38.350378
0.000728	3.038810	-8.019590	-22.662327	-38.414232
0.000978	2.799777	-8.036199	-22.737477	-38.478080
0.001264	2.654110	-8.052807	-22.812633	-38.541922
0.001564	2.557730	-8.069409	-22.887797	-38.605755
0.001870	2.488974	-8.086005	-22.962972	-38.669578
0.002171	2.436782	-8.102592	-23.038158	-38.733390
0.002463	2.395051	-8.119166	-23.113357	-38.797189
0.002739	2.360134	-8.135727	-23.188571	-38.860975
0.002994	2.329680	-8.152271	-23.263801	-38.924745
0.003223	2.302045	-8.168796	-23.339049	-38.988500
0.003420	2.275984	-8.185301	-23.414315	-39.052239
0.003582	2.250451	-8.201782	-23.489600	-39.115961
0.003703	2.223471	-8.218240	-23.564905	-39.179667
0.003780	2.196130	-8.234671	-23.640230	-39.243355
0.003815	2.165824	-8.251074	-23.715575	-39.307026
0.003811	2.133020	-8.267450	-23.790939	-39.370681
0.003770	2.097127	-8.283796	-23.866323	-39.434321
0.003696	2.057460	-8.300113	-23.941726	-39.497947
0.003592	2.013194	-8.316399	-24.017146	-39.561560
0.003462	1.963310	-8.332656	-24.092582	-39.625161
0.003310	1.906527	-8.348883	-24.168033	-39.688752
0.003139	1.841224	-8.365081	-24.243497	-39.752335
0.002955	1.765343	-8.381250	-24.318972	-39.815912
0.002764	1.677302	-8.397392	-24.394457	-39.879485
0.002573	1.571980	-8.413507	-24.469949	-39.943056
0.002392	1.446885	-8.429596	-24.545446	-40.006627
0.002232	1.299795	-8.445662	-24.620946	-40.070201
0.002108	1.127157	-8.461707	-24.696447	-40.133779
0.002034	0.933275	-8.477731	-24.771946	-40.197365
0.002024	0.726078	-8.493738	-24.847441	-40.260960
0.002086	0.516159	-8.509730	-24.922929	-40.324566
0.002219	0.318380	-8.525710	-24.998407	-40.388187
0.002416	0.140252	-8.541681	-25.073874	-40.451824
0.002668	-0.014272	-8.557645	-25.149327	-40.515480
0.002966	-0.146674	-8.573606	-25.224763	-40.579156
0.003304	-0.259127	-8.589568	-25.300179	-40.642855
0.003674	-0.353399	-8.605535	-25.375574	-40.706579
0.004073	-0.433210	-8.621510	-25.450945	-40.770328
0.004496	-0.500957	-8.637497	-25.526290	-40.834107
0.004939	-0.558643	-8.653500	-25.601605	-40.897915
0.005398	-0.606903	-8.669524	-25.676889	-40.961755
0.005871	-0.648057	-8.685573	-25.752138	-41.025629
0.006355	-0.683168	-8.701651	-25.827352	-41.089539
0.006847	-0.713093	-8.717762	-25.902526	-41.153487
0.007345	-0.737527	-8.733911	-25.977659	-41.217473
0.007847	-0.759036	-8.750101	-26.052747	-41.281501
0.008349	-0.776083	-8.766337	-26.127789	-41.345573
0.008851	-0.791046	-8.782624	-26.202781	-41.409689
0.009350	-0.802239	-8.798964	-26.277722	-41.473852
0.009844	-0.811921	-8.815362	-26.352607	-41.538064
0.010330	-0.818306	-8.831822	-26.427436	-41.602328
0.010807	-0.823570	-8.848347	-26.502204	-41.666644
0.011273	-0.826858	-8.864940	-26.576910	-41.731016
0.011726	-0.828321	-8.881606	-26.651550	-41.795445
0.012167	-0.828208	-8.898346	-26.726122	-41.859933
0.012594	-0.826752	-8.915164	-26.800624	-41.924483
0.013010	-0.825148	-8.932062	-26.875052	-41.989097
0.013414	-0.821555	-8.949042	-26.949404	-42.053776
0.013807	-0.818112	-8.966107	-27.023678	-42.118524
0.014189	-0.812933	-8.983259	-27.097870	-42.183341
0.014563	-0.808119	-9.000500	-27.171979	-42.248231
0.014927	-0.801755	-9.017831	-27.246001	-42.313196
0.015282	-0.794919	-9.035254	-27.319933	-42.378237
0.015631	-0.788675	-9.052770	-27.393775	-42.443357
0.015972	-0.781084	-9.070381	-27.467522	-42.508559
0.016307	-0.773199	-9.088087	-27.541172	-42.573844
0.016637	-0.765066	-9.105890	-27.614722	-42.639215
0.016963	-0.755731	-9.123791	-27.688171	-42.704674
0.017284	-0.746233	-9.141789	-27.761514	-42.770223
0.017603	-0.736607	-9.159887	-27.834751	-42.835866
0.017919	-0.725888	-9.178083	-27.907877	-42.901604
0.018234	-0.715107	-9.196378	-27.980891	-42.967439
0.018548	-0.703293	-9.214772	-28.053789	-43.033375
0.000000	0.000000	-9.214772	-28.053789	-43.033375
