0.047059	-0.910411	0.000000	0.000000	0.000000
0.042943	-0.850992	0.099999	0.000289	-0.000372
0.038996	-0.780609	0.199995	0.000860	-0.001066
0.035272	-0.696912	0.299987	0.001709	-0.002035
0.031838	-0.597217	0.399973	0.002828	-0.003230
0.028773	-0.478801	0.499954	0.004211	-0.004605
0.026166	-0.340620	0.599929	0.005849	-0.006112
0.024110	-0.180575	0.699899	0.007733	-0.007706
0.022684	-0.004046	0.799863	0.009855	-0.009343
0.021927	0.182400	0.899822	0.012203	-0.010982
0.021813	0.368447	0.999776	0.014767	-0.012580
0.022253	0.544374	1.099726	0.017534	-0.014100
0.023113	0.703984	1.199673	0.020492	-0.015504
0.024249	0.845276	1.299616	0.023626	-0.016759
0.025530	0.968324	1.399556	0.026920	-0.017833
0.026846	1.076760	1.499493	0.030359	-0.018696
0.028111	1.174693	1.599427	0.033926	-0.019322
0.029259	1.263163	1.699359	0.037600	-0.019690
0.030241	1.345957	1.799288	0.041363	-0.019778
0.031024	1.425604	1.899215	0.045193	-0.019572
0.031587	1.504452	1.999138	0.049068	-0.019058
0.031929	1.584663	2.099059	0.052964	-0.018229
0.032094	1.667800	2.198977	0.056855	-0.017082
0.032139	1.753975	2.298891	0.060715	-0.015614
0.032129	1.845910	2.398803	0.064516	-0.013831
0.032130	1.941879	2.498712	0.068229	-0.011739
0.032210	2.043618	2.598619	0.071825	-0.009347
0.032434	2.148271	2.698524	0.075275	-0.006669
0.032860	2.256390	2.798426	0.078547	-0.003719
0.033531	2.364057	2.898328	0.081611	-0.000515
0.034477	2.470112	2.998229	0.084435	0.002924
0.035709	2.573435	3.098130	0.086989	0.006577
0.037218	2.670218	3.198030	0.089242	0.010421
0.038984	2.760129	3.297931	0.091164	0.014435
0.040972	2.842367	3.397833	0.092723	0.018592
0.043142	2.917608	3.497734	0.093890	0.022870
0.045448	2.983901	3.597636	0.094637	0.027244
0.047843	3.042543	3.697536	0.094935	0.031687
0.050282	3.093973	3.797435	0.094756	0.036178
0.052719	3.139688	3.897331	0.094076	0.040691
0.055112	-3.105003	3.997222	0.092868	0.045203
0.057424	-3.072158	4.097106	0.091109	0.049695
0.059637	-3.043043	4.196979	0.088778	0.054144
0.061743	-3.018807	4.296840	0.085854	0.058534
0.063739	-2.997754	4.396685	0.082317	0.062846
0.065624	-2.979314	4.496509	0.078150	0.067064
0.067399	-2.962010	4.596308	0.073337	0.071174
0.069068	-2.947444	4.696078	0.067861	0.075161
0.070637	-2.934277	4.795815	0.061709	0.079011
0.072110	-2.921218	4.895512	0.054868	0.082714
0.073496	-2.910011	4.995164	0.047325	0.086255
0.074801	-2.899434	5.094766	0.039069	0.089624
0.076034	-2.888287	5.194311	0.030091	0.092809
0.077204	-2.878389	5.293793	0.020380	0.095801
0.078319	-2.867579	5.393206	0.009928	0.098587
0.079389	-2.857706	5.492544	-0.001273	0.101156
0.080424	-2.846633	5.591799	-0.013230	0.103499
0.081433	-2.836234	5.690964	-0.025949	0.105603
0.082428	-2.824393	5.790033	-0.039438	0.107456
0.083420	-2.813004	5.888998	-0.053701	0.109048
0.084420	-2.799970	5.987851	-0.068745	0.110365
0.085437	-2.786233	6.086585	-0.084572	0.111394
0.086475	-2.772852	6.185192	-0.101188	0.112119
0.087533	-2.757909	6.283664	-0.118597	0.112528
0.088612	-2.742483	6.381993	-0.136803	0.112603
0.089711	-2.726651	6.480170	-0.155808	0.112327
0.090830	-2.711484	6.578187	-0.175616	0.111685
0.091967	-2.695050	6.676034	-0.196229	0.110657
0.093123	-2.679412	6.773702	-0.217650	0.109227
0.094296	-2.662632	6.871183	-0.239879	0.107376
0.095484	-2.646764	6.968465	-0.262919	0.105084
0.096686	-2.629861	7.065540	-0.286769	0.102334
0.097899	-2.613972	7.162398	-0.311432	0.099106
0.099123	-2.598140	7.259027	-0.336905	0.095379
0.100353	-2.581406	7.355417	-0.363191	0.091136
0.101587	-2.565809	7.451558	-0.390286	0.086356
0.102823	-2.551380	7.547437	-0.418190	0.081019
0.104057	-2.536152	7.643044	-0.446901	0.075106
0.105286	-2.521151	7.738367	-0.476418	0.068600
0.106506	-2.507402	7.833393	-0.506737	0.061479
0.107714	-2.492927	7.928111	-0.537856	0.053727
0.108905	-2.479739	8.022508	-0.569772	0.045324
0.110081	-2.466829	8.116571	-0.602481	0.036254
0.111239	-2.454184	8.210288	-0.635978	0.026498
0.112381	-2.441791	8.303644	-0.670259	0.016040
0.113506	-2.429638	8.396627	-0.705319	0.004864
0.114615	-2.418714	8.489223	-0.741154	-0.007047
0.115707	-2.407009	8.581419	-0.777756	-0.019708
0.116783	-2.395513	8.673199	-0.815121	-0.033135
0.117843	-2.385217	8.764550	-0.853241	-0.047342
0.118886	-2.374113	8.855457	-0.892110	-0.062343
0.119913	-2.364193	8.945907	-0.931720	-0.078153
0.120924	-2.353450	9.035883	-0.972064	-0.094786
0.121919	-2.342878	9.125371	-1.013133	-0.112254
0.122898	-2.332470	9.214357	-1.054918	-0.130571
0.123862	-2.322221	9.302825	-1.097410	-0.149750
0.124811	-2.312125	9.390761	-1.140598	-0.169803
0.125744	-2.302177	9.478148	-1.184473	-0.190744
0.126662	-2.292373	9.564971	-1.229024	-0.212582
0.127565	-2.282708	9.651216	-1.274239	-0.235330
0.128454	-2.272179	9.736866	-1.320107	-0.258999
0.129328	-2.261784	9.821906	-1.366615	-0.283599
0.130185	-2.251524	9.906320	-1.413750	-0.309142
0.131022	-2.241403	9.990094	-1.461499	-0.335638
0.131838	-2.231424	10.073212	-1.509846	-0.363097
0.132630	-2.221588	10.155658	-1.558778	-0.391528
0.133394	-2.210897	10.237417	-1.608279	-0.420941
0.134130	-2.200353	10.318474	-1.658334	-0.451343
0.134833	-2.190955	10.398813	-1.708925	-0.482744
0.135502	-2.179704	10.478421	-1.760037	-0.515151
0.136134	-2.169599	10.557283	-1.811650	-0.548571
0.136726	-2.159641	10.635384	-1.863748	-0.583011
0.137276	-2.148828	10.712709	-1.916311	-0.618476
0.137781	-2.139159	10.789247	-1.969321	-0.654973
0.138239	-2.128633	10.864982	-2.022757	-0.692506
0.138646	-2.118249	10.939902	-2.076601	-0.731078
0.139001	-2.108004	11.013995	-2.130831	-0.770694
0.139300	-2.097896	11.087247	-2.185427	-0.811354
0.139541	-2.086925	11.159649	-2.240368	-0.853063
0.139721	-2.077086	11.231188	-2.295631	-0.895819
0.139838	-2.067378	11.301854	-2.351194	-0.939625
0.139891	-2.056792	11.371638	-2.407038	-0.984478
0.139889	-2.046291	11.440529	-2.463137	-1.030378
0.139843	-2.035835	11.508520	-2.519471	-1.077323
0.139764	-2.025386	11.575602	-2.576015	-1.125310
0.139664	-2.014906	11.641769	-2.632747	-1.174335
0.139555	-2.004361	11.707012	-2.689643	-1.224396
0.139448	-1.993719	11.771326	-2.746681	-1.275488
0.139355	-1.981949	11.834704	-2.803837	-1.327607
0.139288	-1.970024	11.897141	-2.861086	-1.380749
0.139259	-1.958917	11.958632	-2.918405	-1.434911
0.139280	-1.945606	12.019170	-2.975768	-1.490088
0.139363	-1.933071	12.078753	-3.033150	-1.546278
0.139521	-1.920295	12.137373	-3.090525	-1.603477
0.139766	-1.906265	12.195028	-3.147868	-1.661681
0.140112	-1.891970	12.251712	-3.205150	-1.720890
0.140569	-1.877405	12.307420	-3.262346	-1.781100
0.141152	-1.861570	12.362148	-3.319425	-1.842311
0.141874	-1.845466	12.415891	-3.376358	-1.904522
0.142747	-1.829103	12.468644	-3.433115	-1.967735
0.143784	-1.811492	12.520402	-3.489664	-2.031949
0.144992	-1.793675	12.571159	-3.545970	-2.097166
0.146355	-1.775782	12.620909	-3.602000	-2.163390
0.147847	-1.756961	12.669646	-3.657717	-2.230622
0.149444	-1.739343	12.717364	-3.713085	-2.298867
0.151119	-1.721050	12.764056	-3.768066	-2.368128
0.152847	-1.703190	12.809714	-3.822622	-2.438405
0.154601	-1.686858	12.854333	-3.876713	-2.509702
0.156354	-1.670140	12.897904	-3.930302	-2.582020
0.158077	-1.656114	12.940421	-3.983350	-2.655356
0.159744	-1.642847	12.981874	-4.035820	-2.729710
0.161325	-1.631404	13.022255	-4.087678	-2.805077
0.162794	-1.621844	13.061555	-4.138888	-2.881451
0.164123	-1.614224	13.099762	-4.189421	-2.958824
0.165283	-1.609604	13.136866	-4.239248	-3.037186
0.166247	-1.607042	13.172854	-4.288344	-3.116524
0.166990	-1.607604	13.207712	-4.336689	-3.196822
0.167483	-1.610362	13.241424	-4.384266	-3.278061
0.167703	-1.616396	13.273975	-4.431063	-3.360223
0.167623	-1.624802	13.305348	-4.477074	-3.443281
0.167221	-1.635689	13.335525	-4.522297	-3.527211
0.166484	-1.650143	13.364490	-4.566734	-3.611983
0.165435	-1.667095	13.392225	-4.610396	-3.697566
0.164106	-1.686440	13.418713	-4.653297	-3.783925
0.162530	-1.706078	13.443938	-4.695455	-3.871025
0.160741	-1.727911	13.467887	-4.736893	-3.958828
0.158770	-1.750838	13.490549	-4.777635	-4.047295
0.156648	-1.773751	13.511914	-4.817710	-4.136388
0.154406	-1.796533	13.531975	-4.857144	-4.226068
0.152073	-1.820055	13.550728	-4.895967	-4.316296
0.149677	-1.844171	13.568171	-4.934210	-4.407033
0.147244	-1.866716	13.584304	-4.971902	-4.498242
0.144798	-1.889506	13.599131	-5.009074	-4.589885
0.142361	-1.912332	13.612655	-5.045754	-4.681927
0.139952	-1.932960	13.624883	-5.081971	-4.774332
0.137590	-1.953132	13.635823	-5.117751	-4.867069
0.135291	-1.971563	13.645485	-5.153120	-4.960105
0.133067	-1.988940	13.653879	-5.188100	-5.053410
0.130931	-2.002928	13.661018	-5.222711	-5.146958
0.128894	-2.015165	13.666915	-5.256970	-5.240721
0.126965	-2.024270	13.671582	-5.290891	-5.334676
0.125152	-2.029918	13.675035	-5.324484	-5.428801
0.123446	-2.032078	13.677288	-5.357755	-5.523077
0.121838	-2.030806	13.678356	-5.390705	-5.617487
0.120319	-2.026176	13.678256	-5.423333	-5.712014
0.118887	-2.018275	13.677003	-5.455632	-5.806646
0.117535	-2.008205	13.674613	-5.487593	-5.901371
0.116264	-1.995079	13.671105	-5.519205	-5.996178
0.115070	-1.978027	13.666494	-5.550454	-6.091058
0.113955	-1.959187	13.660800	-5.581322	-6.186004
0.112917	-1.937713	13.654040	-5.611790	-6.281009
0.111957	-1.913768	13.646234	-5.641835	-6.376069
0.111072	-1.888524	13.637403	-5.671434	-6.471179
0.110263	-1.860165	13.627567	-5.700564	-6.566335
0.109526	-1.830881	13.616747	-5.729197	-6.661535
0.108857	-1.798866	13.604966	-5.757305	-6.756778
0.108252	-1.766321	13.592248	-5.784862	-6.852061
0.107704	-1.733446	13.578618	-5.811836	-6.947384
0.107205	-1.699443	13.564100	-5.838202	-7.042747
0.106745	-1.665508	13.548722	-5.863930	-7.138150
0.106314	-1.632839	13.532510	-5.888993	-7.233591
0.105899	-1.600603	13.515490	-5.913365	-7.329070
0.105493	-1.569879	13.497690	-5.937023	-7.424587
0.105088	-1.539718	13.479136	-5.959943	-7.520140
0.104674	-1.512169	13.459854	-5.982106	-7.615728
0.104244	-1.486280	13.439871	-6.003493	-7.711348
0.103789	-1.463092	13.419210	-6.024089	-7.806998
0.103301	-1.440646	13.397895	-6.043879	-7.902675
0.102770	-1.420981	13.375948	-6.062851	-7.998374
0.102189	-1.402135	13.353391	-6.080998	-8.094092
0.101548	-1.386146	13.330245	-6.098310	-8.189824
0.100839	-1.372051	13.306527	-6.114782	-8.285564
0.100053	-1.359889	13.282257	-6.130410	-8.381306
0.099181	-1.348704	13.257450	-6.145194	-8.477046
0.098217	-1.339540	13.232123	-6.159134	-8.572776
0.097150	-1.332449	13.206290	-6.172232	-8.668489
0.095975	-1.326488	13.179965	-6.184493	-8.764180
0.094682	-1.321724	13.153162	-6.195922	-8.859841
0.093265	-1.319235	13.125893	-6.206528	-8.955464
0.091718	-1.317112	13.098168	-6.216321	-9.051044
0.090033	-1.317464	13.070000	-6.225313	-9.146572
0.088209	-1.318397	13.041399	-6.233517	-9.242043
0.086254	-1.320939	13.012375	-6.240951	-9.337449
0.084181	-1.325114	12.982938	-6.247630	-9.432785
0.082004	-1.329954	12.953097	-6.253575	-9.528043
0.079737	-1.337511	12.922861	-6.258806	-9.623219
0.077394	-1.345844	12.892239	-6.263345	-9.718306
0.074990	-1.356029	12.861237	-6.267216	-9.813301
0.072542	-1.368152	12.829864	-6.270442	-9.908197
0.070064	-1.382308	12.798126	-6.273051	-10.002991
0.067574	-1.398602	12.766029	-6.275067	-10.097678
0.065087	-1.417141	12.733579	-6.276517	-10.192256
0.062621	-1.437035	12.700781	-6.277430	-10.286720
0.060194	-1.460387	12.667639	-6.277832	-10.381067
0.057822	-1.486288	12.634157	-6.277752	-10.475295
0.055523	-1.513803	12.600340	-6.277217	-10.569402
0.053315	-1.544961	12.566189	-6.276256	-10.663385
0.051213	-1.577738	12.531707	-6.274895	-10.757242
0.049235	-1.614042	12.496897	-6.273164	-10.850972
0.047393	-1.651691	12.461760	-6.271087	-10.944573
0.045700	-1.692401	12.426298	-6.268691	-11.038043
0.044165	-1.733815	12.390511	-6.266002	-11.131381
0.042789	-1.777655	12.354400	-6.263044	-11.224587
0.041571	-1.822629	12.317966	-6.259839	-11.317658
0.040506	-1.867396	12.281208	-6.256412	-11.410594
0.039590	-1.913574	12.244127	-6.252783	-11.503394
0.038818	-1.959750	12.206721	-6.248973	-11.596056
0.038181	-2.005503	12.168991	-6.245001	-11.688580
0.037671	-2.050414	12.130935	-6.240886	-11.780964
0.037279	-2.094086	12.092553	-6.236647	-11.873207
0.036994	-2.136153	12.053844	-6.232299	-11.965309
0.036803	-2.176298	12.014806	-6.227859	-12.057267
0.036696	-2.214252	11.975439	-6.223341	-12.149081
0.036662	-2.249802	11.935741	-6.218760	-12.240750
0.036688	-2.283789	11.895711	-6.214128	-12.332271
0.036764	-2.314100	11.855348	-6.209459	-12.423644
0.036879	-2.342667	11.814650	-6.204762	-12.514867
0.037024	-2.368460	11.773616	-6.200049	-12.605938
0.037190	-2.390474	11.732245	-6.195328	-12.696856
0.037369	-2.410730	11.690536	-6.190609	-12.787620
0.037553	-2.429263	11.648488	-6.185899	-12.878228
0.037736	-2.444140	11.606099	-6.181204	-12.968678
0.037915	-2.456531	11.563369	-6.176532	-13.058968
0.038086	-2.467626	11.520297	-6.171885	-13.149096
0.038246	-2.475609	11.476882	-6.167270	-13.239062
0.038394	-2.482660	11.433123	-6.162688	-13.328863
0.038529	-2.487953	11.389021	-6.158144	-13.418498
0.038652	-2.490655	11.344574	-6.153639	-13.507964
0.038760	-2.492927	11.299783	-6.149174	-13.597260
0.038855	-2.492926	11.254646	-6.144751	-13.686384
0.038938	-2.492805	11.209165	-6.140369	-13.775335
0.039008	-2.490713	11.163338	-6.136029	-13.864110
0.039066	-2.487795	11.117166	-6.131731	-13.952708
0.039112	-2.484195	11.070649	-6.127472	-14.041128
0.039149	-2.480055	11.023788	-6.123252	-14.129367
0.039175	-2.475515	10.976581	-6.119070	-14.217425
0.039191	-2.469714	10.929031	-6.114923	-14.305298
0.039198	-2.464791	10.881137	-6.110810	-14.392986
0.039196	-2.457885	10.832899	-6.106728	-14.480488
0.039185	-2.452134	10.784319	-6.102675	-14.567801
0.039165	-2.445678	10.735398	-6.098649	-14.654924
0.039137	-2.439633	10.686135	-6.094647	-14.741856
0.039100	-2.433026	10.636533	-6.090668	-14.828595
0.039055	-2.427861	10.586591	-6.086707	-14.915141
0.039002	-2.422142	10.536311	-6.082764	-15.001491
0.038941	-2.415876	10.485695	-6.078837	-15.087646
0.038873	-2.411070	10.434744	-6.074922	-15.173603
0.038799	-2.405729	10.383458	-6.071018	-15.259361
0.038718	-2.400863	10.331839	-6.067123	-15.344920
0.038631	-2.396478	10.279890	-6.063236	-15.430279
0.038539	-2.392584	10.227610	-6.059354	-15.515437
0.038442	-2.390190	10.175003	-6.055476	-15.600392
0.038341	-2.387306	10.122069	-6.051601	-15.685144
0.038236	-2.384942	10.068810	-6.047728	-15.769693
0.038128	-2.383109	10.015228	-6.043857	-15.854037
0.038017	-2.382816	9.961325	-6.039986	-15.938177
0.037904	-2.382076	9.907102	-6.036116	-16.022111
0.037791	-2.382899	9.852561	-6.032246	-16.105838
0.037677	-2.384296	9.797703	-6.028377	-16.189359
0.037563	-2.387278	9.742531	-6.024509	-16.272672
0.037450	-2.390856	9.687046	-6.020644	-16.355777
0.037339	-2.395028	9.631250	-6.016782	-16.438674
0.037231	-2.399747	9.575145	-6.012926	-16.521362
0.037123	-2.405952	9.518732	-6.009078	-16.603841
0.037016	-2.412582	9.462013	-6.005238	-16.686109
0.036911	-2.419577	9.404989	-6.001411	-16.768168
0.036805	-2.427876	9.347662	-5.997599	-16.850016
0.036699	-2.436418	9.290035	-5.993804	-16.931654
0.036591	-2.445140	9.232107	-5.990030	-17.013080
0.036482	-2.453983	9.173883	-5.986280	-17.094294
0.036370	-2.463885	9.115362	-5.982557	-17.175297
0.036255	-2.472785	9.056547	-5.978865	-17.256088
0.036135	-2.482623	8.997441	-5.975207	-17.336667
0.036010	-2.492337	8.938044	-5.971586	-17.417034
0.035879	-2.500866	8.878358	-5.968006	-17.497190
0.035740	-2.510152	8.818387	-5.964470	-17.577133
0.035591	-2.519131	8.758131	-5.960981	-17.656864
0.035433	-2.527744	8.697594	-5.957541	-17.736384
0.035263	-2.535927	8.636777	-5.954155	-17.815692
0.035080	-2.543619	8.575683	-5.950823	-17.894790
0.034882	-2.550754	8.514315	-5.947550	-17.973677
0.034669	-2.557282	8.452674	-5.944336	-18.052354
0.034442	-2.563208	8.390764	-5.941184	-18.130822
0.034200	-2.567551	8.328587	-5.938096	-18.209081
0.033946	-2.572330	8.266147	-5.935073	-18.287133
0.033681	-2.575560	8.203446	-5.932115	-18.364977
0.033405	-2.579255	8.140486	-5.929223	-18.442616
0.033121	-2.581431	8.077272	-5.926398	-18.520049
0.032829	-2.584100	8.013805	-5.923640	-18.597279
0.032531	-2.585274	7.950089	-5.920950	-18.674305
0.032228	-2.585966	7.886128	-5.918327	-18.751130
0.031922	-2.586189	7.821923	-5.915771	-18.827753
0.031614	-2.585953	7.757478	-5.913281	-18.904178
0.031306	-2.585272	7.692796	-5.910857	-18.980403
0.030998	-2.584159	7.627880	-5.908498	-19.056432
0.030693	-2.581627	7.562732	-5.906202	-19.132264
0.030392	-2.579692	7.497356	-5.903969	-19.207901
0.030096	-2.576368	7.431754	-5.901798	-19.283344
0.029808	-2.573674	7.365929	-5.899686	-19.358594
0.029527	-2.569629	7.299883	-5.897632	-19.433652
0.029257	-2.565255	7.233619	-5.895635	-19.508520
0.028998	-2.560579	7.167140	-5.893693	-19.583197
0.028751	-2.555658	7.100447	-5.891805	-19.657685
0.028514	-2.550557	7.033544	-5.889967	-19.731985
0.028289	-2.545342	6.966431	-5.888179	-19.806098
0.028074	-2.540082	6.899111	-5.886439	-19.880024
0.027870	-2.534848	6.831586	-5.884744	-19.953763
0.027675	-2.528713	6.763858	-5.883094	-20.027317
0.027491	-2.523753	6.695929	-5.881486	-20.100686
0.027316	-2.519043	6.627799	-5.879918	-20.173870
0.027150	-2.514662	6.559472	-5.878389	-20.246871
0.026992	-2.510687	6.490948	-5.876898	-20.319687
0.026843	-2.507198	6.422230	-5.875443	-20.392321
0.026701	-2.504276	6.353318	-5.874024	-20.464772
0.026567	-2.502002	6.284214	-5.872638	-20.537040
0.026439	-2.501457	6.214919	-5.871286	-20.609126
0.026318	-2.500724	6.145436	-5.869967	-20.681031
0.026203	-2.501883	6.075764	-5.868681	-20.752754
0.026095	-2.504019	6.005906	-5.867429	-20.824296
0.025992	-2.507213	5.935863	-5.866209	-20.895658
0.025895	-2.512548	5.865636	-5.865024	-20.966838
0.025803	-2.518079	5.795226	-5.863874	-21.037839
0.025717	-2.525749	5.724635	-5.862760	-21.108660
0.025637	-2.535471	5.653863	-5.861686	-21.179302
0.025561	-2.545158	5.582913	-5.860652	-21.249765
0.025489	-2.556720	5.511785	-5.859661	-21.320049
0.025421	-2.569067	5.440481	-5.858716	-21.390154
0.025356	-2.582109	5.369001	-5.857821	-21.460082
0.025295	-2.595755	5.297349	-5.856977	-21.529833
0.025235	-2.609913	5.225523	-5.856189	-21.599407
0.025178	-2.624495	5.153527	-5.855459	-21.668804
0.025121	-2.640410	5.081362	-5.854792	-21.738026
0.025064	-2.655570	5.009029	-5.854190	-21.807074
0.025006	-2.670890	4.936529	-5.853657	-21.875947
0.024945	-2.687283	4.863864	-5.853198	-21.944646
0.024881	-2.702666	4.791037	-5.852815	-22.013174
0.024813	-2.717959	4.718048	-5.852512	-22.081529
0.024737	-2.733082	4.644899	-5.852293	-22.149714
0.024655	-2.748959	4.571592	-5.852160	-22.217730
0.024562	-2.763512	4.498130	-5.852118	-22.285577
0.024458	-2.777669	4.424513	-5.852168	-22.353257
0.024341	-2.790379	4.350744	-5.852314	-22.420771
0.024210	-2.803686	4.276825	-5.852558	-22.488121
0.024064	-2.816656	4.202759	-5.852903	-22.555307
0.023902	-2.828361	4.128546	-5.853351	-22.622332
0.023724	-2.840870	4.054191	-5.853903	-22.689196
0.023528	-2.852258	3.979694	-5.854562	-22.755903
0.023315	-2.863601	3.905058	-5.855329	-22.822453
0.023083	-2.874979	3.830286	-5.856206	-22.888849
0.022833	-2.885475	3.755381	-5.857193	-22.955092
0.022563	-2.897179	3.680344	-5.858291	-23.021186
0.022275	-2.909185	3.605180	-5.859502	-23.087131
0.021966	-2.920595	3.529890	-5.860827	-23.152932
0.021638	-2.932520	3.454478	-5.862265	-23.218589
0.021290	-2.945080	3.378947	-5.863817	-23.284107
0.020922	-2.958407	3.303300	-5.865485	-23.349489
0.020534	-2.972648	3.227540	-5.867268	-23.414736
0.020127	-2.986965	3.151671	-5.869166	-23.479854
0.019701	-3.003540	3.075697	-5.871179	-23.544845
0.019258	-3.020578	2.999621	-5.873309	-23.609713
0.018797	-3.039311	2.923447	-5.875554	-23.674463
0.018322	-3.059959	2.847179	-5.877915	-23.739098
0.017839	-3.081600	2.770822	-5.880391	-23.803622
0.017356	-3.106247	2.694379	-5.882984	-23.868041
0.016882	-3.131873	2.617856	-5.885692	-23.932359
0.016425	3.122788	2.541256	-5.888516	-23.996581
0.015992	3.093518	2.464584	-5.891456	-24.060712
0.015590	3.062736	2.387844	-5.894512	-24.124757
0.015226	3.030775	2.311041	-5.897685	-24.188719
0.014907	2.998070	2.234178	-5.900975	-24.252604
0.014636	2.965164	2.157260	-5.904382	-24.316416
0.014420	2.932691	2.080290	-5.907907	-24.380160
0.014260	2.900367	2.003272	-5.911552	-24.443838
0.014159	2.870951	1.926209	-5.915317	-24.507454
0.014119	2.844217	1.849103	-5.919204	-24.571012
0.014142	2.819907	1.771958	-5.923215	-24.634514
0.014226	2.800700	1.694775	-5.927350	-24.697962
0.014374	2.785172	1.617555	-5.931612	-24.761357
0.014587	2.774774	1.540300	-5.936004	-24.824701
0.014865	2.769811	1.463011	-5.940528	-24.887992
0.015213	2.769434	1.385686	-5.945186	-24.951232
0.015631	2.774495	1.308327	-5.949983	-25.014418
0.016117	2.784160	1.230930	-5.954921	-25.077548
0.016662	2.797457	1.153496	-5.960004	-25.140620
0.017262	2.813468	1.076020	-5.965235	-25.203629
0.017910	2.830367	0.998501	-5.970620	-25.266571
0.018601	2.848435	0.920935	-5.976163	-25.329442
0.019327	2.867065	0.843318	-5.981867	-25.392237
0.020081	2.886758	0.765648	-5.987738	-25.454949
0.020855	2.904117	0.687919	-5.993779	-25.517573
0.021640	2.921832	0.610129	-5.999996	-25.580103
0.022427	2.938669	0.532272	-6.006393	-25.642532
0.023207	2.954454	0.454345	-6.012974	-25.704855
0.023970	2.969060	0.376345	-6.019744	-25.767065
0.024705	2.982397	0.298266	-6.026706	-25.829155
0.025402	2.994398	0.220105	-6.033865	-25.891120
0.026052	3.006016	0.141859	-6.041225	-25.952954
0.026642	3.015210	0.063525	-6.048788	-26.014651
0.027163	3.022940	-0.014900	-6.056557	-26.076207
0.027604	3.030162	-0.093419	-6.064536	-26.137617
0.027955	3.035821	-0.172032	-6.072726	-26.198877
0.028207	3.039895	-0.250743	-6.081128	-26.259984
0.028362	3.042537	-0.329551	-6.089745	-26.320934
0.028424	3.043917	-0.408457	-6.098576	-26.381728
0.028397	3.045175	-0.487461	-6.107622	-26.442363
0.028286	3.045432	-0.566562	-6.116882	-26.502838
0.028095	3.044788	-0.645759	-6.126356	-26.563155
0.027828	3.042333	-0.725050	-6.136041	-26.623313
0.027491	3.040147	-0.804435	-6.145937	-26.683315
0.027088	3.038306	-0.883910	-6.156040	-26.743161
0.026623	3.034879	-0.963474	-6.166349	-26.802855
0.026101	3.030937	-1.043124	-6.176860	-26.862398
0.025526	3.026552	-1.122858	-6.187570	-26.921793
0.024903	3.021799	-1.202671	-6.198474	-26.981046
0.024236	3.017763	-1.282563	-6.209570	-27.040158
0.023530	3.012536	-1.362528	-6.220852	-27.099135
0.022789	3.007225	-1.442565	-6.232316	-27.157979
0.022016	3.001957	-1.522669	-6.243957	-27.216697
0.021216	2.997878	-1.602838	-6.255769	-27.275293
0.020394	2.993167	-1.683068	-6.267746	-27.333771
0.019552	2.989038	-1.763356	-6.279884	-27.392136
0.018695	2.984703	-1.843699	-6.292174	-27.450394
0.017825	2.982223	-1.924094	-6.304612	-27.508548
0.016946	2.980623	-2.004538	-6.317191	-27.566605
0.016060	2.979940	-2.085027	-6.329904	-27.624568
0.015170	2.979224	-2.165561	-6.342743	-27.682443
0.014279	2.980539	-2.246135	-6.355703	-27.740235
0.013390	2.981968	-2.326747	-6.368775	-27.797948
0.012506	2.985614	-2.407396	-6.381952	-27.855586
0.011631	2.989606	-2.488077	-6.395228	-27.913155
0.010767	2.995108	-2.568791	-6.408595	-27.970659
0.009918	3.003322	-2.649533	-6.422046	-28.028102
0.009087	3.012500	-2.730303	-6.435574	-28.085488
0.008277	3.024963	-2.811099	-6.449171	-28.142823
0.007492	3.039112	-2.891918	-6.462832	-28.200109
0.006734	3.057457	-2.972758	-6.476549	-28.257350
0.006009	3.078646	-3.053619	-6.490315	-28.314551
0.005318	3.105510	-3.134499	-6.504126	-28.371716
0.004666	3.138106	-3.215396	-6.517973	-28.428846
0.004057	-3.106408	-3.296309	-6.531853	-28.485947
0.003495	-3.057983	-3.377236	-6.545760	-28.543021
0.002982	-2.998628	-3.458176	-6.559688	-28.600070
0.002520	-2.924916	-3.539129	-6.573633	-28.657098
0.002110	-2.830976	-3.620092	-6.587591	-28.714108
0.001755	-2.712320	-3.701065	-6.601557	-28.771101
0.001459	-2.560170	-3.782048	-6.615530	-28.828081
0.001227	-2.367743	-3.863038	-6.629505	-28.885048
0.001066	-2.134288	-3.944035	-6.643480	-28.942005
0.000975	-1.876860	-4.025039	-6.657452	-28.998954
0.000946	-1.621788	-4.106048	-6.671420	-29.055897
0.000962	-1.396564	-4.187061	-6.685381	-29.112834
0.001001	-1.210127	-4.268079	-6.699335	-29.169768
0.001049	-1.058516	-4.349100	-6.713279	-29.226699
0.001094	-0.935863	-4.430123	-6.727213	-29.283629
0.001129	-0.833177	-4.511149	-6.741136	-29.340559
0.001151	-0.742804	-4.592176	-6.755048	-29.397489
0.001158	-0.661429	-4.673204	-6.768949	-29.454421
0.001151	-0.583676	-4.754232	-6.782838	-29.511356
0.001130	-0.505675	-4.835260	-6.796717	-29.568293
0.001097	-0.423690	-4.916287	-6.810584	-29.625234
0.001054	-0.333806	-4.997313	-6.824442	-29.682179
0.001004	-0.231907	-5.078337	-6.838290	-29.739129
0.000951	-0.115252	-5.159359	-6.852130	-29.796085
0.000901	0.021521	-5.240378	-6.865963	-29.853045
0.000859	0.178479	-5.321394	-6.879790	-29.910012
0.000832	0.356601	-5.402407	-6.893612	-29.966985
0.000826	0.547998	-5.483416	-6.907431	-30.023964
0.000845	0.744011	-5.564420	-6.921248	-30.080950
0.000891	0.930416	-5.645419	-6.935065	-30.137944
0.000961	1.098842	-5.726413	-6.948883	-30.194944
0.001050	1.246005	-5.807401	-6.962705	-30.251951
0.001154	1.369956	-5.888384	-6.976532	-30.308966
0.001268	1.474136	-5.969360	-6.990365	-30.365987
0.001387	1.562762	-6.050330	-7.004206	-30.423016
0.001509	1.636954	-6.131293	-7.018058	-30.480052
0.001630	1.701401	-6.212249	-7.031920	-30.537095
0.001747	1.756304	-6.293199	-7.045796	-30.594145
0.001858	1.805425	-6.374141	-7.059687	-30.651201
0.001961	1.849171	-6.455076	-7.073593	-30.708263
0.002053	1.888675	-6.536004	-7.087517	-30.765332
0.002133	1.924864	-6.616924	-7.101459	-30.822406
0.002200	1.958542	-6.697838	-7.115420	-30.879486
0.002253	1.990443	-6.778745	-7.129402	-30.936570
0.002295	2.022137	-6.859645	-7.143404	-30.993659
0.002325	2.052045	-6.940538	-7.157429	-31.050752
0.002346	2.082485	-7.021425	-7.171475	-31.107848
0.002358	2.112689	-7.102306	-7.185544	-31.164947
0.002362	2.141822	-7.183182	-7.199636	-31.222048
0.002361	2.171990	-7.264052	-7.213751	-31.279151
0.002354	2.202244	-7.344918	-7.227889	-31.336255
0.002343	2.232578	-7.425779	-7.242050	-31.393359
0.002329	2.262937	-7.506637	-7.256234	-31.450464
0.002314	2.293209	-7.587490	-7.270441	-31.507568
0.002297	2.323225	-7.668341	-7.284671	-31.564671
0.002281	2.352764	-7.749188	-7.298924	-31.621772
0.002266	2.381546	-7.830034	-7.313199	-31.678870
0.002253	2.409241	-7.910877	-7.327497	-31.735966
0.002242	2.435475	-7.991719	-7.341817	-31.793058
0.002235	2.459835	-8.072559	-7.356159	-31.850147
0.002232	2.481885	-8.153399	-7.370523	-31.907232
0.002234	2.501181	-8.234238	-7.384908	-31.964311
0.002240	2.516407	-8.315077	-7.399316	-32.021386
0.002251	2.529772	-8.395915	-7.413745	-32.078456
0.002263	2.539659	-8.476754	-7.428196	-32.135520
0.002277	2.548481	-8.557592	-7.442669	-32.192579
0.002290	2.554666	-8.638431	-7.457164	-32.249632
0.002301	2.559646	-8.719270	-7.471681	-32.306678
0.002309	2.564845	-8.800109	-7.486221	-32.363719
0.002312	2.568685	-8.880949	-7.500782	-32.420753
0.002310	2.572584	-8.961790	-7.515366	-32.477781
0.002301	2.577971	-9.042630	-7.529972	-32.534802
0.002284	2.583290	-9.123472	-7.544600	-32.591817
0.002258	2.591029	-9.204314	-7.559249	-32.648825
0.002220	2.599740	-9.285157	-7.573921	-32.705827
0.002172	2.612081	-9.366001	-7.588613	-32.762822
0.002110	2.626872	-9.446845	-7.603327	-32.819810
0.002035	2.647175	-9.527691	-7.618060	-32.876792
0.001945	2.673428	-9.608539	-7.632812	-32.933766
0.001841	2.707640	-9.689387	-7.647582	-32.990734
0.001723	2.752717	-9.770238	-7.662370	-33.047695
0.001591	2.812985	-9.851091	-7.677172	-33.104649
0.001450	2.895642	-9.931946	-7.691989	-33.161595
0.001308	3.006135	-10.012804	-7.706818	-33.218534
0.001176	-3.127896	-10.093666	-7.721657	-33.275465
0.001071	-2.934700	-10.174532	-7.736504	-33.332389
0.001013	-2.697754	-10.255403	-7.751356	-33.389305
0.001017	-2.439415	-10.336278	-7.766212	-33.446212
0.001089	-2.194428	-10.417160	-7.781068	-33.503112
0.001218	-1.988707	-10.498047	-7.795922	-33.560002
0.001388	-1.828419	-10.578942	-7.810771	-33.616884
0.001583	-1.707462	-10.659845	-7.825613	-33.673757
0.001792	-1.616821	-10.740755	-7.840446	-33.730621
0.002005	-1.548697	-10.821675	-7.855266	-33.787475
0.002216	-1.497309	-10.902604	-7.870071	-33.844319
0.002418	-1.458605	-10.983544	-7.884860	-33.901153
0.002607	-1.429803	-11.064494	-7.899629	-33.957977
0.002780	-1.410019	-11.145455	-7.914377	-34.014791
0.002933	-1.396010	-11.226428	-7.929103	-34.071594
0.003062	-1.389004	-11.307413	-7.943804	-34.128385
0.003165	-1.386604	-11.388411	-7.958480	-34.185165
0.003239	-1.390733	-11.469422	-7.973130	-34.241933
0.003282	-1.400456	-11.550447	-7.987753	-34.298689
0.003297	-1.415468	-11.631485	-8.002349	-34.355432
0.003287	-1.435547	-11.712537	-8.016917	-34.412163
0.003253	-1.461648	-11.793603	-8.031460	-34.468879
0.003201	-1.491861	-11.874684	-8.045977	-34.525582
0.003132	-1.528369	-11.955779	-8.060469	-34.582271
0.003051	-1.569421	-12.036889	-8.074938	-34.638944
0.002960	-1.617288	-12.118013	-8.089385	-34.695602
0.002865	-1.671221	-12.199152	-8.103811	-34.752245
0.002767	-1.730389	-12.280306	-8.118220	-34.808871
0.002672	-1.796807	-12.361474	-8.132611	-34.865481
0.002581	-1.869251	-12.442656	-8.146988	-34.922073
0.002499	-1.946179	-12.523853	-8.161352	-34.978648
0.002426	-2.028672	-12.605065	-8.175706	-35.035206
0.002366	-2.113425	-12.686290	-8.190051	-35.091745
0.002318	-2.200804	-12.767529	-8.204390	-35.148266
0.002282	-2.286977	-12.848781	-8.218725	-35.204769
0.002257	-2.372085	-12.930047	-8.233058	-35.261254
0.002239	-2.452422	-13.011325	-8.247390	-35.317719
0.002225	-2.527563	-13.092616	-8.261724	-35.374167
0.002212	-2.596703	-13.173919	-8.276061	-35.430596
0.002198	-2.659400	-13.255235	-8.290403	-35.487007
0.002182	-2.718518	-13.336561	-8.304751	-35.543400
0.002163	-2.772877	-13.417898	-8.319106	-35.599776
0.002142	-2.825222	-13.499246	-8.333469	-35.656134
0.002118	-2.874211	-13.580604	-8.347841	-35.712476
0.002094	-2.921403	-13.661971	-8.362222	-35.768801
0.002069	-2.967255	-13.743347	-8.376615	-35.825111
0.002045	-3.012111	-13.824732	-8.391018	-35.881406
0.002024	-3.056193	-13.906124	-8.405434	-35.937686
0.002007	-3.099591	-13.987524	-8.419862	-35.993952
0.001994	3.140926	-14.068932	-8.434303	-36.050205
0.001989	3.099178	-14.150345	-8.448758	-36.106444
0.001991	3.058670	-14.231765	-8.463226	-36.162671
0.002003	3.019842	-14.313191	-8.477710	-36.218886
0.002027	2.983212	-14.394622	-8.492208	-36.275089
0.002063	2.949340	-14.476059	-8.506723	-36.331281
0.002112	2.917768	-14.557500	-8.521254	-36.387461
0.002177	2.890973	-14.638945	-8.535803	-36.443630
0.002257	2.867319	-14.720395	-8.550369	-36.499788
0.002355	2.849008	-14.801850	-8.564955	-36.555935
0.002467	2.833962	-14.883308	-8.579561	-36.612071
0.002590	2.822886	-14.964771	-8.594189	-36.668195
0.002722	2.815379	-15.046238	-8.608839	-36.724307
0.002860	2.811001	-15.127709	-8.623513	-36.780406
0.003001	2.808326	-15.209185	-8.638211	-36.836492
0.003144	2.808970	-15.290665	-8.652937	-36.892565
0.003284	2.810604	-15.372150	-8.667689	-36.948624
0.003420	2.814957	-15.453641	-8.682471	-37.004667
0.003550	2.819816	-15.535136	-8.697282	-37.060695
0.003670	2.826026	-15.616638	-8.712124	-37.116706
0.003779	2.833479	-15.698145	-8.726999	-37.172700
0.003874	2.842120	-15.779659	-8.741906	-37.228676
0.003953	2.851942	-15.861179	-8.756846	-37.284634
0.004013	2.862985	-15.942707	-8.771820	-37.340572
0.004053	2.875343	-16.024241	-8.786828	-37.396490
0.004069	2.889172	-16.105783	-8.801870	-37.452389
0.004059	2.904703	-16.187334	-8.816947	-37.508266
0.004023	2.923260	-16.268892	-8.832057	-37.564122
0.003956	2.943300	-16.350459	-8.847200	-37.619957
0.003859	2.966372	-16.432035	-8.862375	-37.675770
0.003735	2.992873	-16.513621	-8.877580	-37.731562
0.003588	3.023213	-16.595215	-8.892815	-37.787332
0.003423	3.057889	-16.676819	-8.908077	-37.843080
0.003245	3.098480	-16.758433	-8.923364	-37.898808
0.003059	-3.139556	-16.840056	-8.938673	-37.954515
0.002868	-3.088170	-16.921689	-8.954004	-38.010201
0.002679	-3.028902	-17.003333	-8.969353	-38.065868
0.002495	-2.962254	-17.084986	-8.984718	-38.121516
0.002322	-2.889042	-17.166650	-9.000096	-38.177145
0.002162	-2.807643	-17.248323	-9.015486	-38.232757
0.002021	-2.720252	-17.330006	-9.030884	-38.288351
0.001898	-2.629116	-17.411700	-9.046288	-38.343930
0.001795	-2.536597	-17.493403	-9.061698	-38.399492
0.001710	-2.449006	-17.575116	-9.077109	-38.455040
0.001640	-2.369224	-17.656838	-9.092522	-38.510573
0.001580	-2.304298	-17.738569	-9.107935	-38.566093
0.001525	-2.257234	-17.820310	-9.123346	-38.621600
0.001472	-2.234127	-17.902059	-9.138756	-38.677095
0.001418	-2.239562	-17.983816	-9.154163	-38.732577
0.001366	-2.280877	-18.065582	-9.169569	-38.788049
0.001321	-2.357233	-18.147356	-9.184972	-38.843509
0.001293	-2.467766	-18.229137	-9.200376	-38.898958
0.001293	-2.606203	-18.310925	-9.215780	-38.954397
0.001334	-2.760645	-18.392720	-9.231188	-39.009825
0.001419	-2.914971	-18.474521	-9.246600	-39.065242
0.001549	-3.058129	-18.556328	-9.262019	-39.120648
0.001717	3.102270	-18.638141	-9.277448	-39.176044
0.001914	3.000342	-18.719959	-9.292889	-39.231428
0.002132	2.917339	-18.801781	-9.308344	-39.286802
0.002362	2.850062	-18.883608	-9.323817	-39.342164
0.002596	2.795258	-18.965439	-9.339311	-39.397514
0.002827	2.750097	-19.047274	-9.354827	-39.452853
0.003047	2.712266	-19.129112	-9.370369	-39.508180
0.003252	2.679914	-19.210953	-9.385938	-39.563495
0.003435	2.651553	-19.292796	-9.401538	-39.618798
0.003592	2.625955	-19.374640	-9.417170	-39.674089
0.003716	2.602059	-19.456487	-9.432836	-39.729368
0.003804	2.578894	-19.538334	-9.448537	-39.784635
0.003849	2.554490	-19.620182	-9.464274	-39.839892
0.003850	2.529891	-19.702030	-9.480049	-39.895138
0.003807	2.502429	-19.783877	-9.495860	-39.950374
0.003725	2.472475	-19.865724	-9.511709	-40.005602
0.003605	2.439286	-19.947568	-9.527594	-40.060821
0.003452	2.401943	-20.029410	-9.543515	-40.116034
0.003269	2.359250	-20.111249	-9.559469	-40.171242
0.003059	2.309594	-20.193084	-9.575456	-40.226446
0.002828	2.250732	-20.274914	-9.591473	-40.281648
0.002580	2.179461	-20.356740	-9.607517	-40.336849
0.002321	2.091108	-20.438560	-9.623587	-40.392051
0.002061	1.979815	-20.520375	-9.639679	-40.447255
0.001811	1.833782	-20.602182	-9.655791	-40.502463
0.001590	1.641545	-20.683983	-9.671918	-40.557677
0.001426	1.393740	-20.765777	-9.688057	-40.612898
0.001352	1.094111	-20.847563	-9.704205	-40.668128
0.001392	0.779876	-20.929341	-9.720357	-40.723368
0.001544	0.497630	-21.011111	-9.736509	-40.778620
0.001785	0.268536	-21.092874	-9.752658	-40.833884
0.002086	0.091614	-21.174629	-9.768798	-40.889163
0.002428	-0.046456	-21.256376	-9.784925	-40.944455
0.002797	-0.156093	-21.338116	-9.801036	-40.999764
0.003187	-0.245985	-21.419850	-9.817124	-41.055089
0.003593	-0.321179	-21.501577	-9.833186	-41.110430
0.004014	-0.384095	-21.583300	-9.849217	-41.165788
0.004447	-0.438101	-21.665017	-9.865212	-41.221163
0.004890	-0.484883	-21.746731	-9.881166	-41.276556
0.005343	-0.525674	-21.828442	-9.897074	-41.331966
0.005804	-0.560400	-21.910152	-9.912932	-41.387393
0.006270	-0.590771	-21.991860	-9.928734	-41.442837
0.006742	-0.617345	-22.073569	-9.944476	-41.498298
0.007216	-0.640569	-22.155279	-9.960153	-41.553776
0.007691	-0.659803	-22.236990	-9.975759	-41.609271
0.008166	-0.677347	-22.318706	-9.991290	-41.664782
0.008640	-0.691445	-22.400425	-10.006742	-41.720309
0.009109	-0.704305	-22.482149	-10.022109	-41.775852
0.009573	-0.714099	-22.563879	-10.037386	-41.831412
0.010030	-0.722973	-22.645615	-10.052569	-41.886987
0.010477	-0.729051	-22.727359	-10.067653	-41.942579
0.010914	-0.734433	-22.809111	-10.082634	-41.998187
0.011339	-0.738205	-22.890871	-10.097508	-42.053811
0.011749	-0.740466	-22.972641	-10.112270	-42.109452
0.012145	-0.741411	-23.054419	-10.126916	-42.165110
0.012527	-0.741227	-23.136208	-10.141442	-42.220785
0.012897	-0.741070	-23.218006	-10.155844	-42.276478
0.013255	-0.739070	-23.299814	-10.170119	-42.332189
0.013600	-0.737337	-23.381631	-10.184264	-42.387919
0.013935	-0.733966	-23.463459	-10.198274	-42.443668
0.014259	-0.731037	-23.545297	-10.212146	-42.499438
0.014574	-0.726621	-23.627143	-10.225878	-42.555228
0.014880	-0.721778	-23.709000	-10.239466	-42.611040
0.015178	-0.717562	-23.790864	-10.252907	-42.666875
0.015468	-0.712021	-23.872738	-10.266199	-42.722733
0.015753	-0.706197	-23.954619	-10.279338	-42.778616
0.016031	-0.700128	-24.036507	-10.292322	-42.834524
0.016305	-0.692847	-24.118402	-10.305147	-42.890459
0.016574	-0.685387	-24.200303	-10.317813	-42.946422
0.016841	-0.677774	-24.282209	-10.330315	-43.002414
0.017105	-0.669035	-24.364120	-10.342651	-43.058437
0.017367	-0.660193	-24.446033	-10.354820	-43.114492
0.017628	-0.650270	-24.527949	-10.366818	-43.170581
0.000000	0.000000	-24.527949	-10.366818	-43.170581
