0.051122	-0.838072	0.000000	0.000000	0.000000
0.046744	-0.799119	0.099999	0.000342	-0.000380
0.042446	-0.753412	0.199994	0.001010	-0.001095
0.038261	-0.699343	0.299984	0.001987	-0.002100
0.034224	-0.634773	0.399968	0.003258	-0.003352
0.030379	-0.556855	0.499946	0.004803	-0.004807
0.026779	-0.462854	0.599916	0.006607	-0.006422
0.023492	-0.346069	0.699880	0.008650	-0.008156
0.020607	-0.203169	0.799838	0.010914	-0.009970
0.018231	-0.028599	0.899791	0.013380	-0.011826
0.016479	0.178202	0.999738	0.016028	-0.013687
0.015443	0.409495	1.099682	0.018838	-0.015519
0.015138	0.648260	1.199623	0.021790	-0.017289
0.015475	0.874862	1.299562	0.024862	-0.018967
0.016286	1.075410	1.399499	0.028034	-0.020527
0.017386	1.247747	1.499436	0.031283	-0.021944
0.018619	1.396161	1.599374	0.034587	-0.023196
0.019867	1.524303	1.699312	0.037923	-0.024264
0.021050	1.638896	1.799253	0.041269	-0.025134
0.022117	1.744950	1.899195	0.044600	-0.025794
0.023041	1.846695	1.999140	0.047893	-0.026236
0.023819	1.947549	2.099087	0.051123	-0.026456
0.024495	2.049542	2.199038	0.054266	-0.026455
0.025125	2.152692	2.298992	0.057295	-0.026237
0.025770	2.259245	2.398949	0.060187	-0.025808
0.026486	2.366740	2.498910	0.062914	-0.025181
0.027328	2.476098	2.598874	0.065453	-0.024369
0.028340	2.583789	2.698843	0.067776	-0.023388
0.029553	2.690053	2.798815	0.069859	-0.022257
0.030986	2.791161	2.898790	0.071676	-0.020997
0.032642	2.886638	2.998769	0.073202	-0.019631
0.034510	2.976401	3.098751	0.074412	-0.018183
0.036573	3.057808	3.198736	0.075281	-0.016679
0.038801	3.131611	3.298723	0.075786	-0.015144
0.041164	-3.085306	3.398711	0.075903	-0.013605
0.043625	-3.025288	3.498699	0.075609	-0.012090
0.046149	-2.973110	3.598686	0.074882	-0.010626
0.048700	-2.927306	3.698670	0.073700	-0.009240
0.051241	-2.887404	3.798648	0.072042	-0.007958
0.053739	-2.851959	3.898618	0.069889	-0.006805
0.056160	-2.822576	3.998577	0.067221	-0.005806
0.058475	-2.797810	4.098523	0.064019	-0.004984
0.060676	-2.775904	4.198450	0.060268	-0.004360
0.062759	-2.758152	4.298356	0.055951	-0.003953
0.064724	-2.742979	4.398236	0.051053	-0.003782
0.066573	-2.729913	4.498085	0.045559	-0.003863
0.068310	-2.717559	4.597898	0.039457	-0.004211
0.069941	-2.707584	4.697670	0.032734	-0.004841
0.071472	-2.698703	4.797395	0.025378	-0.005766
0.072908	-2.689665	4.897067	0.017379	-0.006998
0.074257	-2.682253	4.996680	0.008728	-0.008549
0.075526	-2.675269	5.096227	-0.000586	-0.010429
0.076724	-2.667537	5.195703	-0.010571	-0.012650
0.077858	-2.660893	5.295099	-0.021233	-0.015221
0.078937	-2.653189	5.394410	-0.032580	-0.018153
0.079969	-2.646286	5.493628	-0.044618	-0.021455
0.080963	-2.638052	5.592746	-0.057352	-0.025137
0.081928	-2.630366	5.691755	-0.070788	-0.029209
0.082874	-2.621113	5.790649	-0.084929	-0.033681
0.083811	-2.612187	5.889420	-0.099779	-0.038565
0.084748	-2.601488	5.988059	-0.115341	-0.043870
0.085696	-2.589955	6.086558	-0.131617	-0.049610
0.086655	-2.578650	6.184910	-0.148610	-0.055796
0.087627	-2.565659	6.283104	-0.166320	-0.062442
0.088613	-2.552069	6.381133	-0.184748	-0.069562
0.089612	-2.537960	6.478988	-0.203895	-0.077171
0.090625	-2.524410	6.576659	-0.223759	-0.085284
0.091652	-2.509493	6.674136	-0.244340	-0.093916
0.092693	-2.495280	6.771411	-0.265637	-0.103083
0.093747	-2.479839	6.868473	-0.287648	-0.112803
0.094814	-2.465233	6.965313	-0.310371	-0.123090
0.095891	-2.449523	7.061919	-0.333803	-0.133962
0.096979	-2.434766	7.158281	-0.357940	-0.145436
0.098076	-2.420015	7.254390	-0.382779	-0.157529
0.099179	-2.404320	7.350232	-0.408317	-0.170257
0.100287	-2.389728	7.445798	-0.434547	-0.183639
0.101398	-2.376282	7.541077	-0.461467	-0.197690
0.102508	-2.362023	7.636055	-0.489070	-0.212427
0.103615	-2.347988	7.730721	-0.517352	-0.227866
0.104716	-2.335211	7.825064	-0.546308	-0.244023
0.105807	-2.321724	7.919070	-0.575930	-0.260914
0.106887	-2.309548	8.012728	-0.606213	-0.278555
0.107952	-2.297677	8.106024	-0.637151	-0.296958
0.109003	-2.286094	8.198946	-0.668737	-0.316140
0.110038	-2.274786	8.291479	-0.700964	-0.336113
0.111056	-2.263740	8.383612	-0.733826	-0.356891
0.112057	-2.253943	8.475330	-0.767314	-0.378486
0.113040	-2.243381	8.566619	-0.801423	-0.400910
0.114004	-2.233043	8.657466	-0.836144	-0.424176
0.114948	-2.223918	8.747857	-0.871468	-0.448294
0.115872	-2.213993	8.837777	-0.907388	-0.473275
0.116774	-2.205259	8.927213	-0.943896	-0.499130
0.117655	-2.195705	9.016149	-0.980981	-0.525868
0.118514	-2.186322	9.104573	-1.018636	-0.553499
0.119349	-2.177099	9.192468	-1.056850	-0.582032
0.120161	-2.168027	9.279821	-1.095612	-0.611475
0.120949	-2.159097	9.366618	-1.134913	-0.641837
0.121712	-2.150301	9.452843	-1.174740	-0.673126
0.122450	-2.141631	9.538482	-1.215084	-0.705349
0.123162	-2.133077	9.623521	-1.255932	-0.738512
0.123848	-2.123633	9.707945	-1.297273	-0.772622
0.124507	-2.114292	9.791741	-1.339093	-0.807685
0.125138	-2.105057	9.874893	-1.381379	-0.843707
0.125740	-2.095932	9.957388	-1.424117	-0.880693
0.126311	-2.086921	10.039213	-1.467293	-0.918648
0.126849	-2.078027	10.120352	-1.510892	-0.957577
0.127354	-2.068254	10.200794	-1.554901	-0.997482
0.127823	-2.058604	10.280524	-1.599302	-1.038368
0.128256	-2.050082	10.359529	-1.644080	-1.080238
0.128650	-2.039688	10.437797	-1.689220	-1.123092
0.129004	-2.030428	10.515316	-1.734703	-1.166934
0.129317	-2.021302	10.592073	-1.780514	-1.211765
0.129586	-2.011313	10.668057	-1.826634	-1.257584
0.129810	-2.002464	10.743256	-1.873046	-1.304393
0.129988	-1.992757	10.817659	-1.919733	-1.352189
0.130118	-1.983195	10.891256	-1.966676	-1.400973
0.130197	-1.973780	10.964036	-2.013857	-1.450742
0.130226	-1.964514	11.035991	-2.061257	-1.501493
0.130200	-1.954399	11.107112	-2.108859	-1.553223
0.130120	-1.945439	11.177389	-2.156642	-1.605928
0.129983	-1.936635	11.246815	-2.204588	-1.659605
0.129790	-1.926983	11.315383	-2.252679	-1.714246
0.129549	-1.917443	11.383086	-2.300896	-1.769847
0.129271	-1.907971	11.449918	-2.349219	-1.826401
0.128966	-1.898523	11.515873	-2.397630	-1.883901
0.128647	-1.889057	11.580947	-2.446110	-1.942340
0.128324	-1.879533	11.645135	-2.494639	-2.001711
0.128009	-1.869913	11.708432	-2.543200	-2.062004
0.127712	-1.859158	11.770835	-2.591773	-2.123214
0.127446	-1.848233	11.832340	-2.640338	-2.185331
0.127222	-1.838104	11.892943	-2.688875	-2.248350
0.127051	-1.825742	11.952642	-2.737366	-2.312261
0.126946	-1.814116	12.011434	-2.785788	-2.377059
0.126919	-1.802203	12.069316	-2.834121	-2.442738
0.126981	-1.788979	12.126283	-2.882344	-2.509290
0.127145	-1.775428	12.182334	-2.930435	-2.576711
0.127423	-1.761535	12.237464	-2.978371	-2.644996
0.127829	-1.746291	12.291671	-3.026128	-2.714139
0.128373	-1.730694	12.344951	-3.073681	-2.784139
0.129070	-1.714746	12.397300	-3.121004	-2.854992
0.129931	-1.697453	12.448713	-3.168070	-2.926697
0.130965	-1.679857	12.499185	-3.214851	-2.999251
0.132154	-1.662105	12.548712	-3.261316	-3.072654
0.133473	-1.643359	12.597288	-3.307435	-3.146907
0.134899	-1.625771	12.644906	-3.353174	-3.222009
0.136406	-1.607477	12.691561	-3.398502	-3.297961
0.137969	-1.589600	12.737246	-3.443385	-3.374763
0.139560	-1.573249	12.781954	-3.487788	-3.452413
0.141153	-1.556524	12.825679	-3.531679	-3.530909
0.142720	-1.542511	12.868412	-3.575025	-3.610251
0.144235	-1.529289	12.910147	-3.617793	-3.690432
0.145670	-1.517932	12.950874	-3.659955	-3.771449
0.146996	-1.508509	12.990586	-3.701480	-3.853294
0.148188	-1.501085	13.029272	-3.742345	-3.935958
0.149216	-1.496728	13.066923	-3.782526	-4.019432
0.150055	-1.494507	13.103526	-3.822003	-4.103704
0.150678	-1.495498	13.139070	-3.860763	-4.188759
0.151059	-1.498786	13.173542	-3.898793	-4.274581
0.151174	-1.505465	13.206927	-3.936088	-4.361152
0.150997	-1.514647	13.239212	-3.972646	-4.448451
0.150507	-1.526463	13.270381	-4.008471	-4.536457
0.149691	-1.542019	13.300421	-4.043571	-4.625145
0.148573	-1.560249	13.329318	-4.077962	-4.714489
0.147187	-1.581048	13.357059	-4.111662	-4.804460
0.145565	-1.602317	13.383631	-4.144697	-4.895028
0.143741	-1.625959	13.409024	-4.177091	-4.986164
0.141747	-1.650872	13.433232	-4.208876	-5.077836
0.139615	-1.675947	13.456248	-4.240082	-5.170012
0.137376	-1.701062	13.478068	-4.270744	-5.262660
0.135059	-1.727081	13.498693	-4.300894	-5.355750
0.132692	-1.753846	13.518122	-4.330565	-5.449249
0.130300	-1.779176	13.536360	-4.359793	-5.543127
0.127907	-1.804865	13.553411	-4.388611	-5.637354
0.125534	-1.830676	13.569283	-4.417050	-5.731902
0.123200	-1.854341	13.583985	-4.445144	-5.826742
0.120919	-1.877561	13.597526	-4.472920	-5.921848
0.118706	-1.899001	13.609917	-4.500408	-6.017194
0.116572	-1.919297	13.621172	-4.527632	-6.112756
0.114524	-1.936050	13.631303	-4.554615	-6.208513
0.112571	-1.950833	13.640323	-4.581375	-6.304442
0.110718	-1.962191	13.648248	-4.607930	-6.400526
0.108968	-1.969732	13.655091	-4.634292	-6.496746
0.107313	-1.973407	13.660868	-4.660467	-6.593086
0.105743	-1.973268	13.665592	-4.686459	-6.689534
0.104250	-1.969388	13.669279	-4.712268	-6.786075
0.102831	-1.961854	13.671944	-4.737890	-6.882700
0.101484	-1.951772	13.673602	-4.763318	-6.979399
0.100207	-1.938262	13.674268	-4.788541	-7.076164
0.099003	-1.920462	13.673957	-4.813547	-7.172986
0.097873	-1.900527	13.672686	-4.838319	-7.269861
0.096818	-1.877626	13.670471	-4.862839	-7.366783
0.095841	-1.851947	13.667327	-4.887088	-7.463747
0.094943	-1.824691	13.663271	-4.911042	-7.560751
0.094125	-1.794076	13.658322	-4.934680	-7.657791
0.093387	-1.762329	13.652496	-4.957974	-7.754866
0.092727	-1.727692	13.645814	-4.980900	-7.851973
0.092142	-1.692412	13.638293	-5.003429	-7.949111
0.091626	-1.656739	13.629955	-5.025535	-8.046280
0.091174	-1.619928	13.620820	-5.047189	-8.143479
0.090775	-1.583230	13.610910	-5.068364	-8.240708
0.090421	-1.547892	13.600247	-5.089034	-8.337965
0.090099	-1.513127	13.588852	-5.109173	-8.435251
0.089799	-1.480023	13.576747	-5.128757	-8.532565
0.089511	-1.447635	13.563955	-5.147765	-8.629905
0.089227	-1.418010	13.550497	-5.166175	-8.727270
0.088936	-1.390189	13.536393	-5.183969	-8.824658
0.088628	-1.365208	13.521665	-5.201131	-8.922067
0.088293	-1.341097	13.506331	-5.217646	-9.019495
0.087922	-1.319883	13.490409	-5.233502	-9.116938
0.087505	-1.299590	13.473918	-5.248689	-9.214392
0.087032	-1.282240	13.456875	-5.263196	-9.311855
0.086494	-1.266854	13.439295	-5.277019	-9.409323
0.085881	-1.253454	13.421193	-5.290151	-9.506790
0.085184	-1.241062	13.402584	-5.302591	-9.604253
0.084395	-1.230704	13.383481	-5.314337	-9.701706
0.083504	-1.222410	13.363897	-5.325389	-9.799145
0.082502	-1.215216	13.343844	-5.335751	-9.896564
0.081383	-1.209165	13.323334	-5.345426	-9.993959
0.080137	-1.205312	13.302379	-5.354421	-10.091324
0.078757	-1.201721	13.280988	-5.362744	-10.188654
0.077235	-1.200477	13.259174	-5.370404	-10.285945
0.075569	-1.199663	13.236946	-5.377414	-10.383191
0.073765	-1.200303	13.214316	-5.383786	-10.480388
0.071837	-1.202422	13.191293	-5.389535	-10.577531
0.069797	-1.205059	13.167888	-5.394679	-10.674618
0.067657	-1.210275	13.144112	-5.399235	-10.771643
0.065430	-1.216146	13.119973	-5.403223	-10.868604
0.063131	-1.223769	13.095483	-5.406664	-10.965498
0.060773	-1.233262	13.070650	-5.409579	-11.062322
0.058370	-1.244763	13.045483	-5.411991	-11.159073
0.055939	-1.258434	13.019992	-5.413924	-11.255750
0.053493	-1.274460	12.994185	-5.415402	-11.352351
0.051050	-1.292048	12.968068	-5.416450	-11.448875
0.048625	-1.313425	12.941651	-5.417093	-11.545321
0.046236	-1.337837	12.914941	-5.417356	-11.641687
0.043900	-1.364539	12.887944	-5.417266	-11.737974
0.041634	-1.395783	12.860666	-5.416847	-11.834180
0.039458	-1.429802	12.833113	-5.416127	-11.930307
0.037390	-1.468783	12.805291	-5.415129	-12.026354
0.035448	-1.510831	12.777205	-5.413879	-12.122320
0.033649	-1.557925	12.748859	-5.412401	-12.218207
0.032008	-1.607919	12.720257	-5.410720	-12.314015
0.030532	-1.662671	12.691403	-5.408857	-12.409744
0.029227	-1.720928	12.662301	-5.406836	-12.505394
0.028096	-1.781265	12.632952	-5.404679	-12.600966
0.027140	-1.845070	12.603360	-5.402405	-12.696460
0.026357	-1.910564	12.573526	-5.400034	-12.791877
0.025744	-1.976830	12.543452	-5.397587	-12.887216
0.025292	-2.042869	12.513140	-5.395080	-12.982478
0.024991	-2.107673	12.482590	-5.392532	-13.077664
0.024828	-2.170295	12.451804	-5.389958	-13.172772
0.024787	-2.229910	12.420783	-5.387376	-13.267803
0.024852	-2.285852	12.389525	-5.384799	-13.362758
0.025005	-2.337634	12.358033	-5.382241	-13.457635
0.025230	-2.385944	12.326304	-5.379715	-13.552434
0.025510	-2.428621	12.294340	-5.377235	-13.647156
0.025830	-2.467627	12.262140	-5.374810	-13.741799
0.026177	-2.502020	12.229703	-5.372451	-13.836363
0.026538	-2.530919	12.197029	-5.370169	-13.930846
0.026902	-2.556481	12.164116	-5.367971	-14.025249
0.027261	-2.578883	12.130965	-5.365864	-14.119571
0.027606	-2.596337	12.097573	-5.363857	-14.213810
0.027933	-2.610195	12.063939	-5.361955	-14.307965
0.028239	-2.621813	12.030063	-5.360162	-14.402035
0.028523	-2.629522	11.995944	-5.358482	-14.496019
0.028782	-2.635625	11.961579	-5.356920	-14.589916
0.029018	-2.639399	11.926968	-5.355477	-14.683724
0.029231	-2.640103	11.892109	-5.354156	-14.777443
0.029421	-2.639976	11.857001	-5.352957	-14.871069
0.029590	-2.637241	11.821643	-5.351882	-14.964604
0.029739	-2.634113	11.786033	-5.350930	-15.058044
0.029869	-2.628792	11.750169	-5.350102	-15.151388
0.029982	-2.622475	11.714051	-5.349396	-15.244635
0.030080	-2.615352	11.677677	-5.348810	-15.337783
0.030163	-2.607607	11.641046	-5.348345	-15.430831
0.030234	-2.599424	11.604157	-5.347996	-15.523778
0.030292	-2.589982	11.567007	-5.347764	-15.616621
0.030340	-2.581460	11.529597	-5.347645	-15.709360
0.030377	-2.571038	11.491926	-5.347636	-15.801993
0.030404	-2.561893	11.453991	-5.347736	-15.894518
0.030421	-2.552205	11.415793	-5.347942	-15.986935
0.030430	-2.543121	11.377331	-5.348251	-16.079242
0.030429	-2.533665	11.338604	-5.348660	-16.171437
0.030419	-2.525833	11.299611	-5.349166	-16.263521
0.030401	-2.517620	11.260353	-5.349768	-16.355490
0.030376	-2.509025	11.220829	-5.350463	-16.447346
0.030343	-2.502046	11.181039	-5.351249	-16.539085
0.030304	-2.494684	11.140983	-5.352122	-16.630708
0.030258	-2.487940	11.100661	-5.353082	-16.722214
0.030207	-2.481817	11.060074	-5.354125	-16.813601
0.030151	-2.476317	11.019222	-5.355251	-16.904869
0.030091	-2.472446	10.978105	-5.356456	-16.996016
0.030027	-2.468208	10.936724	-5.357741	-17.087044
0.029960	-2.464608	10.895079	-5.359103	-17.177950
0.029892	-2.461652	10.853172	-5.360541	-17.268733
0.029822	-2.460347	10.811002	-5.362054	-17.359395
0.029752	-2.458698	10.768572	-5.363642	-17.449932
0.029683	-2.458711	10.725881	-5.365304	-17.540347
0.029615	-2.459392	10.682931	-5.367040	-17.630637
0.029549	-2.461746	10.639723	-5.368850	-17.720802
0.029487	-2.464777	10.596257	-5.370734	-17.810842
0.029430	-2.468477	10.552536	-5.372693	-17.900756
0.029376	-2.472790	10.508559	-5.374728	-17.990545
0.029326	-2.478649	10.464329	-5.376840	-18.080206
0.029279	-2.484984	10.419847	-5.379030	-18.169741
0.029234	-2.491729	10.375113	-5.381300	-18.259149
0.029191	-2.499815	10.330129	-5.383653	-18.348429
0.029148	-2.508174	10.284897	-5.386089	-18.437581
0.029106	-2.516740	10.239417	-5.388611	-18.526605
0.029063	-2.525446	10.193692	-5.391222	-18.615501
0.029019	-2.535227	10.147723	-5.393924	-18.704267
0.028971	-2.544018	10.101510	-5.396718	-18.792905
0.028920	-2.553754	10.055057	-5.399608	-18.881413
0.028865	-2.563373	10.008364	-5.402596	-18.969792
0.028803	-2.571812	9.961434	-5.405685	-19.058042
0.028735	-2.581009	9.914268	-5.408875	-19.146162
0.028658	-2.589903	9.866867	-5.412170	-19.234153
0.028571	-2.598433	9.819234	-5.415572	-19.322014
0.028473	-2.606538	9.771371	-5.419082	-19.409745
0.028362	-2.614155	9.723279	-5.422702	-19.497347
0.028238	-2.621221	9.674961	-5.426434	-19.584819
0.028098	-2.627687	9.626418	-5.430279	-19.672163
0.027945	-2.633556	9.577654	-5.434238	-19.759377
0.027778	-2.637840	9.528670	-5.438312	-19.846463
0.027599	-2.642553	9.479468	-5.442501	-19.933420
0.027409	-2.645703	9.430050	-5.446807	-20.020250
0.027210	-2.649300	9.380420	-5.451227	-20.106952
0.027002	-2.651350	9.330578	-5.455764	-20.193527
0.026788	-2.653858	9.280528	-5.460415	-20.279976
0.026568	-2.654829	9.230271	-5.465182	-20.366298
0.026343	-2.655266	9.179809	-5.470063	-20.452494
0.026116	-2.655173	9.129146	-5.475057	-20.538566
0.025887	-2.654552	9.078282	-5.480163	-20.624512
0.025659	-2.653405	9.027221	-5.485381	-20.710335
0.025431	-2.651737	8.975963	-5.490708	-20.796033
0.025207	-2.648550	8.924511	-5.496144	-20.881609
0.024986	-2.645848	8.872866	-5.501686	-20.967061
0.024772	-2.641639	8.821031	-5.507334	-21.052391
0.024565	-2.637929	8.769006	-5.513084	-21.137599
0.024366	-2.632727	8.716794	-5.518937	-21.222685
0.024178	-2.627045	8.664396	-5.524888	-21.307650
0.024002	-2.620909	8.611812	-5.530938	-21.392493
0.023838	-2.614389	8.559045	-5.537082	-21.477216
0.023684	-2.607571	8.506095	-5.543320	-21.561817
0.023542	-2.600542	8.452962	-5.549649	-21.646297
0.023411	-2.593394	8.399648	-5.556067	-21.730656
0.023290	-2.586217	8.346154	-5.562572	-21.814894
0.023179	-2.578107	8.292480	-5.569162	-21.899011
0.023078	-2.571158	8.238626	-5.575834	-21.983007
0.022986	-2.564467	8.184594	-5.582587	-22.066881
0.022902	-2.558131	8.130383	-5.589420	-22.150634
0.022826	-2.552245	8.075995	-5.596329	-22.234265
0.022757	-2.546907	8.021429	-5.603315	-22.317774
0.022694	-2.542213	7.966685	-5.610375	-22.401160
0.022637	-2.538260	7.911766	-5.617508	-22.484425
0.022586	-2.536142	7.856670	-5.624713	-22.567567
0.022539	-2.533954	7.801399	-5.631989	-22.650586
0.022496	-2.533792	7.745952	-5.639336	-22.733481
0.022456	-2.534750	7.690332	-5.646754	-22.816254
0.022419	-2.536920	7.634537	-5.654243	-22.898903
0.022385	-2.541397	7.578569	-5.661802	-22.981429
0.022354	-2.546241	7.522429	-5.669433	-23.063831
0.022325	-2.553377	7.466118	-5.677136	-23.146109
0.022297	-2.562697	7.409636	-5.684914	-23.228263
0.022272	-2.572090	7.352985	-5.692767	-23.310294
0.022248	-2.583447	7.296166	-5.700698	-23.392200
0.022225	-2.595660	7.239180	-5.708709	-23.473983
0.022203	-2.608617	7.182029	-5.716802	-23.555643
0.022182	-2.622212	7.124714	-5.724979	-23.637178
0.022160	-2.636335	7.067236	-5.733244	-23.718591
0.022139	-2.650879	7.009598	-5.741600	-23.799881
0.022116	-2.666740	6.951800	-5.750048	-23.881048
0.022091	-2.681814	6.893845	-5.758592	-23.962092
0.022063	-2.696998	6.835735	-5.767235	-24.043015
0.022032	-2.713193	6.777471	-5.775980	-24.123816
0.021996	-2.728300	6.719055	-5.784829	-24.204497
0.021953	-2.743224	6.660490	-5.793785	-24.285057
0.021904	-2.757871	6.601777	-5.802851	-24.365497
0.021845	-2.773148	6.542919	-5.812029	-24.445818
0.021775	-2.786964	6.483917	-5.821323	-24.526020
0.021694	-2.800230	6.424775	-5.830733	-24.606105
0.021598	-2.811885	6.365493	-5.840261	-24.686073
0.021488	-2.823990	6.306075	-5.849911	-24.765926
0.021362	-2.835639	6.246522	-5.859682	-24.845663
0.021220	-2.845926	6.186837	-5.869576	-24.925285
0.021061	-2.856946	6.127022	-5.879593	-25.004795
0.020885	-2.866796	6.067079	-5.889736	-25.084193
0.020691	-2.876579	6.007012	-5.900005	-25.163480
0.020479	-2.886398	5.946822	-5.910399	-25.242658
0.020248	-2.895363	5.886512	-5.920919	-25.321728
0.019998	-2.905591	5.826084	-5.931565	-25.400691
0.019729	-2.916206	5.765542	-5.942337	-25.479550
0.019441	-2.926339	5.704889	-5.953235	-25.558305
0.019134	-2.937136	5.644127	-5.964258	-25.636959
0.018808	-2.948755	5.583259	-5.975406	-25.715514
0.018463	-2.961367	5.522289	-5.986679	-25.793971
0.018100	-2.975167	5.461220	-5.998076	-25.872334
0.017719	-2.989369	5.400056	-6.009596	-25.950605
0.017321	-3.006215	5.338801	-6.021238	-26.028785
0.016907	-3.023975	5.277458	-6.033002	-26.106879
0.016479	-3.043958	5.216032	-6.044886	-26.184889
0.016039	-3.066441	5.154526	-6.056891	-26.262819
0.015593	-3.090442	5.092946	-6.069014	-26.340671
0.015150	-3.117875	5.031296	-6.081256	-26.418449
0.014715	3.136585	4.969581	-6.093616	-26.496157
0.014295	3.104779	4.907806	-6.106092	-26.573798
0.013897	3.072189	4.845976	-6.118684	-26.651377
0.013524	3.038210	4.784095	-6.131391	-26.728896
0.013181	3.003347	4.722168	-6.144212	-26.806361
0.012873	2.968213	4.660200	-6.157148	-26.883773
0.012601	2.933524	4.598195	-6.170197	-26.961136
0.012365	2.900087	4.536158	-6.183358	-27.038455
0.012168	2.867771	4.474091	-6.196632	-27.115730
0.012006	2.839485	4.411999	-6.210019	-27.192966
0.011880	2.815143	4.349884	-6.223517	-27.270164
0.011787	2.794640	4.287749	-6.237126	-27.347327
0.011725	2.780824	4.225596	-6.250847	-27.424455
0.011695	2.772475	4.163427	-6.264679	-27.501550
0.011694	2.771290	4.101242	-6.278623	-27.578613
0.011726	2.777856	4.039042	-6.292677	-27.655643
0.011794	2.791628	3.976826	-6.306843	-27.732640
0.011904	2.813576	3.914593	-6.321121	-27.809602
0.012063	2.842228	3.852341	-6.335510	-27.886528
0.012279	2.875679	3.790066	-6.350011	-27.963415
0.012558	2.911973	3.727766	-6.364625	-28.040260
0.012902	2.948197	3.665436	-6.379352	-28.117059
0.013313	2.983579	3.603073	-6.394193	-28.193809
0.013788	3.016571	3.540672	-6.409151	-28.270506
0.014324	3.046902	3.478229	-6.424226	-28.347145
0.014913	3.070590	3.415738	-6.439421	-28.423722
0.015549	3.089924	3.353196	-6.454739	-28.500233
0.016224	3.103418	3.290599	-6.470184	-28.576672
0.016931	3.110767	3.227942	-6.485761	-28.653036
0.017664	3.111792	3.165222	-6.501472	-28.729321
0.018419	3.106402	3.102437	-6.517326	-28.805523
0.019194	3.094563	3.039586	-6.533328	-28.881639
0.019989	3.077285	2.976666	-6.549485	-28.957665
0.020808	3.052611	2.913677	-6.565807	-29.033600
0.021660	3.021630	2.850622	-6.582302	-29.109442
0.022555	2.985490	2.787501	-6.598980	-29.185189
0.023510	2.943424	2.724319	-6.615854	-29.260841
0.024544	2.895987	2.661081	-6.632936	-29.336400
0.025677	2.844652	2.597792	-6.650240	-29.411866
0.026926	2.790997	2.534462	-6.667781	-29.487243
0.028302	2.737437	2.471099	-6.685574	-29.562532
0.029814	2.684191	2.407714	-6.703638	-29.637739
0.031463	2.632255	2.344319	-6.721988	-29.712868
0.033248	2.581396	2.280926	-6.740645	-29.787923
0.035163	2.534160	2.217549	-6.759627	-29.862910
0.037198	2.490898	2.154202	-6.778953	-29.937834
0.039340	2.449800	2.090901	-6.798644	-30.012703
0.041575	2.411925	2.027662	-6.818721	-30.087520
0.043888	2.377242	1.964500	-6.839203	-30.162294
0.046262	2.345654	1.901433	-6.860113	-30.237029
0.048679	2.318022	1.838478	-6.881470	-30.311733
0.051121	2.292187	1.775653	-6.903295	-30.386409
0.053572	2.268980	1.712974	-6.925610	-30.461065
0.056012	2.248234	1.650460	-6.948434	-30.535704
0.058424	2.230787	1.588129	-6.971788	-30.610333
0.060790	2.214492	1.525997	-6.995691	-30.684954
0.063093	2.200215	1.464082	-7.020162	-30.759571
0.065318	2.186811	1.402400	-7.045218	-30.834187
0.067460	2.176058	1.340970	-7.070878	-30.908805
0.069515	2.166749	1.279805	-7.097158	-30.983426
0.071481	2.158710	1.218923	-7.124073	-31.058051
0.073358	2.150795	1.158338	-7.151638	-31.132681
0.075144	2.144880	1.098064	-7.179867	-31.207315
0.076837	2.138862	1.038117	-7.208773	-31.281952
0.078438	2.134651	0.978509	-7.238369	-31.356591
0.079945	2.130171	0.919254	-7.268665	-31.431231
0.081358	2.126356	0.860365	-7.299672	-31.505867
0.082676	2.124152	0.801853	-7.331399	-31.580498
0.083900	2.121509	0.743731	-7.363856	-31.655120
0.085030	2.120386	0.686009	-7.397050	-31.729728
0.086065	2.118746	0.628698	-7.430988	-31.804318
0.087005	2.118559	0.571808	-7.465676	-31.878885
0.087850	2.117798	0.515348	-7.501120	-31.953423
0.088602	2.118440	0.459327	-7.537325	-32.027927
0.089259	2.119465	0.403752	-7.574294	-32.102391
0.089822	2.119858	0.348631	-7.612030	-32.176806
0.090291	2.121604	0.293971	-7.650535	-32.251168
0.090668	2.123690	0.239778	-7.689810	-32.325468
0.090957	2.126097	0.186056	-7.729857	-32.399699
0.091165	2.129805	0.132810	-7.770675	-32.473853
0.091297	2.132798	0.080044	-7.812263	-32.547921
0.091358	2.136057	0.027761	-7.854621	-32.621896
0.091356	2.139568	-0.024037	-7.897746	-32.695769
0.091296	2.144314	-0.075348	-7.941635	-32.769532
0.091183	2.148280	-0.126169	-7.986287	-32.843176
0.091024	2.153452	-0.176501	-8.031697	-32.916692
0.090824	2.157813	-0.226343	-8.077862	-32.990072
0.090590	2.162347	-0.275694	-8.124777	-33.063307
0.090327	2.168038	-0.324555	-8.172439	-33.136389
0.090041	2.172869	-0.372927	-8.220842	-33.209309
0.089737	2.177820	-0.420810	-8.269982	-33.282059
0.089422	2.183873	-0.468205	-8.319854	-33.354630
0.089102	2.189007	-0.515114	-8.370452	-33.427013
0.088781	2.194200	-0.561538	-8.421772	-33.499201
0.088466	2.199429	-0.607478	-8.473808	-33.571186
0.088162	2.204668	-0.652935	-8.526554	-33.642959
0.087875	2.209893	-0.697912	-8.580006	-33.714513
0.087610	2.215080	-0.742408	-8.634159	-33.785840
0.087365	2.219235	-0.786427	-8.689007	-33.856933
0.087138	2.224368	-0.829967	-8.744545	-33.927783
0.086929	2.228489	-0.873031	-8.800769	-33.998383
0.086735	2.233611	-0.915618	-8.857672	-34.068727
0.086555	2.237746	-0.957730	-8.915252	-34.138807
0.086386	2.242905	-0.999368	-8.973502	-34.208616
0.086228	2.247102	-1.040531	-9.032419	-34.278145
0.086078	2.251350	-1.081221	-9.091998	-34.347389
0.085935	2.256662	-1.121439	-9.152233	-34.416341
0.085797	2.261052	-1.161184	-9.213121	-34.484992
0.085663	2.265535	-1.200459	-9.274657	-34.553335
0.085530	2.271126	-1.239262	-9.336836	-34.621365
0.085398	2.275839	-1.277597	-9.399654	-34.689073
0.085265	2.281691	-1.315464	-9.463106	-34.756452
0.085130	2.286697	-1.352865	-9.527188	-34.823495
0.084990	2.292874	-1.389800	-9.591894	-34.890194
0.084845	2.299239	-1.426272	-9.657221	-34.956543
0.084693	2.305810	-1.462284	-9.723164	-35.022534
0.084533	2.312605	-1.497836	-9.789718	-35.088159
0.084363	2.319638	-1.532934	-9.856877	-35.153410
0.084186	2.326901	-1.567578	-9.924639	-35.218281
0.084000	2.335381	-1.601773	-9.992996	-35.282763
0.083809	2.343065	-1.635522	-10.061946	-35.346849
0.083612	2.351939	-1.668830	-10.131482	-35.410530
0.083411	2.360990	-1.701700	-10.201599	-35.473800
0.083207	2.369202	-1.734138	-10.272293	-35.536651
0.083000	2.378561	-1.766147	-10.343558	-35.599074
0.082792	2.388052	-1.797733	-10.415390	-35.661062
0.082583	2.397660	-1.828901	-10.487783	-35.722608
0.082375	2.407369	-1.859656	-10.560731	-35.783703
0.082168	2.417161	-1.890004	-10.634230	-35.844341
0.081962	2.427021	-1.919950	-10.708274	-35.904513
0.081759	2.436931	-1.949499	-10.782858	-35.964213
0.081559	2.446874	-1.978659	-10.857976	-36.023433
0.081363	2.456830	-2.007433	-10.933624	-36.082166
0.081172	2.466783	-2.035829	-11.009794	-36.140404
0.080985	2.476713	-2.063851	-11.086483	-36.198141
0.080804	2.486600	-2.091506	-11.163685	-36.255370
0.080629	2.496425	-2.118800	-11.241393	-36.312084
0.080459	2.505172	-2.145737	-11.319603	-36.368276
0.080295	2.514844	-2.172324	-11.398309	-36.423941
0.080135	2.523447	-2.198566	-11.477505	-36.479071
0.079979	2.532988	-2.224468	-11.557185	-36.533662
0.079826	2.541474	-2.250035	-11.637345	-36.587706
0.079675	2.549913	-2.275273	-11.717977	-36.641198
0.079525	2.559313	-2.300186	-11.799078	-36.694133
0.079376	2.567682	-2.324781	-11.880640	-36.746504
0.079227	2.576029	-2.349061	-11.962658	-36.798307
0.079076	2.585364	-2.373032	-12.045126	-36.849536
0.078924	2.593695	-2.396699	-12.128039	-36.900185
0.078769	2.603032	-2.420068	-12.211390	-36.950250
0.078612	2.611385	-2.443144	-12.295174	-36.999725
0.078451	2.620764	-2.465932	-12.379384	-37.048606
0.078286	2.629180	-2.488439	-12.464014	-37.096887
0.078116	2.638644	-2.510668	-12.549059	-37.144565
0.077941	2.648167	-2.532627	-12.634513	-37.191635
0.077760	2.657761	-2.554322	-12.720368	-37.238091
0.077573	2.667438	-2.575758	-12.806620	-37.283930
0.077378	2.677210	-2.596941	-12.893261	-37.329147
0.077177	2.688085	-2.617879	-12.980285	-37.373739
0.076970	2.698051	-2.638577	-13.067686	-37.417701
0.076759	2.709091	-2.659044	-13.155457	-37.461030
0.076545	2.719187	-2.679285	-13.243592	-37.503721
0.076328	2.730320	-2.699309	-13.332084	-37.545771
0.076112	2.741470	-2.719121	-13.420926	-37.587177
0.075896	2.752617	-2.738730	-13.510113	-37.627935
0.075682	2.763741	-2.758143	-13.599637	-37.668042
0.075471	2.774818	-2.777368	-13.689492	-37.707495
0.075264	2.785828	-2.796411	-13.779671	-37.746291
0.075063	2.796746	-2.815281	-13.870167	-37.784427
0.074867	2.807549	-2.833983	-13.960974	-37.821900
0.074678	2.818212	-2.852527	-14.052086	-37.858708
0.074498	2.828711	-2.870918	-14.143495	-37.894849
0.074325	2.839018	-2.889163	-14.235195	-37.930319
0.074163	2.848110	-2.907270	-14.327180	-37.965118
0.074010	2.857958	-2.925243	-14.419444	-37.999241
0.073868	2.866537	-2.943090	-14.511979	-38.032688
0.073738	2.875818	-2.960815	-14.604780	-38.065457
0.073619	2.883774	-2.978425	-14.697841	-38.097545
0.073514	2.891384	-2.995925	-14.791154	-38.128951
0.073419	2.898649	-3.013318	-14.884715	-38.159672
0.073334	2.905575	-3.030611	-14.978517	-38.189708
0.073258	2.911171	-3.047806	-15.072555	-38.219056
0.073188	2.917445	-3.064906	-15.166822	-38.247714
0.073124	2.922406	-3.081917	-15.261312	-38.275682
0.073065	2.928063	-3.098840	-15.356021	-38.302957
0.073008	2.932427	-3.115678	-15.450942	-38.329538
0.072954	2.936508	-3.132434	-15.546069	-38.355424
0.072900	2.941316	-3.149109	-15.641397	-38.380613
0.072845	2.944861	-3.165708	-15.736920	-38.405103
0.072789	2.948155	-3.182230	-15.832633	-38.428895
0.072730	2.952208	-3.198678	-15.928530	-38.451986
0.072667	2.955031	-3.215054	-16.024606	-38.474376
0.072599	2.958636	-3.231359	-16.120854	-38.496064
0.072524	2.961035	-3.247595	-16.217270	-38.517049
0.072442	2.964237	-3.263762	-16.313848	-38.537330
0.072352	2.966254	-3.279863	-16.410583	-38.556907
0.072253	2.969098	-3.295897	-16.507468	-38.575779
0.072143	2.971779	-3.311867	-16.604498	-38.593947
0.072022	2.974307	-3.327773	-16.701669	-38.611410
0.071888	2.977683	-3.343616	-16.798973	-38.628167
0.071739	2.979907	-3.359398	-16.896406	-38.644221
0.071575	2.982978	-3.375121	-16.993962	-38.659570
0.071394	2.984894	-3.390785	-17.091636	-38.674215
0.071194	2.987655	-3.406391	-17.189422	-38.688158
0.070975	2.990259	-3.421940	-17.287314	-38.701399
0.070735	2.992704	-3.437434	-17.385307	-38.713940
0.070472	2.994989	-3.452874	-17.483396	-38.725782
0.070185	2.997110	-3.468261	-17.581575	-38.736927
0.069873	2.999064	-3.483595	-17.679838	-38.747377
0.069535	3.000849	-3.498878	-17.778180	-38.757135
0.069168	3.002459	-3.514110	-17.876596	-38.766204
0.068773	3.003892	-3.529292	-17.975081	-38.774586
0.068347	3.005140	-3.544425	-18.073629	-38.782284
0.067889	3.006199	-3.559508	-18.172236	-38.789304
0.067397	3.007060	-3.574543	-18.270895	-38.795649
0.066872	3.006717	-3.589529	-18.369603	-38.801323
0.066310	3.007161	-3.604467	-18.468354	-38.806332
0.065712	3.006381	-3.619355	-18.567144	-38.810680
0.065076	3.006372	-3.634193	-18.665968	-38.814375
0.064402	3.005149	-3.648982	-18.764821	-38.817421
0.063694	3.003736	-3.663719	-18.863700	-38.819825
0.062951	3.002154	-3.678406	-18.962600	-38.821595
0.062175	3.000426	-3.693039	-19.061517	-38.822738
0.061367	2.997579	-3.707619	-19.160447	-38.823262
0.060530	2.995636	-3.722144	-19.259387	-38.823174
0.059663	2.992626	-3.736612	-19.358332	-38.822484
0.058768	2.990577	-3.751023	-19.457280	-38.821200
0.057847	2.987519	-3.765375	-19.556227	-38.819332
0.056900	2.984486	-3.779668	-19.655170	-38.816887
0.055928	2.981513	-3.793900	-19.754106	-38.813878
0.054934	2.978639	-3.808070	-19.853033	-38.810312
0.053917	2.975906	-3.822177	-19.951948	-38.806201
0.052878	2.973360	-3.836220	-20.050848	-38.801555
0.051819	2.971050	-3.850199	-20.149731	-38.796384
0.050741	2.969031	-3.864114	-20.248594	-38.790699
0.049645	2.967366	-3.877965	-20.347437	-38.784512
0.048531	2.967120	-3.891751	-20.446257	-38.777832
0.047400	2.966369	-3.905474	-20.545052	-38.770672
0.046255	2.966175	-3.919135	-20.643820	-38.763043
0.045096	2.966529	-3.932735	-20.742560	-38.754957
0.043928	2.967397	-3.946275	-20.841271	-38.746424
0.042752	2.968744	-3.959757	-20.939952	-38.737457
0.041573	2.971534	-3.973182	-21.038601	-38.728067
0.040392	2.973723	-3.986554	-21.137217	-38.718267
0.039213	2.976264	-3.999874	-21.235799	-38.708067
0.038038	2.980102	-4.013145	-21.334348	-38.697480
0.036871	2.984175	-4.026369	-21.432861	-38.686516
0.035715	2.987413	-4.039549	-21.531340	-38.675189
0.034572	2.991735	-4.052688	-21.629782	-38.663508
0.033445	2.996047	-4.065788	-21.728189	-38.651486
0.032336	3.000242	-4.078851	-21.826559	-38.639134
0.031250	3.005197	-4.091880	-21.924894	-38.626462
0.030188	3.008772	-4.104878	-22.023192	-38.613481
0.029153	3.012805	-4.117847	-22.121454	-38.600201
0.028149	3.015118	-4.130788	-22.219681	-38.586634
0.027176	3.017505	-4.143703	-22.317872	-38.572789
0.026240	3.018740	-4.156594	-22.416028	-38.558675
0.025342	3.019572	-4.169461	-22.514150	-38.544302
0.024485	3.017774	-4.182306	-22.612238	-38.529679
0.023667	3.015306	-4.195129	-22.710292	-38.514815
0.022885	3.011186	-4.207929	-22.808313	-38.499717
0.022138	3.005449	-4.220708	-22.906303	-38.484394
0.021422	2.998145	-4.233463	-23.004261	-38.468853
0.020735	2.990337	-4.246194	-23.102188	-38.453101
0.020075	2.980107	-4.258901	-23.200086	-38.437145
0.019439	2.969549	-4.271582	-23.297955	-38.420993
0.018824	2.957769	-4.284235	-23.395795	-38.404650
0.018227	2.944889	-4.296860	-23.493609	-38.388123
0.017646	2.931036	-4.309455	-23.591396	-38.371418
0.017076	2.916348	-4.322018	-23.689158	-38.354541
0.016515	2.900967	-4.334548	-23.786895	-38.337499
0.015958	2.885040	-4.347044	-23.884608	-38.320297
0.015401	2.868712	-4.359504	-23.982299	-38.302941
0.014841	2.852128	-4.371928	-24.079969	-38.285437
0.014272	2.835430	-4.384313	-24.177617	-38.267791
0.013689	2.818751	-4.396659	-24.275246	-38.250009
0.013088	2.802223	-4.408966	-24.372856	-38.232098
0.012464	2.784966	-4.421234	-24.470448	-38.214063
0.011812	2.769052	-4.433461	-24.568024	-38.195911
0.011135	2.752371	-4.445649	-24.665584	-38.177649
0.010434	2.735761	-4.457797	-24.763130	-38.159284
0.009713	2.719043	-4.469908	-24.860662	-38.140822
0.008976	2.702008	-4.481981	-24.958182	-38.122272
0.008225	2.684409	-4.494018	-25.055690	-38.103640
0.007463	2.665929	-4.506022	-25.153189	-38.084934
0.006695	2.646149	-4.517993	-25.250679	-38.066161
0.005924	2.624480	-4.529934	-25.348161	-38.047329
0.005152	2.600040	-4.541848	-25.445636	-38.028445
0.004384	2.572412	-4.553737	-25.543106	-38.009516
0.003625	2.537129	-4.565603	-25.640571	-37.990550
0.002877	2.490396	-4.577449	-25.738033	-37.971553
0.002147	2.422412	-4.589279	-25.835493	-37.952533
0.001446	2.300887	-4.601095	-25.932950	-37.933497
0.000808	2.007140	-4.612900	-26.030407	-37.914451
0.000456	0.985942	-4.624699	-26.127864	-37.895401
0.000814	0.030550	-4.636493	-26.225323	-37.876353
0.001379	-0.243976	-4.648287	-26.322782	-37.857314
0.001951	-0.362873	-4.660084	-26.420244	-37.838287
0.002500	-0.433534	-4.671888	-26.517709	-37.819279
0.003023	-0.484517	-4.683701	-26.615177	-37.800294
0.003521	-0.525526	-4.695528	-26.712648	-37.781335
0.003996	-0.559767	-4.707371	-26.810124	-37.762407
0.004451	-0.590304	-4.719234	-26.907604	-37.743514
0.004888	-0.618226	-4.731121	-27.005088	-37.724658
0.005311	-0.644126	-4.743035	-27.102577	-37.705842
0.005721	-0.667321	-4.754980	-27.200070	-37.687070
0.006122	-0.688968	-4.766958	-27.297568	-37.668344
0.006516	-0.709124	-4.778974	-27.395070	-37.649665
0.006904	-0.727787	-4.791031	-27.492577	-37.631038
0.007289	-0.743916	-4.803132	-27.590089	-37.612463
0.007672	-0.759448	-4.815280	-27.687606	-37.593943
0.008054	-0.772308	-4.827479	-27.785126	-37.575481
0.008438	-0.784416	-4.839733	-27.882652	-37.557078
0.008823	-0.793693	-4.852044	-27.980181	-37.538736
0.009211	-0.802062	-4.864415	-28.077715	-37.520459
0.009603	-0.807454	-4.876851	-28.175254	-37.502248
0.010000	-0.811808	-4.889353	-28.272796	-37.484105
0.010402	-0.814070	-4.901926	-28.370343	-37.466033
0.010810	-0.814251	-4.914571	-28.467894	-37.448036
0.011223	-0.812576	-4.927293	-28.565449	-37.430115
0.011641	-0.809292	-4.940093	-28.663009	-37.412275
0.012064	-0.805620	-4.952974	-28.760573	-37.394517
0.012490	-0.799753	-4.965939	-28.858141	-37.376847
0.012919	-0.793860	-4.978991	-28.955715	-37.359266
0.013352	-0.786092	-4.992131	-29.053293	-37.341779
0.013788	-0.778581	-5.005362	-29.150877	-37.324390
0.014227	-0.769446	-5.018687	-29.248466	-37.307102
0.014668	-0.759791	-5.032106	-29.346060	-37.289920
0.015111	-0.750708	-5.045622	-29.443661	-37.272848
0.015556	-0.740279	-5.059238	-29.541267	-37.255890
0.016003	-0.729578	-5.072954	-29.638880	-37.239050
0.016452	-0.718671	-5.086772	-29.736500	-37.222334
0.016902	-0.706616	-5.100693	-29.834127	-37.205745
0.017353	-0.694465	-5.114719	-29.931761	-37.189288
0.017806	-0.682266	-5.128851	-30.029403	-37.172969
0.018259	-0.669061	-5.143091	-30.127054	-37.156792
0.018712	-0.655889	-5.157437	-30.224712	-37.140762
0.019166	-0.641783	-5.171893	-30.322380	-37.124885
0.000000	0.000000	-5.171893	-30.322380	-37.124885
