0.050860	-0.851568	0.000000	0.000000	0.000000
0.046498	-0.811561	0.099999	0.000335	-0.000383
0.042220	-0.764582	0.199994	0.000990	-0.001103
0.038059	-0.708978	0.299984	0.001950	-0.002115
0.034052	-0.642558	0.399969	0.003199	-0.003375
0.030245	-0.562431	0.499946	0.004720	-0.004838
0.026693	-0.465852	0.599917	0.006497	-0.006464
0.023467	-0.346214	0.699882	0.008512	-0.008209
0.020656	-0.200514	0.799840	0.010749	-0.010033
0.018367	-0.023925	0.899793	0.013187	-0.011899
0.016710	0.182970	0.999741	0.015809	-0.013769
0.015764	0.411426	1.099685	0.018595	-0.015608
0.015531	0.644605	1.199626	0.021526	-0.017385
0.015909	0.864439	1.299566	0.024581	-0.019068
0.016733	1.058754	1.399504	0.027739	-0.020630
0.017825	1.226239	1.499441	0.030979	-0.022046
0.019034	1.371230	1.599379	0.034279	-0.023294
0.020249	1.497099	1.699317	0.037617	-0.024356
0.021392	1.610265	1.799257	0.040970	-0.025216
0.022414	1.715506	1.899199	0.044314	-0.025862
0.023288	1.816907	1.999144	0.047626	-0.026286
0.024015	1.917814	2.099091	0.050882	-0.026485
0.024639	2.020239	2.199040	0.054055	-0.026457
0.025217	2.124198	2.298993	0.057121	-0.026208
0.025812	2.231932	2.398949	0.060055	-0.025745
0.026484	2.340949	2.498908	0.062830	-0.025077
0.027289	2.452107	2.598871	0.065421	-0.024220
0.028274	2.561777	2.698837	0.067801	-0.023189
0.029470	2.670079	2.798807	0.069945	-0.022004
0.030896	2.773166	2.898781	0.071826	-0.020684
0.032556	2.870464	2.998758	0.073419	-0.019254
0.034439	2.961831	3.098738	0.074698	-0.017736
0.036524	3.044594	3.198721	0.075638	-0.016158
0.038781	3.119511	3.298707	0.076214	-0.014544
0.041177	-3.096511	3.398693	0.076403	-0.012922
0.043675	-3.035785	3.498680	0.076181	-0.011318
0.046238	-2.983050	3.598666	0.075524	-0.009762
0.048827	-2.936804	3.698649	0.074411	-0.008278
0.051408	-2.896546	3.798627	0.072820	-0.006895
0.053943	-2.860805	3.898597	0.070730	-0.005637
0.056399	-2.831163	3.998557	0.068122	-0.004528
0.058748	-2.806160	4.098503	0.064978	-0.003593
0.060978	-2.784029	4.198432	0.061279	-0.002852
0.063087	-2.766057	4.298339	0.057010	-0.002325
0.065075	-2.750665	4.398221	0.052155	-0.002030
0.066946	-2.737381	4.498072	0.046699	-0.001984
0.068701	-2.724808	4.597887	0.040629	-0.002202
0.070348	-2.714612	4.697662	0.033933	-0.002699
0.071891	-2.705508	4.797389	0.026599	-0.003488
0.073338	-2.696248	4.897064	0.018615	-0.004582
0.074696	-2.688614	4.996680	0.009973	-0.005992
0.075972	-2.681410	5.096230	0.000662	-0.007730
0.077174	-2.673461	5.195709	-0.009325	-0.009806
0.078312	-2.666604	5.295108	-0.019996	-0.012231
0.079392	-2.658693	5.394422	-0.031358	-0.015014
0.080424	-2.651589	5.493642	-0.043417	-0.018166
0.081418	-2.643163	5.592762	-0.056178	-0.021697
0.082381	-2.635294	5.691773	-0.069646	-0.025616
0.083325	-2.625870	5.790668	-0.083826	-0.029935
0.084259	-2.616786	5.889440	-0.098720	-0.034663
0.085193	-2.605943	5.988079	-0.114332	-0.039813
0.086137	-2.594281	6.086579	-0.130665	-0.045395
0.087093	-2.582862	6.184929	-0.147718	-0.051424
0.088062	-2.569774	6.283122	-0.165495	-0.057912
0.089043	-2.556101	6.381149	-0.183996	-0.064874
0.090038	-2.541924	6.479001	-0.203220	-0.072324
0.091046	-2.528320	6.576668	-0.223167	-0.080278
0.092067	-2.513364	6.674141	-0.243836	-0.088751
0.093101	-2.499125	6.771410	-0.265227	-0.097759
0.094147	-2.483671	6.868466	-0.287336	-0.107319
0.095204	-2.469066	6.965297	-0.310162	-0.117447
0.096272	-2.453368	7.061895	-0.333702	-0.128159
0.097348	-2.438635	7.158248	-0.357953	-0.139473
0.098431	-2.423918	7.254346	-0.382910	-0.151406
0.099519	-2.408269	7.350177	-0.408571	-0.163974
0.100610	-2.393732	7.445730	-0.434929	-0.177195
0.101701	-2.380351	7.540994	-0.461981	-0.191085
0.102790	-2.366166	7.635958	-0.489722	-0.205660
0.103873	-2.352212	7.730608	-0.518145	-0.220937
0.104948	-2.339525	7.824934	-0.547246	-0.236931
0.106011	-2.326134	7.918922	-0.577018	-0.253658
0.107058	-2.314062	8.012561	-0.607456	-0.271132
0.108089	-2.302298	8.105837	-0.638552	-0.289369
0.109104	-2.290825	8.198738	-0.670300	-0.308382
0.110100	-2.279627	8.291250	-0.702694	-0.328183
0.111079	-2.268689	8.383361	-0.735726	-0.348788
0.112039	-2.258996	8.475056	-0.769389	-0.370206
0.112980	-2.248534	8.566323	-0.803675	-0.392451
0.113901	-2.238290	8.657148	-0.838577	-0.415534
0.114802	-2.229252	8.747516	-0.874086	-0.439465
0.115684	-2.219406	8.837414	-0.910194	-0.464256
0.116545	-2.210741	8.926827	-0.946893	-0.489915
0.117385	-2.201248	9.015743	-0.984173	-0.516453
0.118203	-2.191914	9.104145	-1.022025	-0.543879
0.119001	-2.182729	9.192021	-1.060440	-0.572201
0.119777	-2.173685	9.279356	-1.099406	-0.601428
0.120532	-2.164772	9.366136	-1.138913	-0.631568
0.121265	-2.155980	9.452347	-1.178951	-0.662628
0.121976	-2.147301	9.537973	-1.219507	-0.694616
0.122665	-2.138728	9.623002	-1.260571	-0.727539
0.123332	-2.129251	9.707418	-1.302131	-0.761401
0.123976	-2.119866	9.791209	-1.344173	-0.796211
0.124597	-2.110577	9.874359	-1.386683	-0.831973
0.125192	-2.101389	9.956855	-1.429649	-0.868693
0.125761	-2.092309	10.038683	-1.473056	-0.906375
0.126301	-2.083340	10.119830	-1.516889	-0.945025
0.126810	-2.073489	10.200282	-1.561135	-0.984646
0.127288	-2.063759	10.280026	-1.605777	-1.025241
0.127731	-2.055155	10.359050	-1.650798	-1.066814
0.128139	-2.044681	10.437340	-1.696185	-1.109367
0.128510	-2.035340	10.514884	-1.741918	-1.152903
0.128841	-2.026137	10.591670	-1.787982	-1.197422
0.129131	-2.016074	10.667687	-1.834359	-1.242926
0.129378	-2.007154	10.742923	-1.881032	-1.289416
0.129580	-1.997382	10.817366	-1.927983	-1.336889
0.129735	-1.987759	10.891008	-1.975194	-1.385346
0.129841	-1.978289	10.963836	-2.022646	-1.434786
0.129897	-1.968975	11.035843	-2.070322	-1.485205
0.129900	-1.958820	11.107018	-2.118202	-1.536601
0.129848	-1.949827	11.177354	-2.166268	-1.588971
0.129739	-1.940999	11.246842	-2.214501	-1.642310
0.129574	-1.931330	11.315474	-2.262882	-1.696613
0.129361	-1.921781	11.383244	-2.311394	-1.751874
0.129111	-1.912306	11.450147	-2.360015	-1.808089
0.128834	-1.902858	11.516175	-2.408728	-1.865249
0.128542	-1.893396	11.581324	-2.457514	-1.923348
0.128245	-1.883877	11.645590	-2.506354	-1.982379
0.127956	-1.874261	11.708967	-2.555229	-2.042334
0.127685	-1.863509	11.771451	-2.604120	-2.103206
0.127444	-1.852584	11.833039	-2.653007	-2.164987
0.127244	-1.842452	11.893728	-2.701870	-2.227671
0.127097	-1.830080	11.953513	-2.750690	-2.291250
0.127016	-1.818438	12.012393	-2.799446	-2.355718
0.127011	-1.806500	12.070363	-2.848116	-2.421069
0.127095	-1.793243	12.127420	-2.896680	-2.487296
0.127281	-1.779646	12.183561	-2.945116	-2.554395
0.127580	-1.765697	12.238782	-2.993399	-2.622360
0.128006	-1.750384	12.293080	-3.041507	-2.691188
0.128571	-1.734704	12.346452	-3.089414	-2.760877
0.129287	-1.718658	12.398892	-3.137093	-2.831422
0.130168	-1.701253	12.450397	-3.184519	-2.902823
0.131221	-1.683528	12.500962	-3.231662	-2.975078
0.132427	-1.665633	12.550581	-3.278491	-3.048187
0.133765	-1.646734	12.599249	-3.324975	-3.122151
0.135207	-1.628981	12.646960	-3.371082	-3.196970
0.136730	-1.610512	12.693707	-3.416778	-3.272643
0.138306	-1.592453	12.739484	-3.462031	-3.349172
0.139909	-1.575913	12.784285	-3.506804	-3.426556
0.141512	-1.558991	12.828103	-3.551066	-3.504792
0.143087	-1.544776	12.870930	-3.594782	-3.583880
0.144606	-1.531347	12.912759	-3.637920	-3.663814
0.146043	-1.519776	12.953581	-3.680449	-3.744590
0.147367	-1.510133	12.993388	-3.722343	-3.826201
0.148552	-1.502483	13.032172	-3.763573	-3.908638
0.149570	-1.497895	13.069921	-3.804117	-3.991892
0.150394	-1.495437	13.106624	-3.843956	-4.075950
0.150996	-1.496185	13.142271	-3.883073	-4.160798
0.151351	-1.499222	13.176847	-3.921459	-4.246419
0.151432	-1.505645	13.210339	-3.959106	-4.332796
0.151216	-1.514565	13.242734	-3.996012	-4.419908
0.150679	-1.526113	13.274017	-4.032182	-4.507732
0.149809	-1.541397	13.304175	-4.067622	-4.596245
0.148629	-1.559353	13.333194	-4.102349	-4.685419
0.147175	-1.579881	13.361062	-4.136381	-4.775225
0.145479	-1.600886	13.387767	-4.169743	-4.865635
0.143578	-1.624275	13.413299	-4.202460	-4.956617
0.141503	-1.648952	13.437652	-4.234562	-5.048139
0.139288	-1.673812	13.460820	-4.266081	-5.140170
0.136965	-1.698738	13.482801	-4.297051	-5.232678
0.134564	-1.724598	13.503594	-4.327504	-5.325632
0.132114	-1.751238	13.523201	-4.357473	-5.418999
0.129642	-1.776482	13.541626	-4.386995	-5.512748
0.127173	-1.802123	13.558875	-4.416101	-5.606851
0.124730	-1.827928	13.574955	-4.444824	-5.701278
0.122332	-1.851626	13.589875	-4.473197	-5.796001
0.119997	-1.874917	13.603645	-4.501248	-5.890993
0.117739	-1.896461	13.616279	-4.529005	-5.986229
0.115570	-1.916888	13.627787	-4.556495	-6.081685
0.113500	-1.933790	13.638183	-4.583739	-6.177339
0.111538	-1.948733	13.647481	-4.610757	-6.273170
0.109690	-1.960251	13.655695	-4.637566	-6.369159
0.107962	-1.967944	13.662840	-4.664177	-6.465288
0.106341	-1.971757	13.668929	-4.690598	-6.561542
0.104818	-1.971741	13.673977	-4.716832	-6.657907
0.103383	-1.967966	13.677998	-4.742881	-6.754371
0.102031	-1.960522	13.681006	-4.768739	-6.850924
0.100759	-1.950517	13.683017	-4.794399	-6.947554
0.099563	-1.937076	13.684045	-4.819852	-7.044255
0.098444	-1.919341	13.684103	-4.845085	-7.141020
0.097401	-1.899470	13.683208	-4.870081	-7.237841
0.096435	-1.876637	13.681374	-4.894822	-7.334715
0.095546	-1.851031	13.678617	-4.919289	-7.431636
0.094734	-1.823855	13.674953	-4.943459	-7.528602
0.094000	-1.793326	13.670398	-4.967309	-7.625610
0.093340	-1.761668	13.664970	-4.990813	-7.722657
0.092752	-1.727116	13.658686	-5.013944	-7.819741
0.092231	-1.691909	13.651567	-5.036677	-7.916863
0.091771	-1.656288	13.643631	-5.058981	-8.014020
0.091365	-1.619494	13.634899	-5.080831	-8.111212
0.091001	-1.582763	13.625392	-5.102198	-8.208439
0.090669	-1.547326	13.615132	-5.123055	-8.305700
0.090356	-1.512381	13.604140	-5.143377	-8.402995
0.090054	-1.479014	13.592440	-5.163140	-8.500321
0.089755	-1.446281	13.580052	-5.182322	-8.597680
0.089449	-1.416232	13.567000	-5.200902	-8.695068
0.089129	-1.387913	13.553305	-5.218860	-8.792484
0.088785	-1.362365	13.538986	-5.236182	-8.889926
0.088408	-1.337625	13.524065	-5.252852	-8.987391
0.087991	-1.315728	13.508561	-5.268858	-9.084877
0.087523	-1.294705	13.492492	-5.284189	-9.182379
0.086995	-1.276588	13.475875	-5.298838	-9.279895
0.086400	-1.260407	13.458729	-5.312796	-9.377420
0.085728	-1.246194	13.441069	-5.326061	-9.474950
0.084970	-1.232981	13.422909	-5.338628	-9.572481
0.084119	-1.221805	13.404264	-5.350498	-9.670008
0.083165	-1.212709	13.385148	-5.361671	-9.767526
0.082101	-1.204739	13.365574	-5.372150	-9.865030
0.080919	-1.197953	13.345555	-5.381940	-9.962516
0.079611	-1.193419	13.325102	-5.391047	-10.059977
0.078170	-1.189221	13.304227	-5.399479	-10.157410
0.076589	-1.187457	13.282941	-5.407247	-10.254809
0.074865	-1.186230	13.261255	-5.414363	-10.352169
0.073005	-1.186568	13.239181	-5.420841	-10.449487
0.071023	-1.188494	13.216728	-5.426696	-10.546758
0.068931	-1.191053	13.193907	-5.431946	-10.643978
0.066741	-1.196308	13.170729	-5.436609	-10.741143
0.064468	-1.202340	13.147203	-5.440705	-10.838249
0.062126	-1.210255	13.123339	-5.444256	-10.935295
0.059729	-1.220179	13.099145	-5.447284	-11.032277
0.057291	-1.232261	13.074631	-5.449812	-11.129193
0.054829	-1.246677	13.049806	-5.451865	-11.226041
0.052359	-1.263623	13.024676	-5.453466	-11.322819
0.049897	-1.282323	12.999249	-5.454642	-11.419525
0.047460	-1.305019	12.973533	-5.455419	-11.516159
0.045066	-1.330970	12.947535	-5.455821	-11.612719
0.042733	-1.359440	12.921259	-5.455875	-11.709205
0.040481	-1.392687	12.894712	-5.455608	-11.805617
0.038327	-1.428933	12.867900	-5.455045	-11.901954
0.036291	-1.470342	12.840826	-5.454211	-11.998215
0.034392	-1.514969	12.813496	-5.453132	-12.094402
0.032646	-1.564715	12.785913	-5.451832	-12.190514
0.031067	-1.617331	12.758080	-5.450335	-12.286551
0.029662	-1.674577	12.730001	-5.448665	-12.382514
0.028434	-1.735099	12.701679	-5.446842	-12.478402
0.027385	-1.797359	12.673115	-5.444889	-12.574215
0.026513	-1.862641	12.644312	-5.442825	-12.669955
0.025814	-1.929078	12.615270	-5.440671	-12.765621
0.025283	-1.995699	12.585992	-5.438444	-12.861213
0.024907	-2.061497	12.556479	-5.436164	-12.956732
0.024676	-2.125497	12.526730	-5.433846	-13.052176
0.024574	-2.186828	12.496747	-5.431507	-13.147547
0.024584	-2.244767	12.466530	-5.429161	-13.242843
0.024691	-2.298766	12.436079	-5.426824	-13.338065
0.024876	-2.348456	12.405393	-5.424508	-13.433213
0.025124	-2.394630	12.374472	-5.422227	-13.528285
0.025418	-2.435218	12.343317	-5.419991	-13.623281
0.025746	-2.472255	12.311925	-5.417811	-13.718201
0.026094	-2.504851	12.280298	-5.415698	-13.813045
0.026452	-2.532166	12.248432	-5.413660	-13.907810
0.026809	-2.556384	12.216329	-5.411705	-14.002496
0.027158	-2.577701	12.183986	-5.409841	-14.097103
0.027491	-2.594336	12.151402	-5.408075	-14.191629
0.027806	-2.607615	12.118577	-5.406411	-14.286074
0.028099	-2.618864	12.085510	-5.404855	-14.380436
0.028368	-2.626382	12.052198	-5.403410	-14.474713
0.028615	-2.632445	12.018641	-5.402079	-14.568905
0.028837	-2.636307	11.984838	-5.400866	-14.663011
0.029037	-2.637199	11.950788	-5.399771	-14.757029
0.029214	-2.637340	11.916488	-5.398797	-14.850958
0.029370	-2.634932	11.881939	-5.397943	-14.944796
0.029507	-2.632170	11.847138	-5.397210	-15.038542
0.029626	-2.627236	11.812084	-5.396598	-15.132195
0.029728	-2.621309	11.776777	-5.396106	-15.225753
0.029814	-2.614559	11.741214	-5.395732	-15.319215
0.029887	-2.607155	11.705395	-5.395475	-15.412580
0.029948	-2.599264	11.669319	-5.395334	-15.505845
0.029997	-2.590048	11.632984	-5.395306	-15.599011
0.030036	-2.581672	11.596390	-5.395389	-15.692075
0.030066	-2.571298	11.559536	-5.395581	-15.785036
0.030087	-2.562088	11.522420	-5.395879	-15.877892
0.030100	-2.552207	11.485043	-5.396281	-15.970643
0.030105	-2.542793	11.447402	-5.396783	-16.063287
0.030103	-2.532881	11.409498	-5.397384	-16.155823
0.030094	-2.524481	11.371331	-5.398079	-16.248250
0.030078	-2.515606	11.332899	-5.398868	-16.340567
0.030057	-2.506269	11.294202	-5.399747	-16.432772
0.030029	-2.498485	11.255241	-5.400713	-16.524865
0.029997	-2.490268	11.216016	-5.401764	-16.616845
0.029960	-2.482635	11.176525	-5.402898	-16.708710
0.029918	-2.475604	11.136770	-5.404112	-16.800460
0.029873	-2.469191	11.096751	-5.405405	-16.892094
0.029825	-2.464418	11.056467	-5.406773	-16.983611
0.029774	-2.459302	11.015920	-5.408217	-17.075010
0.029722	-2.454865	10.975110	-5.409733	-17.166291
0.029668	-2.451127	10.934036	-5.411322	-17.257453
0.029614	-2.449108	10.892701	-5.412980	-17.348495
0.029560	-2.446831	10.851104	-5.414709	-17.439417
0.029508	-2.446316	10.809247	-5.416506	-17.530217
0.029457	-2.446583	10.767130	-5.418372	-17.620896
0.029409	-2.448655	10.724753	-5.420307	-17.711453
0.029365	-2.451549	10.682119	-5.422310	-17.801886
0.029325	-2.455269	10.639227	-5.424384	-17.892197
0.029290	-2.459746	10.596079	-5.426528	-17.982384
0.029259	-2.465898	10.552676	-5.428744	-18.072446
0.029231	-2.472640	10.509018	-5.431033	-18.162384
0.029205	-2.479889	10.465107	-5.433398	-18.252196
0.029182	-2.488560	10.420945	-5.435840	-18.341883
0.029159	-2.497571	10.376531	-5.438362	-18.431443
0.029136	-2.506840	10.331868	-5.440966	-18.520877
0.029113	-2.516286	10.286957	-5.443654	-18.610184
0.029088	-2.526828	10.241798	-5.446430	-18.699364
0.029060	-2.536389	10.196395	-5.449295	-18.788416
0.029028	-2.546889	10.150747	-5.452253	-18.877340
0.028991	-2.557254	10.104857	-5.455307	-18.966137
0.028947	-2.566408	10.058726	-5.458458	-19.054805
0.028895	-2.576277	10.012356	-5.461709	-19.143344
0.028833	-2.585787	9.965748	-5.465063	-19.231755
0.028760	-2.594865	9.918905	-5.468522	-19.320037
0.028674	-2.603440	9.871827	-5.472089	-19.408190
0.028574	-2.611436	9.824518	-5.475764	-19.496215
0.028457	-2.618779	9.776979	-5.479550	-19.584111
0.028323	-2.625410	9.729213	-5.483448	-19.671879
0.028172	-2.631338	9.681220	-5.487460	-19.759518
0.028006	-2.635583	9.633004	-5.491586	-19.847029
0.027825	-2.640165	9.584567	-5.495826	-19.934413
0.027631	-2.643102	9.535911	-5.500182	-20.021669
0.027425	-2.646409	9.487038	-5.504652	-20.108798
0.027209	-2.648099	9.437951	-5.509237	-20.195800
0.026984	-2.650183	9.388651	-5.513937	-20.282676
0.026751	-2.650674	9.339142	-5.518750	-20.369427
0.026513	-2.650579	9.289425	-5.523676	-20.456052
0.026270	-2.649910	9.239502	-5.528715	-20.542552
0.026024	-2.648675	9.189376	-5.533864	-20.628929
0.025777	-2.646884	9.139049	-5.539122	-20.715181
0.025530	-2.644546	9.088523	-5.544488	-20.801311
0.025284	-2.640674	9.037799	-5.549960	-20.887318
0.025042	-2.637278	8.986881	-5.555537	-20.973203
0.024805	-2.632372	8.935769	-5.561216	-21.058966
0.024575	-2.627974	8.884465	-5.566995	-21.144608
0.024353	-2.622101	8.832971	-5.572873	-21.230129
0.024141	-2.615774	8.781289	-5.578846	-21.315529
0.023941	-2.609027	8.729419	-5.584914	-21.400809
0.023752	-2.601928	8.677364	-5.591073	-21.485970
0.023574	-2.594557	8.625124	-5.597322	-21.571011
0.023408	-2.586997	8.572700	-5.603658	-21.655932
0.023253	-2.579336	8.520094	-5.610078	-21.740734
0.023109	-2.571662	8.467305	-5.616580	-21.825416
0.022976	-2.563065	8.414336	-5.623163	-21.909979
0.022853	-2.555638	8.361187	-5.629824	-21.994423
0.022741	-2.548474	8.307858	-5.636560	-22.078748
0.022638	-2.541670	8.254350	-5.643371	-22.162953
0.022545	-2.535318	8.200664	-5.650253	-22.247039
0.022460	-2.529515	8.146800	-5.657206	-22.331005
0.022384	-2.524356	8.092759	-5.664227	-22.414852
0.022315	-2.519936	8.038541	-5.671316	-22.498578
0.022254	-2.517347	7.984147	-5.678472	-22.582185
0.022200	-2.514685	7.929578	-5.685692	-22.665672
0.022153	-2.514041	7.874833	-5.692978	-22.749038
0.022111	-2.514507	7.819914	-5.700328	-22.832284
0.022076	-2.516172	7.764822	-5.707742	-22.915410
0.022046	-2.520125	7.709556	-5.715221	-22.998415
0.022021	-2.524423	7.654118	-5.722766	-23.081298
0.022002	-2.530992	7.598509	-5.730376	-23.164061
0.021987	-2.539726	7.542728	-5.738054	-23.246702
0.021976	-2.548519	7.486778	-5.745801	-23.329222
0.021969	-2.559261	7.430659	-5.753618	-23.411621
0.021964	-2.570847	7.374372	-5.761509	-23.493898
0.021962	-2.583169	7.317918	-5.769475	-23.576053
0.021962	-2.596121	7.261299	-5.777519	-23.658087
0.021963	-2.609600	7.204515	-5.785643	-23.739999
0.021964	-2.623501	7.147569	-5.793851	-23.821790
0.021964	-2.638725	7.090461	-5.802144	-23.903459
0.021964	-2.653174	7.033193	-5.810527	-23.985008
0.021960	-2.667750	6.975766	-5.819001	-24.066435
0.021953	-2.683363	6.918182	-5.827570	-24.147741
0.021941	-2.697921	6.860443	-5.836236	-24.228926
0.021922	-2.712337	6.802550	-5.845003	-24.309991
0.021896	-2.726526	6.744505	-5.853872	-24.390937
0.021860	-2.741406	6.686311	-5.862847	-24.471763
0.021813	-2.754897	6.627968	-5.871931	-24.552470
0.021754	-2.767920	6.569479	-5.881124	-24.633058
0.021680	-2.779422	6.510846	-5.890431	-24.713529
0.021590	-2.791459	6.452070	-5.899851	-24.793882
0.021485	-2.803112	6.393154	-5.909387	-24.874120
0.021362	-2.813463	6.334101	-5.919041	-24.954241
0.021222	-2.824594	6.274911	-5.928813	-25.034248
0.021064	-2.834592	6.215588	-5.938705	-25.114141
0.020888	-2.844543	6.156134	-5.948717	-25.193922
0.020692	-2.854539	6.096551	-5.958850	-25.273591
0.020477	-2.863675	6.036842	-5.969104	-25.353151
0.020242	-2.874052	5.977009	-5.979480	-25.432601
0.019988	-2.884776	5.917055	-5.989978	-25.511944
0.019713	-2.894963	5.856983	-6.000598	-25.591182
0.019419	-2.905737	5.796797	-6.011340	-25.670316
0.019104	-2.917235	5.736498	-6.022204	-25.749348
0.018769	-2.929607	5.676090	-6.033189	-25.828280
0.018414	-2.943019	5.615578	-6.044294	-25.907114
0.018039	-2.956658	5.554964	-6.055521	-25.985853
0.017646	-2.972734	5.494251	-6.066867	-26.064500
0.017235	-2.989481	5.433445	-6.078332	-26.143057
0.016807	-3.008171	5.372549	-6.089916	-26.221526
0.016364	-3.029062	5.311567	-6.101617	-26.299912
0.015914	-3.051249	5.250504	-6.113436	-26.378217
0.015463	-3.076760	5.189365	-6.125370	-26.456444
0.015021	-3.103579	5.128154	-6.137421	-26.534598
0.014593	-3.133632	5.066876	-6.149585	-26.612681
0.014189	3.118415	5.005536	-6.161864	-26.690698
0.013814	3.085438	4.944139	-6.174257	-26.768652
0.013474	3.050979	4.882690	-6.186763	-26.846547
0.013177	3.015514	4.821193	-6.199382	-26.924386
0.012926	2.979644	4.759652	-6.212113	-27.002172
0.012725	2.944081	4.698073	-6.224958	-27.079909
0.012577	2.908629	4.636459	-6.237915	-27.157599
0.012485	2.876145	4.574813	-6.250987	-27.235246
0.012448	2.846501	4.513140	-6.264172	-27.312851
0.012467	2.819532	4.451442	-6.277474	-27.390417
0.012541	2.798000	4.389722	-6.290892	-27.467945
0.012672	2.780552	4.327982	-6.304428	-27.545436
0.012858	2.768693	4.266223	-6.318084	-27.622892
0.013101	2.762772	4.204447	-6.331863	-27.700312
0.013402	2.761972	4.142654	-6.345766	-27.777695
0.013763	2.767147	4.080843	-6.359798	-27.855042
0.014181	2.777385	4.019014	-6.373960	-27.932351
0.014652	2.791615	3.957165	-6.388256	-28.009619
0.015169	2.808827	3.895294	-6.402691	-28.086844
0.015730	2.827103	3.833399	-6.417268	-28.164022
0.016329	2.846641	3.771476	-6.431991	-28.241150
0.016961	2.866758	3.709523	-6.446866	-28.318225
0.017619	2.887890	3.647534	-6.461896	-28.395242
0.018298	2.906583	3.585508	-6.477087	-28.472196
0.018989	2.925483	3.523439	-6.492442	-28.549083
0.019684	2.943315	3.461324	-6.507967	-28.625899
0.020376	2.959876	3.399158	-6.523667	-28.702638
0.021055	2.975014	3.336938	-6.539545	-28.779297
0.021713	2.988618	3.274660	-6.555607	-28.855870
0.022340	3.000604	3.212319	-6.571856	-28.932353
0.022928	3.011907	3.149913	-6.588297	-29.008742
0.023466	3.020468	3.087439	-6.604934	-29.085032
0.023946	3.027227	3.024893	-6.621769	-29.161219
0.024357	3.033118	2.962273	-6.638806	-29.237302
0.024692	3.037056	2.899578	-6.656047	-29.313276
0.024943	3.038997	2.836806	-6.673496	-29.389139
0.025111	3.039119	2.773956	-6.691152	-29.464889
0.025199	3.037620	2.711028	-6.709019	-29.540526
0.025212	3.035663	2.648023	-6.727096	-29.616048
0.025152	3.032387	2.584941	-6.745385	-29.691455
0.025025	3.027908	2.521784	-6.763884	-29.766747
0.024833	3.021330	2.458552	-6.782592	-29.841925
0.024581	3.014742	2.395249	-6.801511	-29.916990
0.024272	3.008229	2.331876	-6.820636	-29.991944
0.023910	2.999868	2.268436	-6.839968	-30.066788
0.023499	2.990738	2.204931	-6.859503	-30.141525
0.023043	2.980916	2.141365	-6.879240	-30.216156
0.022545	2.970486	2.077741	-6.899174	-30.290685
0.022009	2.960535	2.014062	-6.919304	-30.365115
0.021437	2.949163	1.950332	-6.939624	-30.439449
0.020833	2.937481	1.886553	-6.960131	-30.513690
0.020200	2.925621	1.822729	-6.980822	-30.587841
0.019540	2.914733	1.758864	-7.001690	-30.661907
0.018857	2.902996	1.694961	-7.022732	-30.735891
0.018151	2.891625	1.631023	-7.043942	-30.809797
0.017426	2.879821	1.567052	-7.065314	-30.883628
0.016684	2.869584	1.503053	-7.086843	-30.957389
0.015927	2.859862	1.439028	-7.108522	-31.031082
0.015158	2.850607	1.374979	-7.130346	-31.104713
0.014379	2.840765	1.310909	-7.152307	-31.178284
0.013592	2.832287	1.246819	-7.174399	-31.251799
0.012802	2.823115	1.182713	-7.196616	-31.325262
0.012009	2.815191	1.118592	-7.218950	-31.398676
0.011218	2.806447	1.054457	-7.241395	-31.472045
0.010432	2.797806	0.990311	-7.263943	-31.545372
0.009652	2.790175	0.926155	-7.286588	-31.618661
0.008882	2.781441	0.861990	-7.309322	-31.691914
0.008125	2.773461	0.797818	-7.332138	-31.765135
0.007385	2.764051	0.733640	-7.355030	-31.838327
0.006663	2.754967	0.669456	-7.377992	-31.911494
0.005964	2.743879	0.605269	-7.401015	-31.984637
0.005290	2.732332	0.541079	-7.424094	-32.057759
0.004645	2.718679	0.476886	-7.447224	-32.130865
0.004032	2.700988	0.412692	-7.470397	-32.203954
0.003454	2.679878	0.348497	-7.493608	-32.277032
0.002915	2.652284	0.284302	-7.516852	-32.350098
0.002416	2.615073	0.220108	-7.540125	-32.423156
0.001956	2.563972	0.155915	-7.563420	-32.496208
0.001538	2.487455	0.091724	-7.586734	-32.569256
0.001168	2.368117	0.027535	-7.610064	-32.642300
0.000855	2.169027	-0.036652	-7.633404	-32.715343
0.000630	1.827171	-0.100835	-7.656753	-32.788387
0.000539	1.321855	-0.165014	-7.680106	-32.861432
0.000597	0.847232	-0.229190	-7.703462	-32.934480
0.000737	0.546490	-0.293361	-7.726817	-33.007532
0.000898	0.374853	-0.357527	-7.750170	-33.080590
0.001054	0.274806	-0.421688	-7.773518	-33.153653
0.001194	0.213024	-0.485844	-7.796860	-33.226722
0.001313	0.174988	-0.549994	-7.820195	-33.299800
0.001410	0.153703	-0.614138	-7.843522	-33.372885
0.001486	0.142871	-0.678276	-7.866839	-33.445978
0.001539	0.141167	-0.742407	-7.890145	-33.519081
0.001571	0.147421	-0.806532	-7.913442	-33.592192
0.001582	0.161236	-0.870649	-7.936728	-33.665313
0.001574	0.182801	-0.934760	-7.960004	-33.738444
0.001549	0.212742	-0.998863	-7.983269	-33.811584
0.001508	0.250804	-1.062959	-8.006525	-33.884734
0.001454	0.300087	-1.127047	-8.029772	-33.957893
0.001392	0.360118	-1.191128	-8.053011	-34.031062
0.001324	0.434794	-1.255200	-8.076243	-34.104240
0.001255	0.524206	-1.319265	-8.099469	-34.177426
0.001191	0.632242	-1.383322	-8.122690	-34.250621
0.001136	0.757818	-1.447370	-8.145908	-34.323824
0.001097	0.900761	-1.511411	-8.169125	-34.397035
0.001080	1.057769	-1.575443	-8.192341	-34.470253
0.001089	1.219373	-1.639467	-8.215560	-34.543478
0.001124	1.377568	-1.703482	-8.238781	-34.616709
0.001183	1.525461	-1.767489	-8.262007	-34.689946
0.001264	1.656182	-1.831488	-8.285241	-34.763188
0.001361	1.770122	-1.895479	-8.308482	-34.836434
0.001468	1.865991	-1.959461	-8.331733	-34.909685
0.001581	1.947679	-2.023435	-8.354997	-34.982939
0.001696	2.016429	-2.087402	-8.378273	-35.056195
0.001809	2.074384	-2.151360	-8.401564	-35.129454
0.001916	2.123409	-2.215310	-8.424872	-35.202715
0.002016	2.165112	-2.279252	-8.448197	-35.275977
0.002106	2.200996	-2.343187	-8.471540	-35.349240
0.002187	2.233235	-2.407114	-8.494903	-35.422503
0.002259	2.260704	-2.471034	-8.518287	-35.495766
0.002321	2.286064	-2.534947	-8.541693	-35.569028
0.002373	2.308816	-2.598854	-8.565120	-35.642289
0.002415	2.328343	-2.662753	-8.588570	-35.715548
0.002448	2.346940	-2.726646	-8.612044	-35.788806
0.002472	2.363831	-2.790533	-8.635541	-35.862061
0.002486	2.379182	-2.854415	-8.659062	-35.935314
0.002492	2.393118	-2.918290	-8.682607	-36.008564
0.002489	2.405722	-2.982160	-8.706176	-36.081811
0.002478	2.417046	-3.046025	-8.729769	-36.155055
0.002458	2.427109	-3.109885	-8.753386	-36.228295
0.002431	2.435904	-3.173740	-8.777027	-36.301532
0.002396	2.443391	-3.237590	-8.800692	-36.374765
0.002354	2.449503	-3.301437	-8.824380	-36.447994
0.002305	2.454138	-3.365279	-8.848091	-36.521220
0.002250	2.457157	-3.429117	-8.871824	-36.594442
0.002188	2.458376	-3.492951	-8.895579	-36.667660
0.002120	2.456623	-3.556781	-8.919355	-36.740875
0.002046	2.453931	-3.620608	-8.943152	-36.814086
0.001967	2.448376	-3.684432	-8.966969	-36.887293
0.001883	2.442012	-3.748251	-8.990805	-36.960498
0.001793	2.432878	-3.812068	-9.014659	-37.033700
0.001699	2.421991	-3.875880	-9.038530	-37.106899
0.001600	2.410347	-3.939690	-9.062418	-37.180095
0.001497	2.395915	-4.003496	-9.086322	-37.253289
0.001390	2.379627	-4.067299	-9.110240	-37.326482
0.001279	2.362367	-4.131099	-9.134171	-37.399673
0.001164	2.341938	-4.194895	-9.158115	-37.472862
0.001045	2.320022	-4.258689	-9.182070	-37.546051
0.000923	2.294084	-4.322480	-9.206035	-37.619238
0.000797	2.265190	-4.386268	-9.230008	-37.692425
0.000668	2.229590	-4.450053	-9.253990	-37.765612
0.000536	2.185640	-4.513836	-9.277977	-37.838799
0.000400	2.123429	-4.577618	-9.301970	-37.911986
0.000262	2.014469	-4.641397	-9.325966	-37.985173
0.000126	1.703913	-4.705176	-9.349965	-38.058360
0.000077	0.082177	-4.768953	-9.373964	-38.131548
0.000205	-0.625048	-4.832731	-9.397963	-38.204736
0.000358	-0.785637	-4.896508	-9.421960	-38.277925
0.000516	-0.861052	-4.960287	-9.445953	-38.351114
0.000676	-0.910339	-5.024067	-9.469942	-38.424304
0.000837	-0.946344	-5.087849	-9.493924	-38.497493
0.000997	-0.975663	-5.151634	-9.517898	-38.570682
0.001155	-1.000921	-5.215424	-9.541864	-38.643871
0.001310	-1.023548	-5.279217	-9.565818	-38.717060
0.001460	-1.044420	-5.343016	-9.589761	-38.790248
0.001604	-1.064130	-5.406822	-9.613690	-38.863434
0.001741	-1.083116	-5.470634	-9.637605	-38.936619
0.001869	-1.101730	-5.534454	-9.661505	-39.009803
0.001988	-1.120275	-5.598283	-9.685388	-39.082984
0.002096	-1.139034	-5.662122	-9.709254	-39.156162
0.002192	-1.158288	-5.725970	-9.733102	-39.229338
0.002275	-1.179332	-5.789829	-9.756931	-39.302510
0.002344	-1.200491	-5.853700	-9.780741	-39.375679
0.002398	-1.224135	-5.917583	-9.804531	-39.448843
0.002435	-1.248703	-5.981479	-9.828302	-39.522002
0.002455	-1.276725	-6.045388	-9.852053	-39.595157
0.002458	-1.307760	-6.109311	-9.875784	-39.668305
0.002445	-1.342076	-6.173248	-9.899496	-39.741448
0.002418	-1.379885	-6.237199	-9.923190	-39.814583
0.002379	-1.422425	-6.301166	-9.946866	-39.887712
0.002331	-1.467944	-6.365147	-9.970525	-39.960833
0.002276	-1.518685	-6.429143	-9.994168	-40.033945
0.002215	-1.572867	-6.493155	-10.017797	-40.107049
0.002151	-1.632659	-6.557182	-10.041413	-40.180144
0.002086	-1.697148	-6.621224	-10.065017	-40.253229
0.002020	-1.765307	-6.685282	-10.088611	-40.326305
0.001957	-1.838961	-6.749354	-10.112195	-40.399370
0.001897	-1.916758	-6.813441	-10.135772	-40.472425
0.001842	-1.997162	-6.877543	-10.159344	-40.545469
0.001791	-2.081461	-6.941658	-10.182911	-40.618501
0.001745	-2.166809	-7.005788	-10.206476	-40.691523
0.001703	-2.254290	-7.069930	-10.230039	-40.764533
0.001665	-2.341009	-7.134086	-10.253603	-40.837532
0.001628	-2.428187	-7.198253	-10.277168	-40.910520
0.001592	-2.513243	-7.262432	-10.300737	-40.983497
0.001554	-2.596875	-7.326622	-10.324310	-41.056463
0.001513	-2.679391	-7.390822	-10.347888	-41.129418
0.001467	-2.761464	-7.455031	-10.371472	-41.202363
0.001418	-2.847112	-7.519249	-10.395063	-41.275298
0.001369	-2.936342	-7.583474	-10.418663	-41.348225
0.001320	-3.033029	-7.647706	-10.442271	-41.421142
0.001276	-3.136693	-7.711943	-10.465888	-41.494052
0.001241	3.034054	-7.776184	-10.489515	-41.566955
0.001217	2.913242	-7.840429	-10.513152	-41.639852
0.001210	2.786085	-7.904675	-10.536800	-41.712744
0.001223	2.656316	-7.968923	-10.560459	-41.785630
0.001258	2.528869	-8.033170	-10.584130	-41.858514
0.001317	2.408823	-8.097416	-10.607813	-41.931395
0.001398	2.300307	-8.161660	-10.631508	-42.004273
0.001501	2.205856	-8.225899	-10.655217	-42.077152
0.001624	2.126394	-8.290133	-10.678941	-42.150030
0.001764	2.061620	-8.354360	-10.702679	-42.222909
0.001920	2.010503	-8.418580	-10.726432	-42.295790
0.002089	1.970684	-8.482790	-10.750202	-42.368674
0.002272	1.942734	-8.546990	-10.773991	-42.441561
0.002466	1.923295	-8.611179	-10.797798	-42.514452
0.002672	1.912981	-8.675354	-10.821625	-42.587348
0.002887	1.907998	-8.739515	-10.845474	-42.660249
0.003109	1.907763	-8.803660	-10.869347	-42.733157
0.003335	1.911033	-8.867789	-10.893246	-42.806070
0.003562	1.916852	-8.931899	-10.917172	-42.878991
0.003790	1.923489	-8.995991	-10.941127	-42.951918
0.004015	1.932389	-9.060063	-10.965113	-43.024853
0.004236	1.941133	-9.124114	-10.989133	-43.097796
0.004450	1.951403	-9.188142	-11.013188	-43.170746
0.004655	1.960962	-9.252148	-11.037280	-43.243704
0.004849	1.970632	-9.316130	-11.061412	-43.316669
0.005030	1.980279	-9.380088	-11.085585	-43.389643
0.005196	1.989804	-9.444020	-11.109800	-43.462624
0.005344	1.999132	-9.507927	-11.134061	-43.535613
0.005472	2.008208	-9.571808	-11.158367	-43.608609
0.005577	2.016990	-9.635662	-11.182721	-43.681613
0.005658	2.025447	-9.699490	-11.207123	-43.754624
0.005712	2.033550	-9.763291	-11.231574	-43.827642
0.005736	2.042279	-9.827065	-11.256076	-43.900666
0.005728	2.049609	-9.890812	-11.280628	-43.973697
0.005687	2.056540	-9.954534	-11.305230	-44.046734
0.005615	2.063166	-10.018229	-11.329883	-44.119776
0.005514	2.069588	-10.081899	-11.354585	-44.192824
0.005386	2.075897	-10.145544	-11.379337	-44.265876
0.005235	2.083179	-10.209165	-11.404136	-44.338933
0.005062	2.089516	-10.272763	-11.428983	-44.411995
0.004872	2.095992	-10.336339	-11.453874	-44.485060
0.004666	2.103692	-10.399894	-11.478810	-44.558129
0.004446	2.111712	-10.463429	-11.503788	-44.631200
0.004217	2.119155	-10.526945	-11.528805	-44.704274
0.003979	2.128137	-10.590443	-11.553861	-44.777351
0.003737	2.137793	-10.653925	-11.578954	-44.850429
0.003492	2.148276	-10.717392	-11.604080	-44.923509
0.003248	2.160764	-10.780845	-11.629238	-44.996590
0.003007	2.173456	-10.844285	-11.654426	-45.069672
0.002771	2.188579	-10.907713	-11.679642	-45.142754
0.002544	2.204374	-10.971131	-11.704884	-45.215837
0.002328	2.223083	-11.034540	-11.730149	-45.288919
0.002126	2.243914	-11.097941	-11.755436	-45.362001
0.001940	2.267981	-11.161334	-11.780743	-45.435082
0.001773	2.293221	-11.224721	-11.806068	-45.508162
0.001624	2.321376	-11.288103	-11.831411	-45.581241
0.001492	2.351011	-11.351481	-11.856768	-45.654318
0.001375	2.381504	-11.414854	-11.882141	-45.727394
0.001272	2.412037	-11.478224	-11.907526	-45.800468
0.001182	2.442608	-11.541592	-11.932924	-45.873541
0.001102	2.470065	-11.604957	-11.958333	-45.946611
0.001032	2.495140	-11.668320	-11.983752	-46.019679
0.000969	2.515494	-11.731682	-12.009182	-46.092745
0.000912	2.529740	-11.795042	-12.034621	-46.165809
0.000860	2.536438	-11.858401	-12.060069	-46.238871
0.000811	2.534050	-11.921759	-12.085525	-46.311931
0.000764	2.520844	-11.985116	-12.110989	-46.384990
0.000719	2.494750	-12.048472	-12.136460	-46.458046
0.000675	2.453156	-12.111827	-12.161939	-46.531101
0.000631	2.392688	-12.175181	-12.187424	-46.604155
0.000590	2.309050	-12.238533	-12.212915	-46.677208
0.000553	2.197196	-12.301883	-12.238411	-46.750260
0.000523	2.052440	-12.365232	-12.263913	-46.823313
0.000507	1.872367	-12.428578	-12.289419	-46.896366
0.000509	1.666042	-12.491921	-12.314929	-46.969420
0.000535	1.450489	-12.555261	-12.340443	-47.042476
0.000586	1.247900	-12.618597	-12.365959	-47.115534
0.000659	1.071161	-12.681928	-12.391478	-47.188596
0.000751	0.922868	-12.745254	-12.416997	-47.261661
0.000856	0.799500	-12.808575	-12.442516	-47.334732
0.000973	0.695670	-12.871889	-12.468035	-47.407808
0.001097	0.606287	-12.935197	-12.493552	-47.480891
0.001227	0.527209	-12.998497	-12.519065	-47.553981
0.001362	0.455261	-13.061789	-12.544574	-47.627080
0.001501	0.389057	-13.125073	-12.570077	-47.700188
0.001643	0.324813	-13.188348	-12.595573	-47.773305
0.001788	0.262195	-13.251615	-12.621060	-47.846434
0.001937	0.201214	-13.314872	-12.646537	-47.919574
0.002089	0.139150	-13.378120	-12.672002	-47.992726
0.002248	0.077502	-13.441360	-12.697453	-48.065891
0.002413	0.015964	-13.504591	-12.722887	-48.139068
0.002586	-0.047603	-13.567813	-12.748304	-48.212260
0.002771	-0.111182	-13.631028	-12.773700	-48.285465
0.002969	-0.175615	-13.694235	-12.799073	-48.358684
0.003183	-0.239417	-13.757437	-12.824421	-48.431917
0.003417	-0.302288	-13.820633	-12.849741	-48.505164
0.003673	-0.362967	-13.883826	-12.875029	-48.578425
0.003951	-0.419493	-13.947016	-12.900284	-48.651700
0.004251	-0.472199	-14.010205	-12.925502	-48.724989
0.004575	-0.520686	-14.073395	-12.950679	-48.798291
0.004920	-0.564779	-14.136587	-12.975813	-48.871606
0.005285	-0.603475	-14.199784	-13.000899	-48.944933
0.005670	-0.637892	-14.262987	-13.025934	-49.018272
0.006071	-0.668229	-14.326199	-13.050914	-49.091623
0.006486	-0.694729	-14.389420	-13.075835	-49.164985
0.006915	-0.716658	-14.452654	-13.100694	-49.238358
0.007354	-0.736282	-14.515902	-13.125486	-49.311741
0.007802	-0.751860	-14.579166	-13.150206	-49.385135
0.008256	-0.765635	-14.642447	-13.174852	-49.458538
0.008714	-0.775829	-14.705748	-13.199417	-49.531952
0.009174	-0.784644	-14.769071	-13.223899	-49.605375
0.009634	-0.790258	-14.832416	-13.248293	-49.678807
0.010092	-0.794831	-14.895786	-13.272593	-49.752249
0.010545	-0.797499	-14.959182	-13.296797	-49.825701
0.010993	-0.798410	-15.022605	-13.320900	-49.899163
0.011434	-0.797798	-15.086056	-13.344896	-49.972635
0.011869	-0.795886	-15.149537	-13.368783	-50.046117
0.012299	-0.793859	-15.213049	-13.392555	-50.119610
0.012722	-0.789872	-15.276591	-13.416209	-50.193114
0.013140	-0.786060	-15.340165	-13.439741	-50.266631
0.013552	-0.780537	-15.403771	-13.463145	-50.340160
0.013960	-0.775400	-15.467409	-13.486419	-50.413702
0.014363	-0.768737	-15.531081	-13.509558	-50.487259
0.014761	-0.761620	-15.594786	-13.532557	-50.560830
0.015156	-0.755118	-15.658524	-13.555414	-50.634417
0.015547	-0.747287	-15.722294	-13.578124	-50.708022
0.015935	-0.739182	-15.786098	-13.600683	-50.781644
0.016320	-0.730847	-15.849934	-13.623087	-50.855285
0.016703	-0.721326	-15.913803	-13.645333	-50.928946
0.017084	-0.711657	-15.977703	-13.667415	-51.002629
0.017463	-0.701874	-16.041633	-13.689332	-51.076335
0.017841	-0.691008	-16.105594	-13.711078	-51.150065
0.018218	-0.680090	-16.169584	-13.732650	-51.223821
0.018595	-0.668145	-16.233602	-13.754044	-51.297605
0.000000	0.000000	-16.233602	-13.754044	-51.297605
