0.055729	-0.750304	0.000000	0.000000	0.000000
0.050803	-0.736242	0.099998	0.000408	-0.000380
0.045900	-0.720309	0.199993	0.001192	-0.001101
0.041037	-0.702179	0.299981	0.002321	-0.002125
0.036233	-0.681391	0.399962	0.003763	-0.003414
0.031504	-0.657257	0.499936	0.005487	-0.004931
0.026868	-0.629707	0.599902	0.007460	-0.006640
0.022344	-0.594945	0.699861	0.009650	-0.008508
0.017949	-0.551669	0.799812	0.012025	-0.010501
0.013708	-0.491983	0.899759	0.014553	-0.012587
0.009653	-0.398572	0.999700	0.017201	-0.014739
0.005869	-0.213100	1.099639	0.019939	-0.016928
0.002799	0.373230	1.199576	0.022733	-0.019129
0.003058	1.730529	1.299512	0.025554	-0.021320
0.005908	2.211273	1.399449	0.028370	-0.023481
0.008969	2.384832	1.499388	0.031151	-0.025595
0.011920	2.487528	1.599330	0.033867	-0.027647
0.014704	2.564999	1.699276	0.036488	-0.029626
0.017308	2.633360	1.799227	0.038986	-0.031526
0.019738	2.699022	1.899183	0.041332	-0.033341
0.022006	2.765294	1.999144	0.043501	-0.035072
0.024139	2.833811	2.099111	0.045464	-0.036722
0.026185	2.904333	2.199084	0.047198	-0.038299
0.028191	2.975131	2.299061	0.048677	-0.039814
0.030201	3.047388	2.399043	0.049879	-0.041283
0.032250	3.118240	2.499029	0.050779	-0.042723
0.034368	-3.094348	2.599017	0.051358	-0.044156
0.036577	-3.026794	2.699006	0.051593	-0.045605
0.038887	-2.960963	2.798995	0.051464	-0.047096
0.041305	-2.899402	2.898981	0.050953	-0.048656
0.043827	-2.841514	2.998963	0.050041	-0.050316
0.046445	-2.786562	3.098938	0.048711	-0.052105
0.049146	-2.736687	3.198904	0.046945	-0.054055
0.051910	-2.690929	3.298856	0.044727	-0.056199
0.054717	-2.649251	3.398792	0.042042	-0.058568
0.057544	-2.610565	3.498707	0.038875	-0.061196
0.060364	-2.576750	3.598598	0.035213	-0.064114
0.063152	-2.546669	3.698458	0.031041	-0.067355
0.065881	-2.520186	3.798283	0.026346	-0.070950
0.068523	-2.496171	3.898067	0.021117	-0.074926
0.071052	-2.476514	3.997803	0.015342	-0.079314
0.073446	-2.460039	4.097486	0.009009	-0.084139
0.075700	-2.445276	4.197107	0.002107	-0.089425
0.077817	-2.433761	4.296660	-0.005373	-0.095194
0.079801	-2.424104	4.396137	-0.013441	-0.101467
0.081656	-2.415978	4.495528	-0.022107	-0.108261
0.083391	-2.408103	4.594827	-0.031380	-0.115594
0.085012	-2.402236	4.694024	-0.041268	-0.123481
0.086526	-2.397161	4.793110	-0.051779	-0.131936
0.087943	-2.391687	4.892076	-0.062919	-0.140972
0.089270	-2.387640	4.990912	-0.074695	-0.150601
0.090516	-2.383860	5.089609	-0.087114	-0.160835
0.091690	-2.379201	5.188156	-0.100181	-0.171682
0.092801	-2.375523	5.286544	-0.113900	-0.183154
0.093857	-2.370696	5.384762	-0.128276	-0.195259
0.094869	-2.366596	5.482800	-0.143311	-0.208007
0.095846	-2.361105	5.580647	-0.159010	-0.221406
0.096796	-2.356108	5.678292	-0.175372	-0.235466
0.097731	-2.349500	5.775724	-0.192401	-0.250195
0.098660	-2.343176	5.872933	-0.210097	-0.265602
0.099593	-2.335041	5.969906	-0.228459	-0.281698
0.100540	-2.326031	6.066632	-0.247486	-0.298493
0.101503	-2.317206	6.163099	-0.267176	-0.315998
0.102481	-2.306650	6.259294	-0.287528	-0.334224
0.103475	-2.295444	6.355207	-0.308536	-0.353183
0.104485	-2.283669	6.450823	-0.330198	-0.372889
0.105510	-2.272399	6.546130	-0.352506	-0.393354
0.106549	-2.259709	6.641116	-0.375458	-0.414591
0.107604	-2.247669	6.735765	-0.399045	-0.436616
0.108671	-2.234346	6.830066	-0.423261	-0.459440
0.109751	-2.221805	6.924004	-0.448099	-0.483078
0.110843	-2.208105	7.017565	-0.473551	-0.507544
0.111944	-2.195307	7.110734	-0.499607	-0.532853
0.113053	-2.182464	7.203497	-0.526260	-0.559017
0.114167	-2.168628	7.295840	-0.553500	-0.586052
0.115285	-2.155850	7.387747	-0.581315	-0.613970
0.116404	-2.144173	7.479202	-0.609698	-0.642786
0.117520	-2.131643	7.570191	-0.638636	-0.672511
0.118632	-2.119299	7.660697	-0.668120	-0.703158
0.119734	-2.108180	7.750705	-0.698139	-0.734740
0.120824	-2.096320	7.840199	-0.728682	-0.767268
0.121899	-2.085744	7.929162	-0.759736	-0.800753
0.122956	-2.075444	8.017577	-0.791292	-0.835205
0.123993	-2.065403	8.105429	-0.823337	-0.870634
0.125011	-2.055604	8.192700	-0.855860	-0.907048
0.126006	-2.046031	8.279373	-0.888850	-0.944457
0.126977	-2.037670	8.365432	-0.922294	-0.982867
0.127924	-2.028505	8.450859	-0.956182	-1.022286
0.128845	-2.019520	8.535637	-0.990500	-1.062720
0.129739	-2.011702	8.619750	-1.025237	-1.104174
0.130604	-2.003037	8.703179	-1.060379	-1.146654
0.131440	-1.995511	8.785908	-1.095915	-1.190163
0.132246	-1.987111	8.867920	-1.131831	-1.234707
0.133019	-1.978823	8.949198	-1.168113	-1.280287
0.133761	-1.970635	9.029724	-1.204749	-1.326907
0.134469	-1.962533	9.109482	-1.241722	-1.374568
0.135142	-1.954506	9.188455	-1.279020	-1.423272
0.135780	-1.946542	9.266628	-1.316626	-1.473020
0.136382	-1.938627	9.343983	-1.354525	-1.523812
0.136946	-1.930750	9.420505	-1.392703	-1.575647
0.137474	-1.921900	9.496177	-1.431143	-1.628524
0.137962	-1.913067	9.570986	-1.469828	-1.682441
0.138412	-1.904259	9.644916	-1.508740	-1.737398
0.138822	-1.895486	9.717952	-1.547863	-1.793390
0.139191	-1.886757	9.790081	-1.587177	-1.850415
0.139519	-1.878083	9.861288	-1.626665	-1.908469
0.139805	-1.868472	9.931560	-1.666308	-1.967547
0.140049	-1.858934	10.000885	-1.706087	-2.027644
0.140248	-1.850479	10.069251	-1.745982	-2.088754
0.140403	-1.840115	10.136645	-1.785975	-2.150872
0.140512	-1.830852	10.203058	-1.826044	-2.213990
0.140574	-1.821699	10.268477	-1.866169	-2.278101
0.140588	-1.811664	10.332894	-1.906332	-2.343196
0.140552	-1.802757	10.396300	-1.946510	-2.409268
0.140466	-1.792988	10.458684	-1.986685	-2.476306
0.140329	-1.783365	10.520041	-2.026837	-2.544300
0.140139	-1.773898	10.580362	-2.066944	-2.613241
0.139894	-1.764596	10.639641	-2.106987	-2.683116
0.139593	-1.754470	10.697871	-2.146947	-2.753914
0.139236	-1.745529	10.755050	-2.186802	-2.825623
0.138819	-1.736784	10.811171	-2.226535	-2.898230
0.138346	-1.727238	10.866231	-2.266126	-2.971721
0.137824	-1.717858	10.920228	-2.305556	-3.046082
0.137265	-1.708608	10.973159	-2.344807	-3.121299
0.136683	-1.699450	11.025024	-2.383861	-3.197357
0.136089	-1.690349	11.075822	-2.422699	-3.274242
0.135495	-1.681271	11.125551	-2.461305	-3.351937
0.134914	-1.672184	11.174213	-2.499661	-3.430428
0.134359	-1.662056	11.221808	-2.537749	-3.509700
0.133841	-1.651857	11.268336	-2.575552	-3.589737
0.133373	-1.642559	11.313799	-2.613053	-3.670526
0.132968	-1.631135	11.358197	-2.650233	-3.752052
0.132640	-1.620561	11.401532	-2.687075	-3.834300
0.132400	-1.609815	11.443804	-2.723559	-3.917258
0.132261	-1.597877	11.485014	-2.759668	-4.000911
0.132238	-1.585731	11.525163	-2.795381	-4.085247
0.132342	-1.573365	11.564251	-2.830679	-4.170255
0.132587	-1.559768	11.602277	-2.865539	-4.255921
0.132987	-1.545935	11.639242	-2.899941	-4.342235
0.133555	-1.531867	11.675145	-2.933859	-4.429186
0.134303	-1.516565	11.709982	-2.967270	-4.516765
0.135240	-1.501062	11.743754	-3.000148	-4.604961
0.136344	-1.485476	11.776456	-3.032464	-4.693766
0.137587	-1.468942	11.808084	-3.064191	-4.783169
0.138941	-1.453582	11.838636	-3.095297	-4.873164
0.140378	-1.437507	11.868106	-3.125753	-4.963739
0.141869	-1.421818	11.896490	-3.155528	-5.054886
0.143383	-1.407603	11.923784	-3.184590	-5.146595
0.144891	-1.392944	11.949981	-3.212909	-5.238854
0.146363	-1.380913	11.975078	-3.240454	-5.331652
0.147770	-1.369577	11.999069	-3.267198	-5.424975
0.149080	-1.359996	12.021948	-3.293114	-5.518809
0.150265	-1.352230	12.043709	-3.318178	-5.613140
0.151295	-1.346338	12.064346	-3.342368	-5.707950
0.152139	-1.343382	12.083851	-3.365666	-5.803222
0.152769	-1.342426	12.102217	-3.388058	-5.898936
0.153156	-1.344542	12.119436	-3.409533	-5.995073
0.153271	-1.348811	12.135498	-3.430088	-6.091611
0.153087	-1.356329	12.150395	-3.449722	-6.188526
0.152578	-1.366207	12.164118	-3.468439	-6.285795
0.151717	-1.378577	12.176658	-3.486251	-6.383394
0.150492	-1.394556	12.188008	-3.503173	-6.481296
0.148929	-1.413107	12.198159	-3.519228	-6.579476
0.147068	-1.434163	12.207105	-3.534443	-6.677905
0.144947	-1.455660	12.214843	-3.548851	-6.776559
0.142606	-1.479535	12.221371	-3.562486	-6.875410
0.140081	-1.504723	12.226688	-3.575387	-6.974431
0.137410	-1.530147	12.230797	-3.587595	-7.073598
0.134631	-1.555720	12.233703	-3.599149	-7.172886
0.131778	-1.582335	12.235413	-3.610092	-7.272271
0.128886	-1.609862	12.235937	-3.620466	-7.371730
0.125986	-1.636140	12.235286	-3.630313	-7.471241
0.123109	-1.662979	12.233473	-3.639674	-7.570786
0.120281	-1.690147	12.230513	-3.648590	-7.670344
0.117528	-1.715373	12.226420	-3.657099	-7.769897
0.114871	-1.740341	12.221212	-3.665238	-7.869429
0.112330	-1.763686	12.214907	-3.673041	-7.968924
0.109920	-1.786003	12.207521	-3.680539	-8.068369
0.107656	-1.804837	12.199073	-3.687763	-8.167749
0.105549	-1.821697	12.189581	-3.694736	-8.267053
0.103609	-1.835055	12.179063	-3.701479	-8.366269
0.101841	-1.844452	12.167535	-3.708010	-8.465388
0.100232	-1.849809	12.155014	-3.714341	-8.564398
0.098766	-1.851169	12.141516	-3.720480	-8.663293
0.097432	-1.848608	12.127057	-3.726430	-8.762063
0.096220	-1.842232	12.111652	-3.732191	-8.860701
0.095123	-1.833173	12.095314	-3.737758	-8.959200
0.094137	-1.820590	12.078057	-3.743126	-9.057554
0.093257	-1.803666	12.059896	-3.748283	-9.155755
0.092481	-1.784602	12.040843	-3.753217	-9.253799
0.091805	-1.762624	12.020912	-3.757911	-9.351680
0.091228	-1.737969	12.000116	-3.762347	-9.449393
0.090747	-1.711892	11.978468	-3.766506	-9.546934
0.090356	-1.682656	11.955983	-3.770366	-9.644296
0.090051	-1.652532	11.932673	-3.773903	-9.741477
0.089824	-1.619794	11.908553	-3.777092	-9.838472
0.089668	-1.586714	11.883638	-3.779908	-9.935278
0.089573	-1.553560	11.857945	-3.782325	-10.031891
0.089526	-1.519593	11.831489	-3.784315	-10.128307
0.089515	-1.486063	11.804286	-3.785853	-10.224523
0.089524	-1.454209	11.776354	-3.786912	-10.320537
0.089538	-1.423224	11.747710	-3.787470	-10.416346
0.089548	-1.394154	11.718371	-3.787503	-10.511945
0.089543	-1.366005	11.688355	-3.786989	-10.607332
0.089515	-1.340781	11.657679	-3.785910	-10.702505
0.089455	-1.317481	11.626359	-3.784249	-10.797459
0.089354	-1.297102	11.594412	-3.781990	-10.892192
0.089204	-1.277639	11.561852	-3.779120	-10.986699
0.088997	-1.261088	11.528695	-3.775629	-11.080977
0.088724	-1.245443	11.494955	-3.771508	-11.175023
0.088378	-1.232701	11.460644	-3.766748	-11.268832
0.087952	-1.221859	11.425777	-3.761346	-11.362401
0.087438	-1.212918	11.390365	-3.755298	-11.455725
0.086829	-1.204881	11.354420	-3.748604	-11.548801
0.086118	-1.198756	11.317952	-3.741263	-11.641624
0.085298	-1.194556	11.280974	-3.733278	-11.734192
0.084364	-1.191300	11.243494	-3.724653	-11.826501
0.083309	-1.189016	11.205523	-3.715395	-11.918547
0.082126	-1.188738	11.167071	-3.705510	-12.010328
0.080811	-1.188514	11.128148	-3.695008	-12.101841
0.079358	-1.190404	11.088764	-3.683899	-12.193085
0.077764	-1.192470	11.048928	-3.672197	-12.284059
0.076037	-1.195736	11.008652	-3.659914	-12.374761
0.074188	-1.200222	10.967945	-3.647065	-12.465193
0.072228	-1.204962	10.926818	-3.633669	-12.555354
0.070168	-1.212002	10.885281	-3.619741	-12.645247
0.068020	-1.219401	10.843346	-3.605302	-12.734873
0.065795	-1.228231	10.801021	-3.590370	-12.824236
0.063506	-1.238580	10.758319	-3.574967	-12.913339
0.061165	-1.250548	10.715249	-3.559114	-13.002185
0.058783	-1.264253	10.671821	-3.542834	-13.090779
0.056375	-1.279829	10.628046	-3.526148	-13.179127
0.053952	-1.296426	10.583933	-3.509081	-13.267234
0.051528	-1.316212	10.539492	-3.491657	-13.355105
0.049117	-1.338369	10.494733	-3.473898	-13.442747
0.046731	-1.362095	10.449663	-3.455829	-13.530167
0.044386	-1.389597	10.404293	-3.437475	-13.617372
0.042095	-1.419086	10.358632	-3.418859	-13.704369
0.039871	-1.452768	10.312686	-3.400004	-13.791165
0.037730	-1.488827	10.266466	-3.380936	-13.877768
0.035685	-1.529408	10.219978	-3.361677	-13.964185
0.033748	-1.572631	10.173231	-3.342250	-14.050425
0.031929	-1.620717	10.126231	-3.322676	-14.136494
0.030236	-1.672868	10.078987	-3.302978	-14.222401
0.028679	-1.728207	10.031504	-3.283177	-14.308152
0.027266	-1.788734	9.983790	-3.263293	-14.393756
0.026004	-1.853285	9.935851	-3.243346	-14.479219
0.024901	-1.921488	9.887693	-3.223355	-14.564549
0.023960	-1.992744	9.839322	-3.203338	-14.649752
0.023184	-2.066213	9.790744	-3.183313	-14.734835
0.022570	-2.140850	9.741964	-3.163298	-14.819805
0.022114	-2.215461	9.692987	-3.143308	-14.904668
0.021805	-2.288796	9.643818	-3.123359	-14.989429
0.021632	-2.359644	9.594461	-3.103467	-15.074094
0.021579	-2.427926	9.544921	-3.083644	-15.158668
0.021629	-2.490759	9.495201	-3.063904	-15.243157
0.021763	-2.549483	9.445306	-3.044260	-15.327564
0.021964	-2.602658	9.395237	-3.024724	-15.411893
0.022214	-2.649043	9.344999	-3.005306	-15.496149
0.022498	-2.690547	9.294593	-2.986015	-15.580334
0.022801	-2.727191	9.244022	-2.966862	-15.664451
0.023111	-2.757138	9.193288	-2.947853	-15.748503
0.023417	-2.781853	9.142392	-2.928998	-15.832492
0.023712	-2.802865	9.091336	-2.910300	-15.916418
0.023990	-2.818670	9.040120	-2.891768	-16.000284
0.024247	-2.831732	8.988745	-2.873404	-16.084089
0.024482	-2.841480	8.937210	-2.855213	-16.167835
0.024693	-2.847307	8.885517	-2.837198	-16.251520
0.024880	-2.851574	8.833665	-2.819363	-16.335146
0.025042	-2.852616	8.781653	-2.801709	-16.418711
0.025182	-2.852748	8.729482	-2.784237	-16.502215
0.025299	-2.850264	8.677149	-2.766950	-16.585656
0.025395	-2.846446	8.624656	-2.749846	-16.669034
0.025471	-2.841562	8.572001	-2.732927	-16.752348
0.025528	-2.835875	8.519182	-2.716193	-16.835596
0.025568	-2.829641	8.466200	-2.699642	-16.918776
0.025591	-2.822113	8.413053	-2.683275	-17.001887
0.025597	-2.815542	8.359741	-2.667090	-17.084929
0.025589	-2.807180	8.306263	-2.651086	-17.167898
0.025566	-2.800277	8.252618	-2.635261	-17.250795
0.025528	-2.793091	8.198806	-2.619615	-17.333617
0.025476	-2.786835	8.144826	-2.604146	-17.416363
0.025411	-2.780558	8.090679	-2.588853	-17.499032
0.025334	-2.776269	8.036364	-2.573734	-17.581623
0.025246	-2.771979	7.981881	-2.558788	-17.664135
0.025149	-2.767704	7.927231	-2.544014	-17.746567
0.025044	-2.765462	7.872415	-2.529409	-17.828919
0.024933	-2.763272	7.817433	-2.514974	-17.911190
0.024817	-2.762157	7.762285	-2.500708	-17.993381
0.024699	-2.762138	7.706973	-2.486608	-18.075489
0.024579	-2.763240	7.651499	-2.472676	-18.157516
0.024460	-2.766483	7.595862	-2.458909	-18.239462
0.024344	-2.769890	7.540065	-2.445308	-18.321326
0.024233	-2.774479	7.484110	-2.431874	-18.403109
0.024129	-2.780264	7.427997	-2.418605	-18.484811
0.024034	-2.788257	7.371729	-2.405502	-18.566434
0.023951	-2.796461	7.315308	-2.392567	-18.647977
0.023883	-2.806874	7.258735	-2.379799	-18.729442
0.023831	-2.818484	7.202012	-2.367201	-18.810829
0.023800	-2.832269	7.145142	-2.354774	-18.892139
0.023790	-2.847196	7.088128	-2.342520	-18.973374
0.023806	-2.863199	7.030970	-2.330441	-19.054535
0.023845	-2.880129	6.973672	-2.318540	-19.135624
0.023908	-2.898815	6.916237	-2.306821	-19.216641
0.023992	-2.918091	6.858666	-2.295286	-19.297588
0.024097	-2.937794	6.800962	-2.283938	-19.378468
0.024220	-2.958770	6.743128	-2.272783	-19.459281
0.024359	-2.979874	6.685167	-2.261823	-19.540031
0.024512	-3.000970	6.627082	-2.251063	-19.620717
0.024677	-3.021937	6.568875	-2.240508	-19.701343
0.024850	-3.043663	6.510550	-2.230160	-19.781910
0.025029	-3.064051	6.452109	-2.220025	-19.862421
0.025210	-3.085016	6.393555	-2.210107	-19.942876
0.025391	-3.105484	6.334892	-2.200410	-20.023279
0.025567	-3.124394	6.276123	-2.190938	-20.103631
0.025736	3.139491	6.217251	-2.181694	-20.183934
0.025893	3.120840	6.158278	-2.172683	-20.264190
0.026034	3.102873	6.099209	-2.163907	-20.344401
0.026157	3.085614	6.040046	-2.155371	-20.424569
0.026257	3.069084	5.980793	-2.147077	-20.504696
0.026329	3.053297	5.921453	-2.139027	-20.584783
0.026372	3.038252	5.862029	-2.131224	-20.664832
0.026385	3.023907	5.802524	-2.123670	-20.744845
0.026368	3.011216	5.742942	-2.116365	-20.824824
0.026323	2.998138	5.683285	-2.109311	-20.904770
0.026251	2.986640	5.623557	-2.102509	-20.984684
0.026152	2.974692	5.563761	-2.095958	-21.064568
0.026027	2.964272	5.503899	-2.089659	-21.144423
0.025878	2.953360	5.443974	-2.083611	-21.224251
0.025706	2.943943	5.383990	-2.077813	-21.304053
0.025511	2.935011	5.323949	-2.072264	-21.383829
0.025295	2.926559	5.263853	-2.066964	-21.463581
0.025059	2.918584	5.203706	-2.061910	-21.543310
0.024804	2.911089	5.143508	-2.057101	-21.623017
0.024531	2.904081	5.083264	-2.052534	-21.702702
0.024242	2.898571	5.022974	-2.048208	-21.782367
0.023938	2.892572	4.962642	-2.044119	-21.862011
0.023619	2.888103	4.902268	-2.040266	-21.941636
0.023288	2.883188	4.841855	-2.036644	-22.021243
0.022945	2.879853	4.781404	-2.033252	-22.100830
0.022592	2.877131	4.720917	-2.030085	-22.180400
0.022230	2.875038	4.660396	-2.027141	-22.259951
0.021861	2.873512	4.599840	-2.024416	-22.339485
0.021488	2.872471	4.539253	-2.021906	-22.419001
0.021112	2.871825	4.478633	-2.019608	-22.498500
0.020737	2.871483	4.417984	-2.017519	-22.577981
0.020365	2.871344	4.357304	-2.015634	-22.657445
0.019998	2.872303	4.296596	-2.013949	-22.736891
0.019639	2.872245	4.235860	-2.012462	-22.816319
0.019289	2.872050	4.175096	-2.011169	-22.895730
0.018952	2.871586	4.114305	-2.010066	-22.975123
0.018630	2.870718	4.053489	-2.009149	-23.054499
0.018325	2.869299	3.992647	-2.008417	-23.133857
0.018041	2.867181	3.931781	-2.007865	-23.213198
0.017778	2.864210	3.870891	-2.007491	-23.292522
0.017541	2.859231	3.809979	-2.007293	-23.371829
0.017332	2.854092	3.749045	-2.007268	-23.451121
0.017153	2.846649	3.688091	-2.007415	-23.530396
0.017008	2.837767	3.627118	-2.007731	-23.609656
0.016900	2.827333	3.566128	-2.008216	-23.688903
0.016832	2.814252	3.505122	-2.008869	-23.768136
0.016807	2.800507	3.444103	-2.009689	-23.847357
0.016823	2.784270	3.383072	-2.010677	-23.926567
0.016878	2.765769	3.322031	-2.011832	-24.005767
0.016968	2.747237	3.260984	-2.013156	-24.084960
0.017091	2.726901	3.199933	-2.014649	-24.164146
0.017244	2.705977	3.138880	-2.016313	-24.243329
0.017423	2.684668	3.077830	-2.018149	-24.322508
0.017625	2.663155	3.016784	-2.020159	-24.401688
0.017847	2.641598	2.955746	-2.022346	-24.480869
0.018085	2.620133	2.894720	-2.024711	-24.560053
0.018335	2.597874	2.833709	-2.027255	-24.639244
0.018593	2.576910	2.772717	-2.029983	-24.718443
0.018855	2.556309	2.711747	-2.032894	-24.797653
0.019116	2.535119	2.650802	-2.035991	-24.876875
0.019373	2.515370	2.589886	-2.039277	-24.956112
0.019621	2.496076	2.529004	-2.042754	-25.035366
0.019856	2.477237	2.468158	-2.046421	-25.114640
0.020073	2.457840	2.407353	-2.050283	-25.193935
0.020268	2.439860	2.346591	-2.054338	-25.273255
0.020437	2.422264	2.285876	-2.058589	-25.352600
0.020576	2.405991	2.225213	-2.063036	-25.431973
0.020685	2.388910	2.164602	-2.067679	-25.511376
0.020763	2.371874	2.104049	-2.072519	-25.590811
0.020811	2.355743	2.043556	-2.077555	-25.670279
0.020830	2.338376	1.983125	-2.082785	-25.749783
0.020821	2.321637	1.922761	-2.088210	-25.829323
0.020784	2.304384	1.862465	-2.093828	-25.908903
0.020721	2.286477	1.802241	-2.099637	-25.988522
0.020633	2.268769	1.742090	-2.105634	-26.068184
0.020520	2.249111	1.682017	-2.111818	-26.147889
0.020386	2.228344	1.622022	-2.118186	-26.227639
0.020231	2.207306	1.562110	-2.124734	-26.307437
0.020057	2.184826	1.502282	-2.131460	-26.387283
0.019868	2.160725	1.442542	-2.138359	-26.467179
0.019667	2.134820	1.382891	-2.145428	-26.547128
0.019455	2.106920	1.323332	-2.152661	-26.627131
0.019237	2.077833	1.263869	-2.160055	-26.707190
0.019018	2.045366	1.204503	-2.167604	-26.787307
0.018801	2.011335	1.145238	-2.175302	-26.867484
0.018592	1.974569	1.086077	-2.183144	-26.947724
0.018399	1.934998	1.027022	-2.191125	-27.028029
0.018229	1.893909	0.968077	-2.199236	-27.108401
0.018091	1.849754	0.909245	-2.207472	-27.188843
0.017992	1.805079	0.850529	-2.215827	-27.269358
0.017939	1.758516	0.791933	-2.224292	-27.349949
0.017935	1.712760	0.733460	-2.232861	-27.430618
0.017982	1.667545	0.675114	-2.241528	-27.511368
0.018082	1.623613	0.616899	-2.250286	-27.592203
0.018231	1.581679	0.558817	-2.259127	-27.673125
0.018428	1.542405	0.500873	-2.268047	-27.754137
0.018667	1.506379	0.443071	-2.277039	-27.835242
0.018943	1.473102	0.385415	-2.286098	-27.916443
0.019250	1.444988	0.327907	-2.295219	-27.997744
0.019582	1.421369	0.270553	-2.304398	-28.079145
0.019932	1.401504	0.213355	-2.313631	-28.160651
0.020294	1.387600	0.156318	-2.322916	-28.242263
0.020665	1.377816	0.099445	-2.332251	-28.323984
0.021039	1.373288	0.042739	-2.341634	-28.405815
0.021416	1.374128	-0.013796	-2.351067	-28.487759
0.021794	1.379441	-0.070157	-2.360548	-28.569818
0.022174	1.390178	-0.126340	-2.370082	-28.651992
0.022559	1.405734	-0.182343	-2.379670	-28.734282
0.022951	1.425404	-0.238162	-2.389317	-28.816690
0.023354	1.448518	-0.293796	-2.399029	-28.899217
0.023770	1.473443	-0.349241	-2.408811	-28.981861
0.024202	1.500579	-0.404495	-2.418671	-29.064625
0.024651	1.529359	-0.459556	-2.428615	-29.147507
0.025120	1.560253	-0.514422	-2.438652	-29.230507
0.025606	1.589772	-0.569090	-2.448791	-29.313625
0.026108	1.620469	-0.623559	-2.459040	-29.396860
0.026625	1.650946	-0.677828	-2.469409	-29.480211
0.027150	1.680852	-0.731894	-2.479908	-29.563677
0.027681	1.709882	-0.785756	-2.490544	-29.647258
0.028209	1.737779	-0.839414	-2.501329	-29.730951
0.028728	1.764327	-0.892865	-2.512271	-29.814756
0.029230	1.790348	-0.946110	-2.523379	-29.898670
0.029706	1.813696	-0.999147	-2.534662	-29.982693
0.030148	1.835250	-1.051975	-2.546129	-30.066821
0.030545	1.855906	-1.104595	-2.557787	-30.151055
0.030889	1.874574	-1.157007	-2.569642	-30.235390
0.031170	1.891221	-1.209210	-2.581703	-30.319826
0.031386	1.906014	-1.261204	-2.593974	-30.404360
0.031536	1.919149	-1.312991	-2.606459	-30.488990
0.031619	1.931795	-1.364572	-2.619163	-30.573713
0.031635	1.943098	-1.415946	-2.632090	-30.658528
0.031585	1.953186	-1.467116	-2.645240	-30.743433
0.031467	1.961170	-1.518083	-2.658617	-30.828423
0.031284	1.969149	-1.568849	-2.672221	-30.913498
0.031036	1.977209	-1.619416	-2.686052	-30.998655
0.030723	1.983425	-1.669787	-2.700110	-31.083891
0.030346	1.988863	-1.719964	-2.714393	-31.169203
0.029908	1.993583	-1.769950	-2.728901	-31.254590
0.029409	1.997638	-1.819749	-2.743630	-31.340049
0.028849	2.002074	-1.869363	-2.758577	-31.425577
0.028231	2.004933	-1.918796	-2.773740	-31.511171
0.027556	2.007254	-1.968054	-2.789113	-31.596830
0.026826	2.009070	-2.017138	-2.804692	-31.682550
0.026040	2.011412	-2.066056	-2.820472	-31.768330
0.025202	2.012310	-2.114810	-2.836448	-31.854165
0.024313	2.012789	-2.163406	-2.852612	-31.940056
0.023374	2.011869	-2.211850	-2.868958	-32.025997
0.022391	2.011546	-2.260148	-2.885480	-32.111988
0.021369	2.010802	-2.308304	-2.902169	-32.198026
0.020315	2.009617	-2.356325	-2.919018	-32.284107
0.019233	2.006960	-2.404218	-2.936018	-32.370231
0.018131	2.004796	-2.451988	-2.953161	-32.456394
0.017012	2.001076	-2.499643	-2.970439	-32.542595
0.015884	1.997744	-2.547188	-2.987843	-32.628830
0.014752	1.992728	-2.594632	-3.005364	-32.715098
0.013622	1.986938	-2.641979	-3.022993	-32.801396
0.012499	1.981266	-2.689239	-3.040722	-32.887723
0.011390	1.973571	-2.736416	-3.058541	-32.974075
0.010299	1.965682	-2.783518	-3.076442	-33.060452
0.009233	1.955376	-2.830551	-3.094417	-33.146851
0.008198	1.944367	-2.877522	-3.112457	-33.233270
0.007199	1.930281	-2.924438	-3.130555	-33.319707
0.006242	1.914619	-2.971304	-3.148702	-33.406161
0.005332	1.895705	-3.018127	-3.166892	-33.492629
0.004476	1.871593	-3.064912	-3.185117	-33.579111
0.003679	1.842931	-3.111665	-3.203371	-33.665603
0.002946	1.806497	-3.158391	-3.221648	-33.752105
0.002276	1.757396	-3.205094	-3.239942	-33.838616
0.001669	1.685805	-3.251781	-3.258250	-33.925133
0.001127	1.561899	-3.298453	-3.276565	-34.011656
0.000668	1.294745	-3.345117	-3.294886	-34.098183
0.000384	0.554945	-3.391774	-3.313207	-34.184713
0.000486	-0.412155	-3.438429	-3.331526	-34.271245
0.000772	-0.794908	-3.485084	-3.349840	-34.357777
0.001063	-0.954018	-3.531742	-3.368147	-34.444310
0.001327	-1.042652	-3.578406	-3.386445	-34.530841
0.001557	-1.101369	-3.625078	-3.404732	-34.617370
0.001754	-1.144009	-3.671759	-3.423008	-34.703897
0.001917	-1.179024	-3.718452	-3.441271	-34.790420
0.002049	-1.208604	-3.765157	-3.459520	-34.876939
0.002151	-1.233457	-3.811877	-3.477755	-34.963454
0.002225	-1.256521	-3.858611	-3.495975	-35.049963
0.002274	-1.277291	-3.905362	-3.514181	-35.136467
0.002298	-1.295974	-3.952129	-3.532372	-35.222966
0.002300	-1.312560	-3.998913	-3.550549	-35.309458
0.002281	-1.326852	-4.045714	-3.568712	-35.395944
0.002244	-1.338616	-4.092531	-3.586861	-35.482423
0.002189	-1.349024	-4.139366	-3.604996	-35.568896
0.002119	-1.356266	-4.186218	-3.623119	-35.655363
0.002034	-1.362424	-4.233085	-3.641229	-35.741824
0.001937	-1.365478	-4.279968	-3.659328	-35.828279
0.001830	-1.367298	-4.326866	-3.677415	-35.914728
0.001713	-1.365628	-4.373777	-3.695492	-36.001172
0.001589	-1.362051	-4.420702	-3.713560	-36.087610
0.001460	-1.354939	-4.467639	-3.731618	-36.174044
0.001326	-1.342366	-4.514587	-3.749667	-36.260474
0.001192	-1.324976	-4.561545	-3.767709	-36.346900
0.001057	-1.299773	-4.608512	-3.785743	-36.433323
0.000925	-1.262805	-4.655487	-3.803771	-36.519743
0.000798	-1.211684	-4.702468	-3.821793	-36.606160
0.000680	-1.137963	-4.749455	-3.839809	-36.692576
0.000573	-1.034670	-4.796446	-3.857820	-36.778990
0.000484	-0.889268	-4.843440	-3.875827	-36.865404
0.000419	-0.696443	-4.890437	-3.893829	-36.951817
0.000383	-0.467307	-4.937435	-3.911828	-37.038230
0.000378	-0.238332	-4.984434	-3.929822	-37.124644
0.000397	-0.049800	-5.031432	-3.947813	-37.211059
0.000431	0.084807	-5.078429	-3.965801	-37.297475
0.000473	0.173282	-5.125425	-3.983784	-37.383892
0.000518	0.225652	-5.172419	-4.001764	-37.470312
0.000564	0.254568	-5.219411	-4.019740	-37.556733
0.000609	0.267051	-5.266399	-4.037711	-37.643157
0.000652	0.267913	-5.313385	-4.055678	-37.729584
0.000694	0.263396	-5.360368	-4.073640	-37.816013
0.000735	0.255665	-5.407347	-4.091596	-37.902445
0.000773	0.247151	-5.454323	-4.109547	-37.988880
0.000809	0.239784	-5.501295	-4.127492	-38.075319
0.000841	0.235158	-5.548263	-4.145430	-38.161761
0.000870	0.234661	-5.595227	-4.163362	-38.248206
0.000896	0.239575	-5.642188	-4.181288	-38.334655
0.000917	0.251169	-5.689144	-4.199206	-38.421108
0.000933	0.270774	-5.736095	-4.217117	-38.507565
0.000946	0.299852	-5.783043	-4.235021	-38.594025
0.000954	0.340031	-5.829985	-4.252918	-38.680490
0.000960	0.393100	-5.876922	-4.270808	-38.766959
0.000964	0.460890	-5.923853	-4.288692	-38.853432
0.000971	0.543370	-5.970779	-4.306570	-38.939910
0.000983	0.640366	-6.017698	-4.324442	-39.026392
0.001004	0.746137	-6.064610	-4.342309	-39.112879
0.001037	0.858134	-6.111514	-4.360173	-39.199371
0.001083	0.969555	-6.158409	-4.378033	-39.285869
0.001142	1.077100	-6.205296	-4.395892	-39.372372
0.001214	1.178575	-6.252172	-4.413750	-39.458880
0.001296	1.270115	-6.299038	-4.431608	-39.545394
0.001387	1.352037	-6.345892	-4.449467	-39.631914
0.001482	1.425518	-6.392734	-4.467330	-39.718441
0.001581	1.489244	-6.439564	-4.485196	-39.804973
0.001679	1.546142	-6.486379	-4.503067	-39.891511
0.001774	1.595198	-6.533181	-4.520945	-39.978056
0.001863	1.639357	-6.579968	-4.538830	-40.064608
0.001944	1.677478	-6.626739	-4.556724	-40.151165
0.002014	1.712315	-6.673495	-4.574627	-40.237730
0.002072	1.743519	-6.720235	-4.592541	-40.324300
0.002113	1.771652	-6.766959	-4.610466	-40.410878
0.002138	1.797197	-6.813667	-4.628403	-40.497461
0.002142	1.820578	-6.860358	-4.646353	-40.584050
0.002126	1.843263	-6.907034	-4.664316	-40.670646
0.002089	1.864041	-6.953694	-4.682292	-40.757246
0.002033	1.885731	-7.000338	-4.700282	-40.843853
0.001961	1.907150	-7.046969	-4.718285	-40.930464
0.001874	1.931187	-7.093586	-4.736301	-41.017080
0.001775	1.957881	-7.140189	-4.754330	-41.103700
0.001665	1.988512	-7.186781	-4.772372	-41.190324
0.001547	2.024725	-7.233362	-4.790425	-41.276951
0.001424	2.068689	-7.279933	-4.808491	-41.363582
0.001298	2.123299	-7.326496	-4.826567	-41.450214
0.001174	2.192397	-7.373051	-4.844654	-41.536848
0.001055	2.280888	-7.419600	-4.862751	-41.623484
0.000947	2.394406	-7.466145	-4.880858	-41.710120
0.000859	2.537754	-7.512685	-4.898973	-41.796756
0.000797	2.711170	-7.559224	-4.917097	-41.883391
0.000770	2.904308	-7.605762	-4.935228	-41.970026
0.000781	3.099435	-7.652300	-4.953367	-42.056658
0.000829	-3.010400	-7.698841	-4.971513	-42.143288
0.000908	-2.870124	-7.745384	-4.989666	-42.229915
0.001009	-2.767489	-7.791932	-5.007826	-42.316538
0.001126	-2.697312	-7.838486	-5.025992	-42.403156
0.001253	-2.652113	-7.885047	-5.044166	-42.489769
0.001386	-2.625057	-7.931615	-5.062348	-42.576376
0.001521	-2.611967	-7.978193	-5.080538	-42.662977
0.001656	-2.607103	-8.024781	-5.098736	-42.749570
0.001790	-2.609805	-8.071380	-5.116944	-42.836156
0.001921	-2.616185	-8.117991	-5.135162	-42.922732
0.002047	-2.626898	-8.164615	-5.153391	-43.009300
0.002168	-2.639987	-8.211252	-5.171632	-43.095858
0.002281	-2.653773	-8.257903	-5.189887	-43.182406
0.002386	-2.669778	-8.304568	-5.208155	-43.268943
0.002480	-2.686674	-8.351249	-5.226437	-43.355468
0.002563	-2.703250	-8.397945	-5.244736	-43.441982
0.002633	-2.721385	-8.444656	-5.263051	-43.528484
0.002687	-2.739034	-8.491383	-5.281383	-43.614974
0.002725	-2.758222	-8.538126	-5.299733	-43.701452
0.002745	-2.777039	-8.584885	-5.318102	-43.787917
0.002746	-2.797647	-8.631659	-5.336490	-43.874370
0.002725	-2.818296	-8.678447	-5.354898	-43.960811
0.002680	-2.840345	-8.725250	-5.373325	-44.047240
0.002612	-2.864334	-8.772067	-5.391772	-44.133657
0.002522	-2.890097	-8.818897	-5.410239	-44.220063
0.002411	-2.920682	-8.865739	-5.428726	-44.306458
0.002282	-2.955415	-8.912592	-5.447231	-44.392843
0.002139	-2.998032	-8.959454	-5.465755	-44.479219
0.001984	-3.048859	-9.006325	-5.484296	-44.565586
0.001821	-3.112061	-9.053203	-5.502855	-44.651946
0.001655	3.091249	-9.100086	-5.521430	-44.738300
0.001494	2.989031	-9.146974	-5.540019	-44.824648
0.001345	2.857644	-9.193863	-5.558624	-44.910992
0.001221	2.690766	-9.240753	-5.577241	-44.997333
0.001138	2.487159	-9.287641	-5.595870	-45.083673
0.001109	2.257426	-9.334526	-5.614510	-45.170011
0.001142	2.025293	-9.381406	-5.633160	-45.256351
0.001235	1.816192	-9.428278	-5.651818	-45.342692
0.001376	1.643869	-9.475142	-5.670484	-45.429037
0.001551	1.509111	-9.521994	-5.689156	-45.515387
0.001749	1.405229	-9.568833	-5.707833	-45.601742
0.001960	1.327346	-9.615656	-5.726515	-45.688105
0.002179	1.267571	-9.662463	-5.745200	-45.774477
0.002399	1.223336	-9.709250	-5.763888	-45.860859
0.002617	1.189017	-9.756015	-5.782577	-45.947251
0.002830	1.162952	-9.802758	-5.801267	-46.033656
0.003035	1.143230	-9.849476	-5.819958	-46.120075
0.003231	1.128470	-9.896167	-5.838648	-46.206507
0.003415	1.116661	-9.942830	-5.857337	-46.292956
0.003586	1.109058	-9.989463	-5.876025	-46.379420
0.003742	1.103105	-10.036064	-5.894712	-46.465902
0.003882	1.100387	-10.082633	-5.913397	-46.552402
0.004005	1.098600	-10.129168	-5.932080	-46.638921
0.004109	1.098519	-10.175668	-5.950760	-46.725459
0.004193	1.099988	-10.222132	-5.969438	-46.812017
0.004255	1.102910	-10.268559	-5.988115	-46.898595
0.004295	1.107238	-10.314949	-6.006789	-46.985193
0.004311	1.112974	-10.361301	-6.025461	-47.071812
0.004302	1.120172	-10.407615	-6.044131	-47.158452
0.004267	1.128944	-10.453892	-6.062800	-47.245112
0.004204	1.139472	-10.500131	-6.081468	-47.331792
0.004113	1.153026	-10.546333	-6.100135	-47.418493
0.003992	1.167994	-10.592499	-6.118802	-47.505212
0.003842	1.185896	-10.638629	-6.137470	-47.591951
0.003666	1.207294	-10.684726	-6.156139	-47.678707
0.003466	1.232902	-10.730790	-6.174810	-47.765480
0.003249	1.263674	-10.776823	-6.193483	-47.852268
0.003017	1.301888	-10.822827	-6.212160	-47.939071
0.002775	1.347248	-10.868805	-6.230842	-48.025888
0.002529	1.403031	-10.914758	-6.249528	-48.112716
0.002285	1.473238	-10.960688	-6.268221	-48.199555
0.002050	1.560701	-11.006599	-6.286920	-48.286403
0.001832	1.668952	-11.052493	-6.305628	-48.373258
0.001641	1.804430	-11.098372	-6.324345	-48.460119
0.001489	1.968367	-11.144238	-6.343071	-48.546985
0.001386	2.157210	-11.190094	-6.361808	-48.633853
0.001340	2.359805	-11.235943	-6.380556	-48.720723
0.001349	2.555870	-11.281787	-6.399317	-48.807594
0.001403	2.730969	-11.327627	-6.418090	-48.894463
0.001488	2.874642	-11.373466	-6.436878	-48.981330
0.001587	2.988048	-11.419305	-6.455680	-49.068193
0.001688	3.073302	-11.465147	-6.474497	-49.155052
0.001781	3.135400	-11.510993	-6.493329	-49.241905
0.001859	-3.107066	-11.556844	-6.512178	-49.328753
0.001919	-3.081589	-11.602700	-6.531043	-49.415594
0.001959	-3.069250	-11.648562	-6.549925	-49.502428
0.001979	-3.068030	-11.694431	-6.568824	-49.589254
0.001981	-3.076682	-11.740307	-6.587740	-49.676074
0.001966	-3.093531	-11.786190	-6.606673	-49.762886
0.001937	-3.120327	-11.832078	-6.625623	-49.849691
0.001894	3.128021	-11.877972	-6.644591	-49.936490
0.001841	3.083778	-11.923872	-6.663576	-50.023282
0.001780	3.029557	-11.969775	-6.682577	-50.110068
0.001715	2.964649	-12.015682	-6.701596	-50.196849
0.001648	2.888327	-12.061590	-6.720630	-50.283625
0.001584	2.800018	-12.107500	-6.739681	-50.370397
0.001527	2.699536	-12.153409	-6.758747	-50.457166
0.001479	2.587383	-12.199317	-6.777829	-50.543933
0.001445	2.465003	-12.245221	-6.796924	-50.630698
0.001427	2.334885	-12.291121	-6.816033	-50.717462
0.001426	2.200372	-12.337015	-6.835156	-50.804227
0.001444	2.065143	-12.382902	-6.854290	-50.890993
0.001478	1.931554	-12.428780	-6.873436	-50.977761
0.001527	1.804095	-12.474647	-6.892591	-51.064533
0.001589	1.682264	-12.520503	-6.911756	-51.151308
0.001662	1.567696	-12.566346	-6.930929	-51.238089
0.001743	1.460314	-12.612175	-6.950108	-51.324875
0.001830	1.359543	-12.657989	-6.969292	-51.411669
0.001920	1.264507	-12.703786	-6.988480	-51.498470
0.002014	1.174182	-12.749567	-7.007670	-51.585279
0.002108	1.087510	-12.795329	-7.026861	-51.672098
0.002203	1.003453	-12.841074	-7.046050	-51.758927
0.002297	0.921039	-12.886799	-7.065235	-51.845767
0.002391	0.840378	-12.932505	-7.084416	-51.932618
0.002485	0.758681	-12.978191	-7.103589	-52.019481
0.002581	0.676273	-13.023858	-7.122753	-52.106356
0.002679	0.593609	-13.069506	-7.141905	-52.193244
0.002782	0.508300	-13.115135	-7.161043	-52.280145
0.002892	0.422134	-13.160746	-7.180165	-52.367059
0.003012	0.335102	-13.206340	-7.199268	-52.453986
0.003145	0.245416	-13.251917	-7.218349	-52.540927
0.003296	0.155510	-13.297479	-7.237405	-52.627881
0.003469	0.065022	-13.343029	-7.256435	-52.714847
0.003668	-0.024062	-13.388566	-7.275434	-52.801826
0.003896	-0.110994	-13.434094	-7.294400	-52.888818
0.004158	-0.194088	-13.479615	-7.313329	-52.975821
0.004452	-0.271056	-13.525132	-7.332219	-53.062835
0.004780	-0.342062	-13.570647	-7.351065	-53.149860
0.005138	-0.406699	-13.616163	-7.369865	-53.236894
0.005526	-0.464905	-13.661683	-7.388614	-53.323936
0.005939	-0.515872	-13.707210	-7.407309	-53.410987
0.006374	-0.560954	-13.752747	-7.425946	-53.498045
0.006829	-0.600592	-13.798299	-7.444521	-53.585108
0.007299	-0.635264	-13.843867	-7.463030	-53.672177
0.007782	-0.664443	-13.889455	-7.481468	-53.759251
0.008272	-0.690579	-13.935067	-7.499833	-53.846327
0.008768	-0.712087	-13.980705	-7.518120	-53.933406
0.009266	-0.731340	-14.026374	-7.536324	-54.020487
0.009762	-0.746670	-14.072075	-7.554441	-54.107569
0.010254	-0.760367	-14.117812	-7.572468	-54.194650
0.010737	-0.770687	-14.163588	-7.590400	-54.281731
0.011210	-0.779847	-14.209405	-7.608232	-54.368810
0.011668	-0.787036	-14.255266	-7.625962	-54.455888
0.012110	-0.792440	-14.301174	-7.643584	-54.542962
0.012536	-0.796312	-14.347130	-7.661096	-54.630033
0.012946	-0.798879	-14.393137	-7.678493	-54.717101
0.013340	-0.801331	-14.439196	-7.695772	-54.804164
0.013719	-0.801821	-14.485310	-7.712929	-54.891223
0.014085	-0.802481	-14.531479	-7.729961	-54.978276
0.014437	-0.801418	-14.577706	-7.746864	-55.065325
0.014777	-0.800726	-14.623991	-7.763635	-55.152367
0.015106	-0.798485	-14.670336	-7.780272	-55.239404
0.015424	-0.795761	-14.716741	-7.796770	-55.326435
0.015733	-0.793615	-14.763208	-7.813126	-55.413460
0.016033	-0.790097	-14.809737	-7.829339	-55.500479
0.016325	-0.786253	-14.856330	-7.845404	-55.587491
0.016610	-0.782121	-14.902985	-7.861319	-55.674497
0.016890	-0.776738	-14.949704	-7.877080	-55.761496
0.017165	-0.771134	-14.996488	-7.892685	-55.848489
0.017436	-0.765337	-15.043336	-7.908132	-55.935476
0.017704	-0.758371	-15.090248	-7.923416	-56.022457
0.017971	-0.751259	-15.137224	-7.938536	-56.109433
0.018237	-0.743020	-15.184264	-7.953487	-56.196402
0.000000	0.000000	-15.184264	-7.953487	-56.196402
