1513.005	1513.155	1513.048	1513.165	3.009
1514.988	1515.110	1515.079	1515.144	3.005
1516.990	1517.139	1517.048	1517.145	3.001
1518.943	1519.098	1518.987	1519.099	2.997
1520.966	1521.130	1521.017	1521.117	2.993
1522.971	1523.133	1523.008	1523.124	2.989
1525.009	1525.174	1525.050	1525.166	2.986
1527.023	1527.164	1527.069	1527.190	2.982
1528.930	1529.063	1528.935	1529.155	2.979
1530.871	1531.079	1530.977	1530.933	2.976
1532.847	1532.997	1532.905	1532.995	2.973
1534.841	1534.976	1534.880	1535.023	2.970
1536.888	1537.052	1536.929	1537.044	2.967
1538.877	1539.052	1538.926	1539.010	2.964
1540.875	1541.042	1540.918	1541.025	2.962
1542.810	1542.964	1542.858	1542.969	2.960
1544.768	1544.937	1544.815	1544.912	2.957
1546.717	1546.888	1546.769	1546.847	2.955
1548.726	1548.885	1548.765	1548.886	2.953
1550.805	1550.975	1550.842	1550.968	2.951
1552.889	1553.056	1552.934	1553.048	2.949
1554.919	1555.085	1554.962	1555.086	2.947
1556.918	1557.085	1556.963	1557.084	2.945
1558.913	1559.079	1558.955	1559.084	2.944
1560.897	1561.061	1560.943	1561.063	2.942
1562.878	1563.043	1562.926	1563.041	2.941
1564.935	1565.104	1564.986	1565.091	2.939
1566.942	1567.111	1566.988	1567.103	2.938
1568.939	1569.108	1568.982	1569.107	2.936
1570.918	1571.082	1570.967	1571.093	2.935
1572.928	1573.099	1572.969	1573.102	2.934
1574.956	1575.119	1575.007	1575.117	2.932
1577.027	1577.192	1577.076	1577.191	2.931
1579.123	1579.294	1579.169	1579.286	2.930
1581.146	1581.321	1581.193	1581.289	2.929
1583.210	1583.366	1583.266	1583.363	2.927
1585.256	1585.383	1585.294	1585.465	2.926
1587.234	1587.348	1587.261	1587.476	2.925
0.000	0.000	0.000	0.000	2.924
0.000	0.000	0.000	0.000	2.922
0.000	0.000	0.000	0.000	2.921
0.000	0.000	0.000	0.000	2.920
0.000	0.000	0.000	0.000	2.918
0.000	0.000	0.000	0.000	2.917
0.000	0.000	0.000	0.000	2.916
0.000	0.000	0.000	0.000	2.915
0.000	0.000	0.000	0.000	2.913
0.000	0.000	0.000	0.000	2.912
0.000	0.000	0.000	0.000	2.911
0.000	0.000	0.000	0.000	2.909
0.000	0.000	0.000	0.000	2.908
0.000	0.000	0.000	0.000	2.907
0.000	0.000	0.000	0.000	2.905
0.000	0.000	0.000	0.000	2.904
0.000	0.000	0.000	0.000	2.902
0.000	0.000	0.000	0.000	2.901
0.000	0.000	0.000	0.000	2.899
0.000	0.000	0.000	0.000	2.898
0.000	0.000	0.000	0.000	2.896
0.000	0.000	0.000	0.000	2.895
0.000	0.000	0.000	0.000	2.893
0.000	0.000	0.000	0.000	2.891
0.000	0.000	0.000	0.000	2.890
0.000	0.000	0.000	0.000	2.888
0.000	0.000	0.000	0.000	2.886
0.000	0.000	0.000	0.000	2.884
0.000	0.000	0.000	0.000	2.883
0.000	0.000	0.000	0.000	2.881
0.000	0.000	0.000	0.000	2.880
0.000	0.000	0.000	0.000	2.878
0.000	0.000	0.000	0.000	2.877
0.000	0.000	0.000	0.000	2.875
0.000	0.000	0.000	0.000	2.874
0.000	0.000	0.000	0.000	2.873
0.000	0.000	0.000	0.000	2.871
0.000	0.000	0.000	0.000	2.870
0.000	0.000	0.000	0.000	2.870
0.000	0.000	0.000	0.000	2.869
0.000	0.000	0.000	0.000	2.868
0.000	0.000	0.000	0.000	2.868
0.000	0.000	0.000	0.000	2.867
0.000	0.000	0.000	0.000	2.867
0.000	0.000	0.000	0.000	2.867
0.000	0.000	0.000	0.000	2.867
0.000	0.000	0.000	0.000	2.867
0.000	0.000	0.000	0.000	2.867
0.000	0.000	0.000	0.000	2.868
0.000	0.000	0.000	0.000	2.868
0.000	0.000	0.000	0.000	2.868
0.000	0.000	0.000	0.000	2.869
0.000	0.000	0.000	0.000	2.869
0.000	0.000	0.000	0.000	2.870
0.000	0.000	0.000	0.000	2.870
0.000	0.000	0.000	0.000	2.870
0.000	0.000	0.000	0.000	2.870
0.000	0.000	0.000	0.000	2.870
0.000	0.000	0.000	0.000	2.870
0.000	0.000	0.000	0.000	2.870
0.000	0.000	0.000	0.000	2.870
0.000	0.000	0.000	0.000	2.870
0.000	0.000	0.000	0.000	2.869
0.000	0.000	0.000	0.000	2.868
0.000	0.000	0.000	0.000	2.867
0.000	0.000	0.000	0.000	2.866
0.000	0.000	0.000	0.000	2.865
0.000	0.000	0.000	0.000	2.864
0.000	0.000	0.000	0.000	2.862
0.000	0.000	0.000	0.000	2.860
0.000	0.000	0.000	0.000	2.859
0.000	0.000	0.000	0.000	2.856
0.000	0.000	0.000	0.000	2.854
0.000	0.000	0.000	0.000	2.852
0.000	0.000	0.000	0.000	2.849
0.000	0.000	0.000	0.000	2.847
0.000	0.000	0.000	0.000	2.844
0.000	0.000	0.000	0.000	2.841
0.000	0.000	0.000	0.000	2.838
0.000	0.000	0.000	0.000	2.835
0.000	0.000	0.000	0.000	2.831
0.000	0.000	0.000	0.000	2.828
0.000	0.000	0.000	0.000	2.825
0.000	0.000	0.000	0.000	2.821
0.000	0.000	0.000	0.000	2.817
0.000	0.000	0.000	0.000	2.813
0.000	0.000	0.000	0.000	2.809
0.000	0.000	0.000	0.000	2.805
0.000	0.000	0.000	0.000	2.801
0.000	0.000	0.000	0.000	2.797
0.000	0.000	0.000	0.000	2.792
0.000	0.000	0.000	0.000	2.787
0.000	0.000	0.000	0.000	2.783
0.000	0.000	0.000	0.000	2.777
0.000	0.000	0.000	0.000	2.772
0.000	0.000	0.000	0.000	2.767
0.000	0.000	0.000	0.000	2.761
0.000	0.000	0.000	0.000	2.755
0.000	0.000	0.000	0.000	2.749
0.000	0.000	0.000	0.000	2.742
0.000	0.000	0.000	0.000	2.735
0.000	0.000	0.000	0.000	2.728
0.000	0.000	0.000	0.000	2.720
0.000	0.000	0.000	0.000	2.712
0.000	0.000	0.000	0.000	2.704
0.000	0.000	0.000	0.000	2.695
0.000	0.000	0.000	0.000	2.687
0.000	0.000	0.000	0.000	2.678
0.000	0.000	0.000	0.000	2.669
0.000	0.000	0.000	0.000	2.661
0.000	0.000	0.000	0.000	2.652
0.000	0.000	0.000	0.000	2.645
0.000	0.000	0.000	0.000	2.638
0.000	0.000	0.000	0.000	2.632
0.000	0.000	0.000	0.000	2.627
0.000	0.000	0.000	0.000	2.623
0.000	0.000	0.000	0.000	2.621
0.000	0.000	0.000	0.000	2.620
0.000	0.000	0.000	0.000	2.621
0.000	0.000	0.000	0.000	2.623
0.000	0.000	0.000	0.000	2.627
0.000	0.000	0.000	0.000	2.632
0.000	0.000	0.000	0.000	2.638
0.000	0.000	0.000	0.000	2.646
0.000	0.000	0.000	0.000	2.655
0.000	0.000	0.000	0.000	2.665
0.000	0.000	0.000	0.000	2.674
0.000	0.000	0.000	0.000	2.684
0.000	0.000	0.000	0.000	2.694
0.000	0.000	0.000	0.000	2.703
0.000	0.000	0.000	0.000	2.711
0.000	0.000	0.000	0.000	2.719
0.000	0.000	0.000	0.000	2.727
0.000	0.000	0.000	0.000	2.733
0.000	0.000	0.000	0.000	2.739
0.000	0.000	0.000	0.000	2.745
0.000	0.000	0.000	0.000	2.749
0.000	0.000	0.000	0.000	2.753
0.000	0.000	0.000	0.000	2.756
0.000	0.000	0.000	0.000	2.759
0.000	0.000	0.000	0.000	2.760
0.000	0.000	0.000	0.000	2.761
0.000	0.000	0.000	0.000	2.761
0.000	0.000	0.000	0.000	2.760
0.000	0.000	0.000	0.000	2.758
0.000	0.000	0.000	0.000	2.755
0.000	0.000	0.000	0.000	2.751
0.000	0.000	0.000	0.000	2.746
0.000	0.000	0.000	0.000	2.741
0.000	0.000	0.000	0.000	2.735
0.000	0.000	0.000	0.000	2.727
0.000	0.000	0.000	0.000	2.719
0.000	0.000	0.000	0.000	2.710
0.000	0.000	0.000	0.000	2.700
0.000	0.000	0.000	0.000	2.690
0.000	0.000	0.000	0.000	2.678
0.000	0.000	0.000	0.000	2.666
0.000	0.000	0.000	0.000	2.652
0.000	0.000	0.000	0.000	2.638
0.000	0.000	0.000	0.000	2.624
0.000	0.000	0.000	0.000	2.609
0.000	0.000	0.000	0.000	2.594
0.000	0.000	0.000	0.000	2.580
0.000	0.000	0.000	0.000	2.566
0.000	0.000	0.000	0.000	2.553
0.000	0.000	0.000	0.000	2.540
0.000	0.000	0.000	0.000	2.529
0.000	0.000	0.000	0.000	2.519
0.000	0.000	0.000	0.000	2.511
0.000	0.000	0.000	0.000	2.503
0.000	0.000	0.000	0.000	2.497
0.000	0.000	0.000	0.000	2.491
0.000	0.000	0.000	0.000	2.487
0.000	0.000	0.000	0.000	2.484
0.000	0.000	0.000	0.000	2.482
0.000	0.000	0.000	0.000	2.480
0.000	0.000	0.000	0.000	2.479
0.000	0.000	0.000	0.000	2.479
0.000	0.000	0.000	0.000	2.479
0.000	0.000	0.000	0.000	2.479
0.000	0.000	0.000	0.000	2.480
0.000	0.000	0.000	0.000	2.480
0.000	0.000	0.000	0.000	2.481
0.000	0.000	0.000	0.000	2.481
0.000	0.000	0.000	0.000	2.481
0.000	0.000	0.000	0.000	2.481
0.000	0.000	0.000	0.000	2.480
0.000	0.000	0.000	0.000	2.480
0.000	0.000	0.000	0.000	2.479
0.000	0.000	0.000	0.000	2.478
0.000	0.000	0.000	0.000	2.477
0.000	0.000	0.000	0.000	2.476
0.000	0.000	0.000	0.000	2.475
0.000	0.000	0.000	0.000	2.474
0.000	0.000	0.000	0.000	2.472
0.000	0.000	0.000	0.000	2.471
0.000	0.000	0.000	0.000	2.470
0.000	0.000	0.000	0.000	2.468
0.000	0.000	0.000	0.000	2.467
0.000	0.000	0.000	0.000	2.465
0.000	0.000	0.000	0.000	2.464
0.000	0.000	0.000	0.000	2.462
0.000	0.000	0.000	0.000	2.461
0.000	0.000	0.000	0.000	2.459
0.000	0.000	0.000	0.000	2.458
0.000	0.000	0.000	0.000	2.457
0.000	0.000	0.000	0.000	2.455
0.000	0.000	0.000	0.000	2.454
0.000	0.000	0.000	0.000	2.453
0.000	0.000	0.000	0.000	2.452
0.000	0.000	0.000	0.000	2.451
0.000	0.000	0.000	0.000	2.450
0.000	0.000	0.000	0.000	2.449
0.000	0.000	0.000	0.000	2.448
0.000	0.000	0.000	0.000	2.447
0.000	0.000	0.000	0.000	2.446
0.000	0.000	0.000	0.000	2.446
0.000	0.000	0.000	0.000	2.445
0.000	0.000	0.000	0.000	2.445
0.000	0.000	0.000	0.000	2.445
0.000	0.000	0.000	0.000	2.444
0.000	0.000	0.000	0.000	2.444
0.000	0.000	0.000	0.000	2.445
0.000	0.000	0.000	0.000	2.445
0.000	0.000	0.000	0.000	2.445
0.000	0.000	0.000	0.000	2.446
0.000	0.000	0.000	0.000	2.446
0.000	0.000	0.000	0.000	2.447
0.000	0.000	0.000	0.000	2.448
0.000	0.000	0.000	0.000	2.448
0.000	0.000	0.000	0.000	2.449
0.000	0.000	0.000	0.000	2.449
0.000	0.000	0.000	0.000	2.450
0.000	0.000	0.000	0.000	2.450
0.000	0.000	0.000	0.000	2.450
0.000	0.000	0.000	0.000	2.450
0.000	0.000	0.000	0.000	2.450
0.000	0.000	0.000	0.000	2.450
0.000	0.000	0.000	0.000	2.449
0.000	0.000	0.000	0.000	2.449
0.000	0.000	0.000	0.000	2.447
0.000	0.000	0.000	0.000	2.446
0.000	0.000	0.000	0.000	2.444
0.000	0.000	0.000	0.000	2.442
0.000	0.000	0.000	0.000	2.439
0.000	0.000	0.000	0.000	2.437
0.000	0.000	0.000	0.000	2.434
0.000	0.000	0.000	0.000	2.430
0.000	0.000	0.000	0.000	2.427
0.000	0.000	0.000	0.000	2.423
0.000	0.000	0.000	0.000	2.419
0.000	0.000	0.000	0.000	2.415
0.000	0.000	0.000	0.000	2.411
0.000	0.000	0.000	0.000	2.408
0.000	0.000	0.000	0.000	2.404
0.000	0.000	0.000	0.000	2.400
0.000	0.000	0.000	0.000	2.396
0.000	0.000	0.000	0.000	2.393
0.000	0.000	0.000	0.000	2.389
0.000	0.000	0.000	0.000	2.386
0.000	0.000	0.000	0.000	2.383
0.000	0.000	0.000	0.000	2.381
0.000	0.000	0.000	0.000	2.379
0.000	0.000	0.000	0.000	2.377
0.000	0.000	0.000	0.000	2.375
0.000	0.000	0.000	0.000	2.374
0.000	0.000	0.000	0.000	2.373
0.000	0.000	0.000	0.000	2.372
0.000	0.000	0.000	0.000	2.372
0.000	0.000	0.000	0.000	2.372
0.000	0.000	0.000	0.000	2.372
0.000	0.000	0.000	0.000	2.372
0.000	0.000	0.000	0.000	2.373
0.000	0.000	0.000	0.000	2.373
0.000	0.000	0.000	0.000	2.374
0.000	0.000	0.000	0.000	2.375
0.000	0.000	0.000	0.000	2.375
0.000	0.000	0.000	0.000	2.376
0.000	0.000	0.000	0.000	2.377
0.000	0.000	0.000	0.000	2.378
0.000	0.000	0.000	0.000	2.379
0.000	0.000	0.000	0.000	2.380
0.000	0.000	0.000	0.000	2.381
0.000	0.000	0.000	0.000	2.382
0.000	0.000	0.000	0.000	2.383
0.000	0.000	0.000	0.000	2.383
0.000	0.000	0.000	0.000	2.384
0.000	0.000	0.000	0.000	2.384
0.000	0.000	0.000	0.000	2.385
0.000	0.000	0.000	0.000	2.385
0.000	0.000	0.000	0.000	2.386
0.000	0.000	0.000	0.000	2.386
0.000	0.000	0.000	0.000	2.386
0.000	0.000	0.000	0.000	2.386
0.000	0.000	0.000	0.000	2.386
0.000	0.000	0.000	0.000	2.386
0.000	0.000	0.000	0.000	2.386
0.000	0.000	0.000	0.000	2.385
0.000	0.000	0.000	0.000	2.385
0.000	0.000	0.000	0.000	2.384
0.000	0.000	0.000	0.000	2.384
0.000	0.000	0.000	0.000	2.383
0.000	0.000	0.000	0.000	2.382
0.000	0.000	0.000	0.000	2.381
0.000	0.000	0.000	0.000	2.380
0.000	0.000	0.000	0.000	2.379
0.000	0.000	0.000	0.000	2.378
0.000	0.000	0.000	0.000	2.377
0.000	0.000	0.000	0.000	2.376
0.000	0.000	0.000	0.000	2.374
0.000	0.000	0.000	0.000	2.373
0.000	0.000	0.000	0.000	2.372
0.000	0.000	0.000	0.000	2.371
0.000	0.000	0.000	0.000	2.370
0.000	0.000	0.000	0.000	2.369
0.000	0.000	0.000	0.000	2.368
0.000	0.000	0.000	0.000	2.367
0.000	0.000	0.000	0.000	2.367
0.000	0.000	0.000	0.000	2.366
0.000	0.000	0.000	0.000	2.366
0.000	0.000	0.000	0.000	2.366
0.000	0.000	0.000	0.000	2.366
0.000	0.000	0.000	0.000	2.367
0.000	0.000	0.000	0.000	2.367
0.000	0.000	0.000	0.000	2.368
0.000	0.000	0.000	0.000	2.370
0.000	0.000	0.000	0.000	2.371
0.000	0.000	0.000	0.000	2.373
0.000	0.000	0.000	0.000	2.375
0.000	0.000	0.000	0.000	2.377
0.000	0.000	0.000	0.000	2.379
0.000	0.000	0.000	0.000	2.381
0.000	0.000	0.000	0.000	2.383
0.000	0.000	0.000	0.000	2.386
0.000	0.000	0.000	0.000	2.388
0.000	0.000	0.000	0.000	2.390
0.000	0.000	0.000	0.000	2.393
0.000	0.000	0.000	0.000	2.395
0.000	0.000	0.000	0.000	2.397
0.000	0.000	0.000	0.000	2.399
0.000	0.000	0.000	0.000	2.402
0.000	0.000	0.000	0.000	2.404
0.000	0.000	0.000	0.000	2.406
0.000	0.000	0.000	0.000	2.407
0.000	0.000	0.000	0.000	2.409
0.000	0.000	0.000	0.000	2.411
0.000	0.000	0.000	0.000	2.412
0.000	0.000	0.000	0.000	2.414
0.000	0.000	0.000	0.000	2.415
0.000	0.000	0.000	0.000	2.416
0.000	0.000	0.000	0.000	2.417
0.000	0.000	0.000	0.000	2.417
0.000	0.000	0.000	0.000	2.418
0.000	0.000	0.000	0.000	2.419
0.000	0.000	0.000	0.000	2.419
0.000	0.000	0.000	0.000	2.419
0.000	0.000	0.000	0.000	2.419
0.000	0.000	0.000	0.000	2.419
0.000	0.000	0.000	0.000	2.419
0.000	0.000	0.000	0.000	2.418
0.000	0.000	0.000	0.000	2.418
0.000	0.000	0.000	0.000	2.417
0.000	0.000	0.000	0.000	2.416
0.000	0.000	0.000	0.000	2.415
0.000	0.000	0.000	0.000	2.413
0.000	0.000	0.000	0.000	2.412
0.000	0.000	0.000	0.000	2.410
0.000	0.000	0.000	0.000	2.409
0.000	0.000	0.000	0.000	2.407
0.000	0.000	0.000	0.000	2.405
0.000	0.000	0.000	0.000	2.403
0.000	0.000	0.000	0.000	2.401
0.000	0.000	0.000	0.000	2.399
0.000	0.000	0.000	0.000	2.397
0.000	0.000	0.000	0.000	2.396
0.000	0.000	0.000	0.000	2.394
0.000	0.000	0.000	0.000	2.392
0.000	0.000	0.000	0.000	2.391
0.000	0.000	0.000	0.000	2.389
0.000	0.000	0.000	0.000	2.388
0.000	0.000	0.000	0.000	2.387
0.000	0.000	0.000	0.000	2.386
0.000	0.000	0.000	0.000	2.386
0.000	0.000	0.000	0.000	2.386
0.000	0.000	0.000	0.000	2.386
0.000	0.000	0.000	0.000	2.386
0.000	0.000	0.000	0.000	2.386
0.000	0.000	0.000	0.000	2.387
0.000	0.000	0.000	0.000	2.388
0.000	0.000	0.000	0.000	2.389
0.000	0.000	0.000	0.000	2.389
0.000	0.000	0.000	0.000	2.391
0.000	0.000	0.000	0.000	2.392
0.000	0.000	0.000	0.000	2.393
0.000	0.000	0.000	0.000	2.394
0.000	0.000	0.000	0.000	2.395
0.000	0.000	0.000	0.000	2.396
0.000	0.000	0.000	0.000	2.397
0.000	0.000	0.000	0.000	2.397
0.000	0.000	0.000	0.000	2.398
0.000	0.000	0.000	0.000	2.399
0.000	0.000	0.000	0.000	2.399
0.000	0.000	0.000	0.000	2.399
0.000	0.000	0.000	0.000	2.399
0.000	0.000	0.000	0.000	2.399
0.000	0.000	0.000	0.000	2.399
0.000	0.000	0.000	0.000	2.398
0.000	0.000	0.000	0.000	2.397
0.000	0.000	0.000	0.000	2.396
0.000	0.000	0.000	0.000	2.396
0.000	0.000	0.000	0.000	2.395
0.000	0.000	0.000	0.000	2.393
0.000	0.000	0.000	0.000	2.392
0.000	0.000	0.000	0.000	2.391
0.000	0.000	0.000	0.000	2.390
0.000	0.000	0.000	0.000	2.389
0.000	0.000	0.000	0.000	2.387
0.000	0.000	0.000	0.000	2.386
0.000	0.000	0.000	0.000	2.385
0.000	0.000	0.000	0.000	2.384
0.000	0.000	0.000	0.000	2.382
0.000	0.000	0.000	0.000	2.381
0.000	0.000	0.000	0.000	2.380
0.000	0.000	0.000	0.000	2.380
0.000	0.000	0.000	0.000	2.379
0.000	0.000	0.000	0.000	2.378
0.000	0.000	0.000	0.000	2.377
0.000	0.000	0.000	0.000	2.377
0.000	0.000	0.000	0.000	2.376
0.000	0.000	0.000	0.000	2.376
0.000	0.000	0.000	0.000	2.375
0.000	0.000	0.000	0.000	2.375
0.000	0.000	0.000	0.000	2.375
0.000	0.000	0.000	0.000	2.374
0.000	0.000	0.000	0.000	2.374
0.000	0.000	0.000	0.000	2.373
0.000	0.000	0.000	0.000	2.373
0.000	0.000	0.000	0.000	2.372
0.000	0.000	0.000	0.000	2.372
0.000	0.000	0.000	0.000	2.371
0.000	0.000	0.000	0.000	2.370
0.000	0.000	0.000	0.000	2.370
0.000	0.000	0.000	0.000	2.369
0.000	0.000	0.000	0.000	2.368
0.000	0.000	0.000	0.000	2.367
0.000	0.000	0.000	0.000	2.365
0.000	0.000	0.000	0.000	2.364
0.000	0.000	0.000	0.000	2.363
0.000	0.000	0.000	0.000	2.362
0.000	0.000	0.000	0.000	2.360
0.000	0.000	0.000	0.000	2.359
0.000	0.000	0.000	0.000	2.357
0.000	0.000	0.000	0.000	2.356
0.000	0.000	0.000	0.000	2.355
0.000	0.000	0.000	0.000	2.353
0.000	0.000	0.000	0.000	2.352
0.000	0.000	0.000	0.000	2.351
0.000	0.000	0.000	0.000	2.349
0.000	0.000	0.000	0.000	2.348
0.000	0.000	0.000	0.000	2.347
0.000	0.000	0.000	0.000	2.346
0.000	0.000	0.000	0.000	2.345
0.000	0.000	0.000	0.000	2.344
0.000	0.000	0.000	0.000	2.343
0.000	0.000	0.000	0.000	2.343
0.000	0.000	0.000	0.000	2.342
0.000	0.000	0.000	0.000	2.342
0.000	0.000	0.000	0.000	2.341
0.000	0.000	0.000	0.000	2.341
0.000	0.000	0.000	0.000	2.340
0.000	0.000	0.000	0.000	2.340
0.000	0.000	0.000	0.000	2.340
0.000	0.000	0.000	0.000	2.339
0.000	0.000	0.000	0.000	2.339
0.000	0.000	0.000	0.000	2.339
0.000	0.000	0.000	0.000	2.338
0.000	0.000	0.000	0.000	2.338
0.000	0.000	0.000	0.000	2.337
0.000	0.000	0.000	0.000	2.337
0.000	0.000	0.000	0.000	2.336
0.000	0.000	0.000	0.000	2.335
0.000	0.000	0.000	0.000	2.334
0.000	0.000	0.000	0.000	2.333
0.000	0.000	0.000	0.000	2.332
0.000	0.000	0.000	0.000	2.331
0.000	0.000	0.000	0.000	2.329
0.000	0.000	0.000	0.000	2.328
0.000	0.000	0.000	0.000	2.326
0.000	0.000	0.000	0.000	2.324
0.000	0.000	0.000	0.000	2.323
0.000	0.000	0.000	0.000	2.321
0.000	0.000	0.000	0.000	2.319
0.000	0.000	0.000	0.000	2.317
0.000	0.000	0.000	0.000	2.315
0.000	0.000	0.000	0.000	2.313
0.000	0.000	0.000	0.000	2.311
0.000	0.000	0.000	0.000	2.309
0.000	0.000	0.000	0.000	2.307
0.000	0.000	0.000	0.000	2.305
0.000	0.000	0.000	0.000	2.303
0.000	0.000	0.000	0.000	2.301
0.000	0.000	0.000	0.000	2.299
0.000	0.000	0.000	0.000	2.297
0.000	0.000	0.000	0.000	2.296
0.000	0.000	0.000	0.000	2.294
0.000	0.000	0.000	0.000	2.293
0.000	0.000	0.000	0.000	2.291
0.000	0.000	0.000	0.000	2.290
0.000	0.000	0.000	0.000	2.289
0.000	0.000	0.000	0.000	2.287
0.000	0.000	0.000	0.000	2.286
0.000	0.000	0.000	0.000	2.285
0.000	0.000	0.000	0.000	2.283
0.000	0.000	0.000	0.000	2.282
0.000	0.000	0.000	0.000	2.280
0.000	0.000	0.000	0.000	2.279
0.000	0.000	0.000	0.000	2.277
0.000	0.000	0.000	0.000	2.276
0.000	0.000	0.000	0.000	2.274
0.000	0.000	0.000	0.000	2.272
0.000	0.000	0.000	0.000	2.270
0.000	0.000	0.000	0.000	2.268
0.000	0.000	0.000	0.000	2.266
0.000	0.000	0.000	0.000	2.263
0.000	0.000	0.000	0.000	2.261
0.000	0.000	0.000	0.000	2.258
0.000	0.000	0.000	0.000	2.256
0.000	0.000	0.000	0.000	2.253
0.000	0.000	0.000	0.000	2.250
0.000	0.000	0.000	0.000	2.247
0.000	0.000	0.000	0.000	2.244
0.000	0.000	0.000	0.000	2.241
0.000	0.000	0.000	0.000	2.238
0.000	0.000	0.000	0.000	2.235
0.000	0.000	0.000	0.000	2.232
0.000	0.000	0.000	0.000	2.229
0.000	0.000	0.000	0.000	2.226
0.000	0.000	0.000	0.000	2.223
0.000	0.000	0.000	0.000	2.221
0.000	0.000	0.000	0.000	2.218
0.000	0.000	0.000	0.000	2.216
0.000	0.000	0.000	0.000	2.213
0.000	0.000	0.000	0.000	2.211
0.000	0.000	0.000	0.000	2.209
0.000	0.000	0.000	0.000	2.207
0.000	0.000	0.000	0.000	2.205
0.000	0.000	0.000	0.000	2.204
0.000	0.000	0.000	0.000	2.202
0.000	0.000	0.000	0.000	2.201
0.000	0.000	0.000	0.000	2.199
0.000	0.000	0.000	0.000	2.198
0.000	0.000	0.000	0.000	2.197
0.000	0.000	0.000	0.000	2.195
0.000	0.000	0.000	0.000	2.194
0.000	0.000	0.000	0.000	2.193
0.000	0.000	0.000	0.000	2.191
0.000	0.000	0.000	0.000	2.190
0.000	0.000	0.000	0.000	2.188
0.000	0.000	0.000	0.000	2.187
0.000	0.000	0.000	0.000	2.185
0.000	0.000	0.000	0.000	2.184
0.000	0.000	0.000	0.000	2.182
0.000	0.000	0.000	0.000	2.180
0.000	0.000	0.000	0.000	2.178
0.000	0.000	0.000	0.000	2.175
0.000	0.000	0.000	0.000	2.173
0.000	0.000	0.000	0.000	2.170
0.000	0.000	0.000	0.000	2.168
0.000	0.000	0.000	0.000	2.165
0.000	0.000	0.000	0.000	2.162
0.000	0.000	0.000	0.000	2.159
0.000	0.000	0.000	0.000	2.156
0.000	0.000	0.000	0.000	2.153
0.000	0.000	0.000	0.000	2.150
0.000	0.000	0.000	0.000	2.147
0.000	0.000	0.000	0.000	2.144
0.000	0.000	0.000	0.000	2.141
0.000	0.000	0.000	0.000	2.138
0.000	0.000	0.000	0.000	2.135
0.000	0.000	0.000	0.000	2.132
0.000	0.000	0.000	0.000	2.130
0.000	0.000	0.000	0.000	2.127
0.000	0.000	0.000	0.000	2.125
0.000	0.000	0.000	0.000	2.122
0.000	0.000	0.000	0.000	2.120
0.000	0.000	0.000	0.000	2.118
0.000	0.000	0.000	0.000	2.116
0.000	0.000	0.000	0.000	2.114
0.000	0.000	0.000	0.000	2.113
0.000	0.000	0.000	0.000	2.111
0.000	0.000	0.000	0.000	2.110
0.000	0.000	0.000	0.000	2.108
0.000	0.000	0.000	0.000	2.107
0.000	0.000	0.000	0.000	2.106
0.000	0.000	0.000	0.000	2.105
0.000	0.000	0.000	0.000	2.104
0.000	0.000	0.000	0.000	2.103
0.000	0.000	0.000	0.000	2.102
0.000	0.000	0.000	0.000	2.101
0.000	0.000	0.000	0.000	2.100
0.000	0.000	0.000	0.000	2.099
0.000	0.000	0.000	0.000	2.097
0.000	0.000	0.000	0.000	2.096
0.000	0.000	0.000	0.000	2.095
0.000	0.000	0.000	0.000	2.094
0.000	0.000	0.000	0.000	2.093
0.000	0.000	0.000	0.000	2.092
0.000	0.000	0.000	0.000	2.090
0.000	0.000	0.000	0.000	2.089
0.000	0.000	0.000	0.000	2.088
0.000	0.000	0.000	0.000	2.086
0.000	0.000	0.000	0.000	2.084
0.000	0.000	0.000	0.000	2.083
0.000	0.000	0.000	0.000	2.081
0.000	0.000	0.000	0.000	2.079
0.000	0.000	0.000	0.000	2.077
0.000	0.000	0.000	0.000	2.074
0.000	0.000	0.000	0.000	2.072
0.000	0.000	0.000	0.000	2.069
0.000	0.000	0.000	0.000	2.067
0.000	0.000	0.000	0.000	2.064
0.000	0.000	0.000	0.000	2.061
0.000	0.000	0.000	0.000	2.057
0.000	0.000	0.000	0.000	2.054
0.000	0.000	0.000	0.000	2.050
0.000	0.000	0.000	0.000	2.046
0.000	0.000	0.000	0.000	2.042
0.000	0.000	0.000	0.000	2.038
0.000	0.000	0.000	0.000	2.033
0.000	0.000	0.000	0.000	2.029
0.000	0.000	0.000	0.000	2.024
0.000	0.000	0.000	0.000	2.019
0.000	0.000	0.000	0.000	2.014
0.000	0.000	0.000	0.000	2.009
0.000	0.000	0.000	0.000	2.004
0.000	0.000	0.000	0.000	1.999
0.000	0.000	0.000	0.000	1.994
0.000	0.000	0.000	0.000	1.989
0.000	0.000	0.000	0.000	1.984
0.000	0.000	0.000	0.000	1.979
0.000	0.000	0.000	0.000	1.974
0.000	0.000	0.000	0.000	1.969
0.000	0.000	0.000	0.000	1.965
0.000	0.000	0.000	0.000	1.960
0.000	0.000	0.000	0.000	1.956
0.000	0.000	0.000	0.000	1.952
0.000	0.000	0.000	0.000	1.948
0.000	0.000	0.000	0.000	1.944
0.000	0.000	0.000	0.000	1.940
0.000	0.000	0.000	0.000	1.936
0.000	0.000	0.000	0.000	1.932
0.000	0.000	0.000	0.000	1.928
0.000	0.000	0.000	0.000	1.924
0.000	0.000	0.000	0.000	1.919
0.000	0.000	0.000	0.000	1.915
0.000	0.000	0.000	0.000	1.911
0.000	0.000	0.000	0.000	1.906
0.000	0.000	0.000	0.000	1.902
0.000	0.000	0.000	0.000	1.897
0.000	0.000	0.000	0.000	1.891
0.000	0.000	0.000	0.000	1.886
0.000	0.000	0.000	0.000	1.880
0.000	0.000	0.000	0.000	1.874
0.000	0.000	0.000	0.000	1.867
0.000	0.000	0.000	0.000	1.860
0.000	0.000	0.000	0.000	1.853
0.000	0.000	0.000	0.000	1.845
0.000	0.000	0.000	0.000	1.837
0.000	0.000	0.000	0.000	1.829
0.000	0.000	0.000	0.000	1.821
0.000	0.000	0.000	0.000	1.812
0.000	0.000	0.000	0.000	1.803
0.000	0.000	0.000	0.000	1.794
0.000	0.000	0.000	0.000	1.785
0.000	0.000	0.000	0.000	1.775
0.000	0.000	0.000	0.000	1.766
0.000	0.000	0.000	0.000	1.756
0.000	0.000	0.000	0.000	1.747
0.000	0.000	0.000	0.000	1.737
0.000	0.000	0.000	0.000	1.728
0.000	0.000	0.000	0.000	1.718
0.000	0.000	0.000	0.000	1.709
0.000	0.000	0.000	0.000	1.700
0.000	0.000	0.000	0.000	1.691
0.000	0.000	0.000	0.000	1.682
0.000	0.000	0.000	0.000	1.673
0.000	0.000	0.000	0.000	1.665
0.000	0.000	0.000	0.000	1.656
0.000	0.000	0.000	0.000	1.648
0.000	0.000	0.000	0.000	1.639
0.000	0.000	0.000	0.000	1.631
0.000	0.000	0.000	0.000	1.622
0.000	0.000	0.000	0.000	1.613
0.000	0.000	0.000	0.000	1.605
0.000	0.000	0.000	0.000	1.596
0.000	0.000	0.000	0.000	1.587
0.000	0.000	0.000	0.000	1.578
0.000	0.000	0.000	0.000	1.568
0.000	0.000	0.000	0.000	1.558
0.000	0.000	0.000	0.000	1.548
0.000	0.000	0.000	0.000	1.537
0.000	0.000	0.000	0.000	1.526
0.000	0.000	0.000	0.000	1.514
