0.050937	-0.841125	0.000000	0.000000	0.000000
0.046577	-0.800270	0.099999	0.000340	-0.000380
0.042304	-0.752294	0.199994	0.001004	-0.001094
0.038154	-0.695520	0.299984	0.001976	-0.002096
0.034163	-0.627740	0.399968	0.003242	-0.003344
0.030379	-0.546068	0.499946	0.004784	-0.004792
0.026859	-0.447819	0.599917	0.006586	-0.006398
0.023675	-0.326569	0.699881	0.008630	-0.008119
0.020917	-0.179716	0.799839	0.010898	-0.009917
0.018689	-0.003135	0.899792	0.013371	-0.011752
0.017096	0.201720	0.999740	0.016032	-0.013588
0.016206	0.425669	1.099683	0.018860	-0.015389
0.016008	0.652552	1.199624	0.021835	-0.017124
0.016398	0.865826	1.299562	0.024938	-0.018761
0.017214	1.054565	1.399500	0.028147	-0.020273
0.018282	1.217860	1.499436	0.031440	-0.021636
0.019458	1.359874	1.599373	0.034797	-0.022827
0.020632	1.483636	1.699310	0.038195	-0.023827
0.021729	1.595266	1.799248	0.041610	-0.024623
0.022699	1.699336	1.899188	0.045021	-0.025201
0.023515	1.799818	1.999131	0.048402	-0.025553
0.024176	1.900024	2.099075	0.051729	-0.025677
0.024725	2.002023	2.199022	0.054979	-0.025572
0.025223	2.105927	2.298972	0.058125	-0.025243
0.025733	2.214069	2.398925	0.061142	-0.024696
0.026317	2.324032	2.498881	0.064005	-0.023944
0.027033	2.436695	2.598841	0.066688	-0.023000
0.027932	2.548380	2.698804	0.069164	-0.021881
0.029050	2.659091	2.798771	0.071410	-0.020606
0.030407	2.764815	2.898741	0.073397	-0.019196
0.032007	2.864801	2.998715	0.075102	-0.017674
0.033842	2.958750	3.098692	0.076499	-0.016066
0.035889	3.043877	3.198672	0.077564	-0.014396
0.038118	3.120873	3.298655	0.078271	-0.012691
0.040495	-3.093381	3.398640	0.078597	-0.010978
0.042981	-3.031194	3.498626	0.078518	-0.009286
0.045537	-2.977282	3.598611	0.078013	-0.007641
0.048125	-2.930117	3.698594	0.077058	-0.006071
0.050708	-2.889162	3.798573	0.075633	-0.004603
0.053248	-2.852919	3.898546	0.073717	-0.003261
0.055711	-2.822943	3.998509	0.071291	-0.002072
0.058068	-2.797749	4.098461	0.068336	-0.001058
0.060308	-2.775538	4.198396	0.064835	-0.000241
0.062428	-2.757571	4.298311	0.060771	0.000360
0.064427	-2.742250	4.398203	0.056129	0.000726
0.066310	-2.729084	4.498066	0.050895	0.000840
0.068078	-2.716664	4.597895	0.045055	0.000689
0.069738	-2.706647	4.697685	0.038596	0.000255
0.071295	-2.697738	4.797431	0.031507	-0.000473
0.072756	-2.688680	4.897126	0.023776	-0.001508
0.074129	-2.681250	4.996765	0.015394	-0.002863
0.075421	-2.674245	5.096341	0.006351	-0.004547
0.076641	-2.666485	5.195848	-0.003361	-0.006572
0.077795	-2.659805	5.295278	-0.013751	-0.008948
0.078894	-2.652050	5.394626	-0.024824	-0.011685
0.079945	-2.645078	5.493883	-0.036588	-0.014794
0.080958	-2.636758	5.593042	-0.049048	-0.018283
0.081943	-2.628965	5.692096	-0.062208	-0.022163
0.082908	-2.619582	5.791038	-0.076074	-0.026445
0.083864	-2.610501	5.889858	-0.090649	-0.031140
0.084822	-2.599622	5.988550	-0.105937	-0.036258
0.085791	-2.587883	6.087105	-0.121938	-0.041812
0.086772	-2.576349	6.185515	-0.138656	-0.047816
0.087768	-2.563114	6.283771	-0.156092	-0.054282
0.088778	-2.549267	6.381864	-0.174247	-0.061224
0.089802	-2.534892	6.479785	-0.193120	-0.068659
0.090841	-2.521073	6.577524	-0.212711	-0.076602
0.091894	-2.505887	6.675074	-0.233020	-0.085068
0.092961	-2.491408	6.772423	-0.254045	-0.094075
0.094042	-2.475707	6.869562	-0.275784	-0.103637
0.095136	-2.460849	6.966480	-0.298235	-0.113773
0.096240	-2.444899	7.063168	-0.321396	-0.124500
0.097355	-2.429914	7.159614	-0.345263	-0.135834
0.098478	-2.414951	7.255809	-0.369832	-0.147794
0.099606	-2.399060	7.351740	-0.395099	-0.160396
0.100739	-2.384290	7.447396	-0.421060	-0.173658
0.101872	-2.370685	7.542766	-0.447710	-0.187598
0.103003	-2.356286	7.637839	-0.475043	-0.202231
0.104129	-2.342131	7.732601	-0.503055	-0.217574
0.105247	-2.329255	7.827041	-0.531740	-0.233644
0.106353	-2.315690	7.921146	-0.561092	-0.250456
0.107444	-2.303457	8.014904	-0.591104	-0.268026
0.108518	-2.291546	8.108302	-0.621770	-0.286369
0.109575	-2.279941	8.201326	-0.653084	-0.305499
0.110613	-2.268623	8.293964	-0.685038	-0.325429
0.111633	-2.257579	8.386202	-0.717625	-0.346172
0.112633	-2.247793	8.478025	-0.750838	-0.367743
0.113613	-2.237251	8.569422	-0.784670	-0.390152
0.114572	-2.226940	8.660376	-0.819113	-0.413411
0.115511	-2.217846	8.750875	-0.854157	-0.437532
0.116427	-2.207956	8.840904	-0.889796	-0.462524
0.117322	-2.199261	8.930449	-0.926020	-0.488399
0.118194	-2.189747	9.019495	-0.962821	-0.515167
0.119043	-2.180404	9.108028	-1.000188	-0.542835
0.119868	-2.171223	9.196034	-1.038112	-0.571414
0.120670	-2.162192	9.283498	-1.076583	-0.600911
0.121448	-2.153303	9.370405	-1.115589	-0.631336
0.122202	-2.144546	9.456741	-1.155120	-0.662696
0.122931	-2.135912	9.542491	-1.195164	-0.694997
0.123636	-2.127393	9.627641	-1.235710	-0.728246
0.124315	-2.117981	9.712176	-1.276746	-0.762450
0.124970	-2.108671	9.796082	-1.318258	-0.797614
0.125597	-2.099463	9.879345	-1.360233	-0.833745
0.126197	-2.090364	9.961951	-1.402656	-0.870847
0.126767	-2.081378	10.043885	-1.445515	-0.908925
0.127307	-2.072508	10.125134	-1.488794	-0.947983
0.127814	-2.062758	10.205684	-1.532478	-0.988025
0.128288	-2.053131	10.285522	-1.576552	-1.029055
0.128727	-2.044632	10.364634	-1.620999	-1.071074
0.129129	-2.034264	10.443008	-1.665805	-1.114085
0.129493	-2.025029	10.520632	-1.710950	-1.158091
0.129817	-2.015930	10.597492	-1.756419	-1.203091
0.130100	-2.005971	10.673578	-1.802194	-1.249087
0.130340	-1.997154	10.748877	-1.848258	-1.296078
0.130536	-1.987482	10.823379	-1.894592	-1.344064
0.130686	-1.977958	10.897072	-1.941179	-1.393043
0.130787	-1.968584	10.969946	-1.988001	-1.443014
0.130840	-1.959363	11.041992	-2.035038	-1.493973
0.130841	-1.949299	11.113201	-2.082272	-1.545918
0.130789	-1.940394	11.183563	-2.129685	-1.598845
0.130683	-1.931650	11.253071	-2.177256	-1.652749
0.130522	-1.922063	11.321716	-2.224970	-1.707624
0.130316	-1.912594	11.389491	-2.272805	-1.763465
0.130074	-1.903196	11.456391	-2.320743	-1.820266
0.129807	-1.893825	11.522410	-2.368765	-1.878020
0.129526	-1.884439	11.587541	-2.416851	-1.936719
0.129241	-1.874994	11.651780	-2.464985	-1.996356
0.128963	-1.865452	11.715122	-2.513145	-2.056922
0.128703	-1.854774	11.777563	-2.561314	-2.118412
0.128473	-1.843922	11.839099	-2.609471	-2.180816
0.128283	-1.833863	11.899726	-2.657596	-2.244127
0.128144	-1.821563	11.959439	-2.705671	-2.308338
0.128069	-1.809991	12.018238	-2.753673	-2.373443
0.128069	-1.798122	12.076116	-2.801581	-2.439434
0.128155	-1.784931	12.133072	-2.849375	-2.506306
0.128339	-1.771398	12.189101	-2.897032	-2.574052
0.128634	-1.757507	12.244200	-2.944528	-2.642668
0.129051	-1.742249	12.298365	-2.991840	-2.712150
0.129604	-1.726615	12.351593	-3.038943	-2.782493
0.130303	-1.710608	12.403879	-3.085809	-2.853694
0.131162	-1.693231	12.455219	-3.132413	-2.925752
0.132188	-1.675523	12.505608	-3.178724	-2.998665
0.133364	-1.657632	12.555041	-3.224711	-3.072431
0.134667	-1.638723	12.603512	-3.270345	-3.147051
0.136075	-1.620948	12.651016	-3.315592	-3.222524
0.137561	-1.602445	12.697546	-3.360418	-3.298850
0.139102	-1.584341	12.743096	-3.404790	-3.376027
0.140672	-1.567748	12.787660	-3.448673	-3.454055
0.142244	-1.550766	12.831231	-3.492033	-3.532931
0.143792	-1.536486	12.873802	-3.534838	-3.612652
0.145290	-1.522990	12.915366	-3.577054	-3.693214
0.146711	-1.511354	12.955914	-3.618651	-3.774611
0.148027	-1.501648	12.995439	-3.659601	-3.856836
0.149212	-1.493940	13.033931	-3.699877	-3.939879
0.150240	-1.489300	13.071379	-3.739457	-4.023731
0.151083	-1.486798	13.107774	-3.778320	-4.108378
0.151716	-1.487510	13.143102	-3.816451	-4.193805
0.152114	-1.490522	13.177351	-3.853840	-4.279998
0.152253	-1.496928	13.210506	-3.890478	-4.366937
0.152108	-1.505838	13.242555	-3.926365	-4.454601
0.151659	-1.517381	13.273481	-3.961503	-4.542969
0.150892	-1.532660	13.303271	-3.995902	-4.632015
0.149831	-1.550605	13.331910	-4.029574	-4.721715
0.148508	-1.571107	13.359385	-4.062541	-4.812038
0.146953	-1.592063	13.385682	-4.094824	-4.902957
0.145200	-1.615371	13.410793	-4.126451	-4.994440
0.143278	-1.639927	13.434707	-4.157451	-5.086457
0.141219	-1.664618	13.457419	-4.187855	-5.178976
0.139052	-1.689322	13.478924	-4.217697	-5.271965
0.136805	-1.714899	13.499221	-4.247008	-5.365394
0.134504	-1.741194	13.518311	-4.275823	-5.459230
0.132173	-1.766029	13.536194	-4.304176	-5.553444
0.129836	-1.791200	13.552877	-4.332101	-5.648006
0.127511	-1.816477	13.568366	-4.359628	-5.742887
0.125216	-1.839604	13.582668	-4.386791	-5.838058
0.122967	-1.862290	13.595792	-4.413618	-5.933494
0.120776	-1.883217	13.607751	-4.440137	-6.029169
0.118652	-1.903035	13.618555	-4.466374	-6.125059
0.116605	-1.919364	13.628218	-4.492351	-6.221142
0.114640	-1.933796	13.636752	-4.518087	-6.317396
0.112764	-1.944898	13.644173	-4.543599	-6.413801
0.110979	-1.952295	13.650494	-4.568900	-6.510341
0.109278	-1.955939	13.655731	-4.593996	-6.606999
0.107651	-1.955880	13.659898	-4.618892	-6.703761
0.106093	-1.952184	13.663012	-4.643588	-6.800613
0.104601	-1.944929	13.665088	-4.668080	-6.897545
0.103173	-1.935211	13.666141	-4.692361	-6.994547
0.101809	-1.922139	13.666188	-4.716423	-7.091609
0.100511	-1.904834	13.665245	-4.740252	-7.188724
0.099282	-1.885437	13.663330	-4.763833	-7.285885
0.098123	-1.863101	13.660458	-4.787149	-7.383086
0.097038	-1.837996	13.656649	-4.810180	-7.480323
0.096029	-1.811308	13.651919	-4.832904	-7.577592
0.095098	-1.781237	13.646287	-4.855300	-7.674889
0.094246	-1.749998	13.639773	-4.877342	-7.772212
0.093472	-1.715815	13.632397	-4.899004	-7.869558
0.092774	-1.680924	13.624178	-4.920262	-7.966927
0.092148	-1.645568	13.615140	-4.941086	-8.064316
0.091590	-1.608994	13.605302	-4.961451	-8.161725
0.091092	-1.572450	13.594689	-4.981330	-8.259153
0.090646	-1.537181	13.583322	-5.000697	-8.356599
0.090240	-1.502402	13.571226	-5.019527	-8.454062
0.089866	-1.469212	13.558421	-5.037797	-8.551541
0.089513	-1.436677	13.544932	-5.055486	-8.649036
0.089171	-1.406855	13.530781	-5.072572	-8.746544
0.088831	-1.378796	13.515988	-5.089039	-8.844063
0.088480	-1.353546	13.500576	-5.104870	-8.941592
0.088111	-1.329145	13.484563	-5.120050	-9.039127
0.087711	-1.307627	13.467969	-5.134569	-9.136666
0.087270	-1.287023	13.450811	-5.148416	-9.234205
0.086779	-1.269362	13.433108	-5.161581	-9.331741
0.086227	-1.253671	13.414876	-5.174059	-9.429270
0.085603	-1.239977	13.396129	-5.185845	-9.526787
0.084899	-1.227306	13.376882	-5.196936	-9.624289
0.084104	-1.216689	13.357149	-5.207331	-9.721770
0.083209	-1.208159	13.336944	-5.217031	-9.819226
0.082204	-1.200757	13.316277	-5.226039	-9.916651
0.081082	-1.194529	13.295163	-5.234359	-10.014042
0.079832	-1.190534	13.273610	-5.241997	-10.111393
0.078446	-1.186843	13.251632	-5.248962	-10.208699
0.076918	-1.185543	13.229238	-5.255263	-10.305955
0.075241	-1.184724	13.206439	-5.260913	-10.403157
0.073426	-1.185411	13.183246	-5.265924	-10.500301
0.071483	-1.187632	13.159669	-5.270313	-10.597383
0.069427	-1.190428	13.135718	-5.274096	-10.694399
0.067270	-1.195863	13.111403	-5.277292	-10.791345
0.065025	-1.202019	13.086734	-5.279920	-10.888219
0.062708	-1.209999	13.061721	-5.282002	-10.985017
0.060333	-1.219928	13.036372	-5.283560	-11.081739
0.057914	-1.231953	13.010697	-5.284617	-11.178381
0.055467	-1.246246	12.984703	-5.285196	-11.274942
0.053009	-1.263003	12.958400	-5.285324	-11.371420
0.050555	-1.281441	12.931794	-5.285024	-11.467815
0.048124	-1.303802	12.904893	-5.284322	-11.564126
0.045732	-1.329342	12.877703	-5.283244	-11.660353
0.043399	-1.357324	12.850232	-5.281816	-11.756495
0.041142	-1.390007	12.822484	-5.280065	-11.852552
0.038981	-1.425619	12.794466	-5.278016	-11.948525
0.036936	-1.466333	12.766181	-5.275694	-12.044414
0.035024	-1.510223	12.737636	-5.273124	-12.140218
0.033264	-1.559217	12.708833	-5.270332	-12.235940
0.031670	-1.611096	12.679777	-5.267342	-12.331579
0.030249	-1.667641	12.650471	-5.264175	-12.427136
0.029005	-1.727512	12.620916	-5.260855	-12.522611
0.027940	-1.789187	12.591117	-5.257404	-12.618005
0.027054	-1.853965	12.561074	-5.253841	-12.713319
0.026343	-1.919989	12.530790	-5.250186	-12.808553
0.025801	-1.986292	12.500265	-5.246459	-12.903707
0.025419	-2.051865	12.469500	-5.242677	-12.998782
0.025184	-2.115722	12.438497	-5.238858	-13.093778
0.025081	-2.176978	12.407256	-5.235019	-13.188695
0.025095	-2.234891	12.375777	-5.231173	-13.283533
0.025206	-2.288893	12.344059	-5.227337	-13.378292
0.025399	-2.338594	12.312104	-5.223523	-13.472972
0.025657	-2.384771	12.279910	-5.219745	-13.567573
0.025963	-2.425337	12.247476	-5.216014	-13.662094
0.026303	-2.462316	12.214803	-5.212342	-13.756534
0.026664	-2.494809	12.181889	-5.208738	-13.850893
0.027034	-2.521966	12.148734	-5.205212	-13.945171
0.027404	-2.545964	12.115336	-5.201772	-14.039366
0.027763	-2.566993	12.081694	-5.198425	-14.133478
0.028107	-2.583269	12.047807	-5.195179	-14.227505
0.028430	-2.596125	12.013674	-5.192038	-14.321447
0.028730	-2.606898	11.979294	-5.189007	-14.415303
0.029006	-2.613897	11.944665	-5.186091	-14.509070
0.029258	-2.619405	11.909787	-5.183291	-14.602748
0.029485	-2.622682	11.874657	-5.180612	-14.696336
0.029689	-2.622967	11.839275	-5.178054	-14.789833
0.029871	-2.622484	11.803639	-5.175618	-14.883236
0.030032	-2.619444	11.767747	-5.173306	-14.976544
0.030173	-2.616045	11.731599	-5.171117	-15.069757
0.030297	-2.610479	11.695194	-5.169050	-15.162871
0.030406	-2.603929	11.658529	-5.167105	-15.255887
0.030500	-2.596575	11.621604	-5.165280	-15.348802
0.030582	-2.588592	11.584417	-5.163574	-15.441615
0.030653	-2.580155	11.546966	-5.161985	-15.534324
0.030714	-2.570436	11.509252	-5.160510	-15.626928
0.030766	-2.561605	11.471273	-5.159147	-15.719425
0.030811	-2.550835	11.433027	-5.157894	-15.811813
0.030849	-2.541295	11.394514	-5.156748	-15.904093
0.030880	-2.531157	11.355733	-5.155706	-15.996260
0.030906	-2.521563	11.316682	-5.154765	-16.088316
0.030925	-2.511544	11.277362	-5.153923	-16.180257
0.030939	-2.503100	11.237771	-5.153176	-16.272083
0.030946	-2.494233	11.197909	-5.152523	-16.363792
0.030947	-2.484946	11.157776	-5.151960	-16.455384
0.030942	-2.477243	11.117371	-5.151486	-16.546856
0.030931	-2.469129	11.076695	-5.151097	-16.638209
0.030915	-2.461608	11.035746	-5.150791	-16.729440
0.030892	-2.454686	10.994525	-5.150567	-16.820548
0.030863	-2.448371	10.953032	-5.150421	-16.911534
0.030830	-2.443671	10.911267	-5.150352	-17.002394
0.030790	-2.438592	10.869230	-5.150358	-17.093130
0.030746	-2.434146	10.826923	-5.150438	-17.183740
0.030697	-2.430341	10.784345	-5.150591	-17.274222
0.030643	-2.428187	10.741497	-5.150814	-17.364577
0.030585	-2.425697	10.698380	-5.151108	-17.454804
0.030523	-2.424882	10.654995	-5.151471	-17.544901
0.030458	-2.424753	10.611342	-5.151904	-17.634869
0.030391	-2.426324	10.567422	-5.152405	-17.724707
0.030320	-2.428607	10.523237	-5.152975	-17.814414
0.030248	-2.431603	10.478787	-5.153615	-17.903990
0.030174	-2.435258	10.434075	-5.154325	-17.993434
0.030099	-2.440509	10.389100	-5.155107	-18.082746
0.030021	-2.446288	10.343865	-5.155961	-18.171926
0.029941	-2.452530	10.298371	-5.156890	-18.260974
0.029859	-2.460168	10.252620	-5.157894	-18.349888
0.029775	-2.468136	10.206613	-5.158975	-18.438670
0.029688	-2.476368	10.160352	-5.160137	-18.527318
0.029598	-2.484795	10.113838	-5.161380	-18.615834
0.029504	-2.494352	10.067074	-5.162708	-18.704215
0.029407	-2.502971	10.020061	-5.164122	-18.792464
0.029305	-2.512585	9.972802	-5.165624	-18.880579
0.029199	-2.522125	9.925298	-5.167217	-18.968561
0.029086	-2.530523	9.877551	-5.168904	-19.056410
0.028968	-2.539712	9.829564	-5.170685	-19.144126
0.028842	-2.548622	9.781338	-5.172564	-19.231709
0.028708	-2.557182	9.732877	-5.174542	-19.319159
0.028566	-2.565323	9.684181	-5.176622	-19.406477
0.028413	-2.572971	9.635254	-5.178803	-19.493663
0.028250	-2.580054	9.586098	-5.181090	-19.580717
0.028075	-2.586510	9.536715	-5.183481	-19.667640
0.027890	-2.592337	9.487108	-5.185979	-19.754432
0.027695	-2.596550	9.437278	-5.188584	-19.841094
0.027491	-2.601159	9.387229	-5.191297	-19.927626
0.027280	-2.604173	9.336963	-5.194117	-20.014028
0.027063	-2.607600	9.286481	-5.197045	-20.100301
0.026841	-2.609447	9.235788	-5.200081	-20.186446
0.026616	-2.611720	9.184884	-5.203225	-20.272463
0.026388	-2.612424	9.133772	-5.206475	-20.358353
0.026160	-2.612566	9.082455	-5.209831	-20.444115
0.025932	-2.612149	9.030934	-5.213293	-20.529752
0.025706	-2.611180	8.979212	-5.216859	-20.615263
0.025483	-2.609665	8.927290	-5.220528	-20.700648
0.025265	-2.607609	8.875171	-5.224298	-20.785909
0.025053	-2.604023	8.822856	-5.228169	-20.871045
0.024849	-2.600915	8.770347	-5.232139	-20.956057
0.024654	-2.596297	8.717646	-5.236206	-21.040946
0.024470	-2.592184	8.664754	-5.240368	-21.125711
0.024298	-2.586591	8.611672	-5.244624	-21.210353
0.024139	-2.580540	8.558403	-5.248972	-21.294872
0.023996	-2.574061	8.504945	-5.253409	-21.379267
0.023866	-2.567228	8.451302	-5.257935	-21.463540
0.023751	-2.560127	8.397472	-5.262546	-21.547690
0.023648	-2.552843	8.343458	-5.267240	-21.631716
0.023558	-2.545465	8.289260	-5.272017	-21.715619
0.023478	-2.538080	8.234877	-5.276873	-21.799398
0.023408	-2.529779	8.180311	-5.281807	-21.883053
0.023348	-2.522649	8.125562	-5.286817	-21.966584
0.023295	-2.515780	8.070629	-5.291900	-22.049991
0.023250	-2.509258	8.015514	-5.297056	-22.133272
0.023210	-2.503170	7.960216	-5.302283	-22.216427
0.023174	-2.497602	7.904736	-5.307578	-22.299457
0.023142	-2.492638	7.849074	-5.312942	-22.382360
0.023112	-2.488362	7.793230	-5.318372	-22.465137
0.023083	-2.485857	7.737205	-5.323867	-22.547787
0.023054	-2.483206	7.680998	-5.329427	-22.630309
0.023024	-2.482492	7.624610	-5.335051	-22.712703
0.022991	-2.482798	7.568042	-5.340740	-22.794969
0.022955	-2.484208	7.511295	-5.346491	-22.877107
0.022915	-2.487808	7.454368	-5.352307	-22.959116
0.022869	-2.491657	7.397263	-5.358188	-23.040997
0.022819	-2.497697	7.339980	-5.364134	-23.122749
0.022765	-2.505841	7.282521	-5.370146	-23.204372
0.022706	-2.514003	7.224888	-5.376226	-23.285866
0.022645	-2.524097	7.167080	-5.382376	-23.367232
0.022580	-2.535035	7.109100	-5.388597	-23.448470
0.022514	-2.546730	7.050949	-5.394892	-23.529580
0.022445	-2.559094	6.992628	-5.401263	-23.610563
0.022374	-2.572036	6.934140	-5.407712	-23.691418
0.022303	-2.585467	6.875486	-5.414242	-23.772147
0.022230	-2.600295	6.816669	-5.420855	-23.852749
0.022156	-2.614427	6.757689	-5.427553	-23.933226
0.022081	-2.628770	6.698549	-5.434340	-24.013577
0.022005	-2.644228	6.639250	-5.441218	-24.093805
0.021928	-2.658707	6.579796	-5.448190	-24.173908
0.021849	-2.673110	6.520188	-5.455257	-24.253889
0.021769	-2.687340	6.460428	-5.462424	-24.333748
0.021686	-2.702299	6.400518	-5.469691	-24.413485
0.021600	-2.715889	6.340460	-5.477062	-24.493101
0.021510	-2.729012	6.280257	-5.484538	-24.572597
0.021415	-2.740595	6.219911	-5.492122	-24.651975
0.021315	-2.752679	6.159423	-5.499814	-24.731234
0.021207	-2.764336	6.098796	-5.507618	-24.810376
0.021091	-2.774641	6.038031	-5.515534	-24.889402
0.020964	-2.785671	5.977132	-5.523563	-24.968312
0.020827	-2.795506	5.916099	-5.531707	-25.047108
0.020677	-2.805231	5.854936	-5.539966	-25.125790
0.020514	-2.814932	5.793644	-5.548342	-25.204359
0.020336	-2.823702	5.732226	-5.556835	-25.282817
0.020144	-2.833636	5.670683	-5.565445	-25.361165
0.019935	-2.843839	5.609019	-5.574173	-25.439404
0.019709	-2.853420	5.547236	-5.583020	-25.517536
0.019466	-2.863498	5.485336	-5.591985	-25.595561
0.019204	-2.874201	5.423321	-5.601068	-25.673483
0.018923	-2.885671	5.361196	-5.610270	-25.751302
0.018623	-2.898062	5.298963	-5.619590	-25.829020
0.018303	-2.910548	5.236625	-5.629029	-25.906640
0.017964	-2.925323	5.174185	-5.638585	-25.984164
0.017605	-2.940604	5.111647	-5.648259	-26.061594
0.017226	-2.957638	5.049014	-5.658051	-26.138933
0.016830	-2.976653	4.986291	-5.667959	-26.216184
0.016422	-2.996672	4.923482	-5.677984	-26.293349
0.016007	-3.019648	4.860590	-5.688125	-26.370432
0.015592	-3.043503	4.797621	-5.698382	-26.447436
0.015183	-3.070114	4.734578	-5.708753	-26.524365
0.014786	-3.097309	4.671467	-5.719239	-26.601222
0.014404	-3.125851	4.608291	-5.729840	-26.678011
0.014044	3.127755	4.545056	-5.740554	-26.754734
0.013709	3.097527	4.481765	-5.751382	-26.831396
0.013402	3.067118	4.418423	-5.762323	-26.907999
0.013126	3.037077	4.355033	-5.773376	-26.984548
0.012883	3.007022	4.291601	-5.784542	-27.061044
0.012673	2.979631	4.228129	-5.795820	-27.137490
0.012497	2.954620	4.164620	-5.807209	-27.213890
0.012356	2.931724	4.101078	-5.818711	-27.290245
0.012247	2.913676	4.037504	-5.830324	-27.366558
0.012171	2.899182	3.973902	-5.842049	-27.442829
0.012128	2.889905	3.910272	-5.853886	-27.519060
0.012118	2.886439	3.846616	-5.865834	-27.595251
0.012143	2.888292	3.782933	-5.877893	-27.671403
0.012206	2.896648	3.719225	-5.890065	-27.747515
0.012310	2.910703	3.655489	-5.902348	-27.823587
0.012460	2.929337	3.591725	-5.914743	-27.899617
0.012661	2.951360	3.527931	-5.927251	-27.975602
0.012916	2.974549	3.464104	-5.939872	-28.051542
0.013230	2.998693	3.400241	-5.952608	-28.127433
0.013603	3.022648	3.336340	-5.965459	-28.203271
0.014037	3.046374	3.272397	-5.978426	-28.279055
0.014532	3.065978	3.208409	-5.991514	-28.354780
0.015085	3.083727	3.144372	-6.004722	-28.430442
0.015695	3.098052	3.080283	-6.018056	-28.506038
0.016360	3.108542	3.016138	-6.031519	-28.581564
0.017077	3.114925	2.951933	-6.045115	-28.657016
0.017845	3.117045	2.887667	-6.058849	-28.732390
0.018662	3.114842	2.823335	-6.072728	-28.807681
0.019530	3.109333	2.758935	-6.086758	-28.882887
0.020447	3.098594	2.694466	-6.100947	-28.958003
0.021418	3.083750	2.629925	-6.115303	-29.033025
0.022445	3.065967	2.565312	-6.129836	-29.107952
0.023535	3.044447	2.500626	-6.144557	-29.182778
0.024693	3.019560	2.435868	-6.159477	-29.257503
0.025923	2.992187	2.371039	-6.174610	-29.332123
0.027226	2.963215	2.306140	-6.189968	-29.406637
0.028603	2.934389	2.241174	-6.205567	-29.481042
0.030053	2.905328	2.176145	-6.221422	-29.555338
0.031574	2.876530	2.111056	-6.237550	-29.629522
0.033162	2.847385	2.045912	-6.253968	-29.703594
0.034813	2.820192	1.980716	-6.270693	-29.777553
0.036520	2.795171	1.915476	-6.287744	-29.851397
0.038276	2.770473	1.850196	-6.305139	-29.925126
0.040074	2.747197	1.784882	-6.322897	-29.998738
0.041906	2.725401	1.719541	-6.341037	-30.072233
0.043762	2.705108	1.654180	-6.359579	-30.145609
0.045632	2.687318	1.588805	-6.378542	-30.218866
0.047508	2.670013	1.523424	-6.397944	-30.292002
0.049380	2.654165	1.458044	-6.417806	-30.365015
0.051236	2.639738	1.392672	-6.438145	-30.437905
0.053068	2.627691	1.327316	-6.458981	-30.510668
0.054864	2.615985	1.261984	-6.480331	-30.583303
0.056614	2.605581	1.196682	-6.502213	-30.655808
0.058309	2.595421	1.131419	-6.524644	-30.728179
0.059945	2.587369	1.066202	-6.547640	-30.800414
0.061520	2.580290	1.001038	-6.571217	-30.872510
0.063032	2.574065	0.935935	-6.595389	-30.944463
0.064479	2.567593	0.870899	-6.620171	-31.016270
0.065859	2.562784	0.805939	-6.645575	-31.087928
0.067169	2.557561	0.741059	-6.671614	-31.159430
0.068410	2.553853	0.676269	-6.698300	-31.230775
0.069579	2.549601	0.611574	-6.725644	-31.301957
0.070675	2.545749	0.546981	-6.753655	-31.372972
0.071697	2.543250	0.482497	-6.782343	-31.443816
0.072643	2.540058	0.418129	-6.811716	-31.514484
0.073512	2.538134	0.353883	-6.841783	-31.584971
0.074303	2.535441	0.289764	-6.872549	-31.655272
0.075016	2.533946	0.225780	-6.904021	-31.725383
0.075648	2.531618	0.161936	-6.936203	-31.795299
0.076198	2.530426	0.098238	-6.969100	-31.865015
0.076667	2.529345	0.034691	-7.002716	-31.934527
0.077051	2.527346	-0.028698	-7.037052	-32.003829
0.077352	2.526406	-0.091925	-7.072110	-32.072918
0.077568	2.525502	-0.154985	-7.107892	-32.141789
0.077703	2.524619	-0.217872	-7.144396	-32.210438
0.077763	2.524748	-0.280582	-7.181622	-32.278860
0.077753	2.523876	-0.343112	-7.219569	-32.347052
0.077678	2.522995	-0.405457	-7.258234	-32.415009
0.077544	2.522095	-0.467612	-7.297613	-32.482729
0.077354	2.522167	-0.529575	-7.337704	-32.550208
0.077115	2.521201	-0.591341	-7.378502	-32.617442
0.076832	2.521189	-0.652907	-7.420003	-32.684429
0.076509	2.520123	-0.714271	-7.462201	-32.751166
0.076152	2.518995	-0.775429	-7.505091	-32.817651
0.075766	2.518797	-0.836377	-7.548668	-32.883881
0.075357	2.517521	-0.897113	-7.592925	-32.949853
0.074929	2.516161	-0.957634	-7.637857	-33.015567
0.074487	2.515709	-1.017938	-7.683457	-33.081021
0.074037	2.514158	-1.078021	-7.729718	-33.146212
0.073584	2.512504	-1.137881	-7.776634	-33.211140
0.073133	2.510740	-1.197516	-7.824198	-33.275804
0.072689	2.508861	-1.256922	-7.872405	-33.340202
0.072257	2.506864	-1.316096	-7.921247	-33.404333
0.071843	2.504749	-1.375037	-7.970718	-33.468198
0.071444	2.501529	-1.433740	-8.020812	-33.531794
0.071062	2.499221	-1.492203	-8.071524	-33.595122
0.070695	2.495843	-1.550423	-8.122846	-33.658181
0.070341	2.493412	-1.608396	-8.174774	-33.720972
0.070001	2.489946	-1.666120	-8.227302	-33.783492
0.069672	2.487464	-1.723590	-8.280424	-33.845743
0.069355	2.483983	-1.780805	-8.334135	-33.907724
0.069047	2.480522	-1.837761	-8.388430	-33.969434
0.068749	2.478099	-1.894454	-8.443303	-34.030874
0.068458	2.474734	-1.950882	-8.498750	-34.092043
0.068174	2.471444	-2.007041	-8.554764	-34.152940
0.067897	2.469248	-2.062929	-8.611343	-34.213566
0.067623	2.466166	-2.118542	-8.668479	-34.273919
0.067354	2.464216	-2.173878	-8.726169	-34.334001
0.067087	2.461417	-2.228935	-8.784408	-34.393809
0.066822	2.459788	-2.283710	-8.843190	-34.453344
0.066556	2.458348	-2.338200	-8.902511	-34.512604
0.066291	2.457116	-2.392404	-8.962367	-34.571590
0.066023	2.456112	-2.446320	-9.022752	-34.630299
0.065752	2.455350	-2.499946	-9.083661	-34.688731
0.065478	2.454819	-2.553280	-9.145090	-34.746886
0.065201	2.455504	-2.606322	-9.207034	-34.804761
0.064920	2.455388	-2.659071	-9.269488	-34.862355
0.064637	2.456455	-2.711525	-9.332447	-34.919667
0.064350	2.457688	-2.763684	-9.395907	-34.976696
0.064059	2.458070	-2.815549	-9.459862	-35.033439
0.063765	2.459584	-2.867117	-9.524308	-35.089896
0.063468	2.461214	-2.918390	-9.589240	-35.146065
0.063168	2.462940	-2.969367	-9.654653	-35.201944
0.062864	2.464745	-3.020049	-9.720543	-35.257532
0.062557	2.466610	-3.070435	-9.786903	-35.312826
0.062246	2.468518	-3.120527	-9.853730	-35.367826
0.061932	2.470449	-3.170323	-9.921019	-35.422530
0.061615	2.472383	-3.219826	-9.988764	-35.476937
0.061294	2.474301	-3.269035	-10.056961	-35.531045
0.060970	2.476182	-3.317951	-10.125605	-35.584853
0.060643	2.478007	-3.366574	-10.194691	-35.638359
0.060312	2.479753	-3.414905	-10.264214	-35.691563
0.059979	2.481399	-3.462944	-10.334169	-35.744464
0.059641	2.481929	-3.510693	-10.404552	-35.797060
0.059300	2.483347	-3.558151	-10.475357	-35.849352
0.058954	2.483661	-3.605320	-10.546579	-35.901338
0.058603	2.484882	-3.652198	-10.618214	-35.953019
0.058246	2.485019	-3.698787	-10.690256	-36.004393
0.057881	2.485083	-3.745087	-10.762701	-36.055462
0.057510	2.486082	-3.791099	-10.835544	-36.106225
0.057130	2.486028	-3.836822	-10.908780	-36.156682
0.056741	2.485931	-3.882258	-10.982403	-36.206834
0.056343	2.486801	-3.927407	-11.056409	-36.256681
0.055935	2.486649	-3.972269	-11.130793	-36.306223
0.055515	2.487486	-4.016846	-11.205549	-36.355461
0.055084	2.487323	-4.061139	-11.280673	-36.404395
0.054640	2.488172	-4.105147	-11.356160	-36.453027
0.054183	2.488044	-4.148874	-11.432004	-36.501356
0.053712	2.488951	-4.192319	-11.508199	-36.549385
0.053227	2.489907	-4.235484	-11.584742	-36.597114
0.052726	2.490925	-4.278371	-11.661625	-36.644544
0.052209	2.492017	-4.320982	-11.738845	-36.691676
0.051676	2.493199	-4.363318	-11.816396	-36.738511
0.051125	2.495479	-4.405383	-11.894272	-36.785051
0.050559	2.496850	-4.447177	-11.972467	-36.831298
0.049980	2.499295	-4.488704	-12.050977	-36.877251
0.049390	2.500800	-4.529968	-12.129795	-36.922914
0.048791	2.503348	-4.570969	-12.208916	-36.968287
0.048186	2.505924	-4.611712	-12.288334	-37.013372
0.047577	2.508511	-4.652200	-12.368045	-37.058172
0.046966	2.511089	-4.692436	-12.448042	-37.102687
0.046355	2.513642	-4.732422	-12.528320	-37.146920
0.045747	2.516148	-4.772164	-12.608873	-37.190872
0.045143	2.518587	-4.811663	-12.689696	-37.234546
0.044547	2.520937	-4.850922	-12.770785	-37.277943
0.043959	2.523177	-4.889946	-12.852133	-37.321066
0.043383	2.525282	-4.928737	-12.933736	-37.363917
0.042821	2.527228	-4.967298	-13.015589	-37.406498
0.042275	2.527989	-5.005633	-13.097688	-37.448811
0.041747	2.529541	-5.043742	-13.180026	-37.490859
0.041239	2.529856	-5.081630	-13.262601	-37.532643
0.040754	2.530908	-5.119298	-13.345408	-37.574166
0.040294	2.530670	-5.156749	-13.428442	-37.615431
0.039861	2.530123	-5.193984	-13.511700	-37.656439
0.039454	2.529276	-5.231005	-13.595178	-37.697193
0.039071	2.528147	-5.267813	-13.678873	-37.737695
0.038712	2.525755	-5.304409	-13.762780	-37.777947
0.038373	2.524120	-5.340795	-13.846898	-37.817952
0.038054	2.521264	-5.376970	-13.931222	-37.857710
0.037754	2.519207	-5.412936	-14.015750	-37.897225
0.037471	2.515973	-5.448692	-14.100480	-37.936499
0.037203	2.512586	-5.484240	-14.185407	-37.975533
0.036949	2.510067	-5.519579	-14.270531	-38.014330
0.036706	2.506442	-5.554709	-14.355848	-38.052890
0.036475	2.502733	-5.589630	-14.441355	-38.091217
0.036253	2.499964	-5.624343	-14.527052	-38.129312
0.036038	2.496159	-5.658846	-14.612934	-38.167176
0.035829	2.493341	-5.693141	-14.699001	-38.204812
0.035624	2.489532	-5.727226	-14.785249	-38.242220
0.035421	2.486756	-5.761102	-14.871677	-38.279404
0.035220	2.483035	-5.794769	-14.958283	-38.316363
0.035018	2.480389	-5.828227	-15.045065	-38.353100
0.034813	2.477842	-5.861475	-15.132019	-38.389616
0.034605	2.475406	-5.894514	-15.219145	-38.425913
0.034393	2.474074	-5.927344	-15.306441	-38.461992
0.034178	2.471830	-5.959966	-15.393903	-38.497854
0.033962	2.470658	-5.992380	-15.481531	-38.533502
0.033744	2.468543	-6.024587	-15.569322	-38.568935
0.033526	2.467470	-6.056586	-15.657274	-38.604156
0.033309	2.466424	-6.088380	-15.745385	-38.639165
0.033093	2.465388	-6.119968	-15.833652	-38.673965
0.032879	2.464349	-6.151351	-15.922075	-38.708556
0.032668	2.463290	-6.182531	-16.010651	-38.742939
0.032460	2.462196	-6.213507	-16.099377	-38.777116
0.032257	2.461053	-6.244281	-16.188253	-38.811087
0.032060	2.459845	-6.274853	-16.277276	-38.844855
0.031869	2.458556	-6.305223	-16.366445	-38.878420
0.031685	2.457173	-6.335393	-16.455757	-38.911783
0.031509	2.455681	-6.365363	-16.545212	-38.944945
0.031342	2.454065	-6.395134	-16.634806	-38.977908
0.031184	2.451312	-6.424705	-16.724539	-39.010673
0.031037	2.449408	-6.454077	-16.814409	-39.043240
0.030902	2.446341	-6.483251	-16.904415	-39.075612
0.030779	2.444108	-6.512225	-16.994555	-39.107788
0.030666	2.440746	-6.541000	-17.084827	-39.139771
0.030562	2.437303	-6.569577	-17.175230	-39.171561
0.030463	2.433824	-6.597954	-17.265764	-39.203160
0.030369	2.430354	-6.626131	-17.356426	-39.234568
0.030276	2.425937	-6.654107	-17.447215	-39.265786
0.030182	2.422615	-6.681883	-17.538131	-39.296816
0.030085	2.418432	-6.709458	-17.629171	-39.327659
0.029983	2.415426	-6.736831	-17.720335	-39.358316
0.029873	2.411638	-6.764003	-17.811622	-39.388788
0.029754	2.408108	-6.790972	-17.903029	-39.419076
0.029622	2.404875	-6.817739	-17.994556	-39.449182
0.029475	2.401976	-6.844304	-18.086201	-39.479106
0.029311	2.399453	-6.870667	-18.177963	-39.508851
0.029128	2.397345	-6.896829	-18.269841	-39.538416
0.028923	2.395695	-6.922789	-18.361832	-39.567804
0.028693	2.394546	-6.948549	-18.453936	-39.597017
0.028437	2.393947	-6.974110	-18.546150	-39.626054
0.028152	2.394948	-6.999474	-18.638473	-39.654918
0.027836	2.395607	-7.024642	-18.730903	-39.683611
0.027486	2.396967	-7.049617	-18.823438	-39.712133
0.027106	2.398999	-7.074400	-18.916077	-39.740486
0.026696	2.401655	-7.098996	-19.008816	-39.768672
0.026260	2.404887	-7.123407	-19.101654	-39.796694
0.025799	2.409650	-7.147636	-19.194589	-39.824551
0.025317	2.413894	-7.171687	-19.287619	-39.852248
0.024815	2.418569	-7.195565	-19.380740	-39.879785
0.024296	2.424623	-7.219273	-19.473951	-39.907164
0.023761	2.430996	-7.242816	-19.567249	-39.934389
0.023215	2.436625	-7.266198	-19.660633	-39.961460
0.022657	2.443439	-7.289424	-19.754098	-39.988381
0.022092	2.450360	-7.312498	-19.847644	-40.015153
0.021520	2.457299	-7.335426	-19.941268	-40.041780
0.020945	2.465154	-7.358211	-20.034966	-40.068264
0.020368	2.471813	-7.380860	-20.128738	-40.094606
0.019791	2.479145	-7.403376	-20.222580	-40.120812
0.019216	2.485004	-7.425764	-20.316490	-40.146882
0.018646	2.491223	-7.448030	-20.410466	-40.172820
0.018081	2.496615	-7.470176	-20.504505	-40.198630
0.017525	2.501968	-7.492208	-20.598606	-40.224314
0.016979	2.505082	-7.514129	-20.692766	-40.249875
0.016443	2.507894	-7.535943	-20.786983	-40.275317
0.015916	2.509376	-7.557655	-20.881255	-40.300643
0.015398	2.509502	-7.579267	-20.975580	-40.325857
0.014889	2.508247	-7.600782	-21.069956	-40.350963
0.014388	2.506586	-7.622204	-21.164381	-40.375963
0.013896	2.502496	-7.643536	-21.258853	-40.400862
0.013413	2.497956	-7.664780	-21.353371	-40.425663
0.012938	2.491945	-7.685938	-21.447932	-40.450371
0.012472	2.484444	-7.707014	-21.542536	-40.474988
0.012014	2.475438	-7.728009	-21.637180	-40.499519
0.011564	2.464913	-7.748926	-21.731862	-40.523968
0.011122	2.452857	-7.769766	-21.826582	-40.548339
0.010689	2.439261	-7.790531	-21.921337	-40.572635
0.010263	2.424120	-7.811224	-22.016126	-40.596860
0.009846	2.407429	-7.831846	-22.110947	-40.621019
0.009435	2.389189	-7.852399	-22.205799	-40.645114
0.009032	2.369398	-7.872885	-22.300681	-40.669151
0.008636	2.348057	-7.893304	-22.395592	-40.693132
0.008246	2.324164	-7.913660	-22.490529	-40.717062
0.007861	2.299698	-7.933953	-22.585491	-40.740945
0.007482	2.272574	-7.954186	-22.680477	-40.764784
0.007108	2.243673	-7.974359	-22.775486	-40.788583
0.006738	2.212846	-7.994475	-22.870516	-40.812345
0.006372	2.179901	-8.014536	-22.965566	-40.836074
0.006011	2.144598	-8.034543	-23.060634	-40.859775
0.005653	2.106619	-8.054499	-23.155720	-40.883449
0.005298	2.065553	-8.074406	-23.250821	-40.907101
0.004946	2.020851	-8.094265	-23.345938	-40.930735
0.004596	1.971776	-8.114079	-23.441067	-40.954352
0.004250	1.918329	-8.133851	-23.536209	-40.977957
0.003906	1.857133	-8.153582	-23.631361	-41.001552
0.003567	1.787271	-8.173276	-23.726522	-41.025142
0.003234	1.707043	-8.192936	-23.821692	-41.048727
0.002911	1.610640	-8.212564	-23.916868	-41.072312
0.002602	1.494743	-8.232163	-24.012050	-41.095899
0.002319	1.352269	-8.251738	-24.107235	-41.119491
0.002075	1.172985	-8.271290	-24.202423	-41.143090
0.001893	0.952758	-8.290824	-24.297613	-41.166700
0.001802	0.694199	-8.310344	-24.392802	-41.190321
0.001825	0.419378	-8.329853	-24.487990	-41.213957
0.001970	0.160269	-8.349357	-24.583175	-41.237611
0.002225	-0.058909	-8.368858	-24.678355	-41.261283
0.002565	-0.231572	-8.388362	-24.773530	-41.284976
0.002967	-0.364715	-8.407874	-24.868697	-41.308693
0.003414	-0.467167	-8.427398	-24.963856	-41.332436
0.003895	-0.546669	-8.446939	-25.059004	-41.356206
0.004400	-0.608062	-8.466502	-25.154140	-41.380006
0.004924	-0.656545	-8.486091	-25.249262	-41.403838
0.005461	-0.695102	-8.505713	-25.344369	-41.427705
0.006007	-0.725872	-8.525372	-25.439460	-41.451607
0.006560	-0.749406	-8.545073	-25.534532	-41.475549
0.007116	-0.768847	-8.564820	-25.629584	-41.499532
0.007673	-0.783049	-8.584620	-25.724614	-41.523559
0.008227	-0.794660	-8.604475	-25.819621	-41.547632
0.008778	-0.802178	-8.624392	-25.914602	-41.571753
0.009323	-0.807990	-8.644375	-26.009556	-41.595927
0.009860	-0.810395	-8.664428	-26.104482	-41.620155
0.010386	-0.811631	-8.684555	-26.199378	-41.644440
0.010900	-0.810882	-8.704760	-26.294241	-41.668786
0.011400	-0.808327	-8.725047	-26.389071	-41.693195
0.011886	-0.804236	-8.745420	-26.483865	-41.717670
0.012359	-0.798858	-8.765881	-26.578622	-41.742215
0.012820	-0.793394	-8.786435	-26.673340	-41.766833
0.013269	-0.786011	-8.807084	-26.768017	-41.791526
0.013706	-0.778850	-8.827830	-26.862653	-41.816300
0.014134	-0.770027	-8.848677	-26.957245	-41.841156
0.014551	-0.761644	-8.869625	-27.051791	-41.866098
0.014959	-0.751789	-8.890679	-27.146291	-41.891129
0.015359	-0.741538	-8.911839	-27.240742	-41.916254
0.015752	-0.731958	-8.933107	-27.335143	-41.941476
0.016138	-0.721109	-8.954485	-27.429492	-41.966798
0.016518	-0.710047	-8.975975	-27.523788	-41.992224
0.016893	-0.698819	-8.997577	-27.618030	-42.017757
0.017263	-0.686472	-9.019293	-27.712214	-42.043402
0.017630	-0.674046	-9.041124	-27.806341	-42.069162
0.017994	-0.661580	-9.063070	-27.900408	-42.095041
0.018356	-0.648109	-9.085132	-27.994414	-42.121044
0.018716	-0.634666	-9.107311	-28.088358	-42.147173
0.019076	-0.620283	-9.129608	-28.182237	-42.173433
0.000000	0.000000	-9.129608	-28.182237	-42.173433
