0.050811	-0.836112	0.000000	0.000000	0.000000
0.046466	-0.794845	0.099999	0.000341	-0.000377
0.042210	-0.746387	0.199994	0.001007	-0.001086
0.038078	-0.689051	0.299984	0.001983	-0.002081
0.034108	-0.620625	0.399969	0.003252	-0.003318
0.030347	-0.538226	0.499946	0.004800	-0.004754
0.026853	-0.439205	0.599917	0.006607	-0.006345
0.023699	-0.317221	0.699882	0.008658	-0.008050
0.020973	-0.169852	0.799840	0.010934	-0.009829
0.018779	0.006725	0.899793	0.013416	-0.011644
0.017218	0.210714	0.999741	0.016086	-0.013457
0.016354	0.432800	1.099684	0.018925	-0.015234
0.016172	0.657149	1.199625	0.021912	-0.016943
0.016567	0.867846	1.299564	0.025027	-0.018553
0.017378	1.054459	1.399501	0.028249	-0.020036
0.018435	1.216230	1.499437	0.031556	-0.021368
0.019597	1.357241	1.599374	0.034928	-0.022527
0.020755	1.480384	1.699311	0.038341	-0.023495
0.021836	1.591649	1.799249	0.041773	-0.024256
0.022789	1.695524	1.899189	0.045201	-0.024799
0.023588	1.795921	1.999130	0.048599	-0.025115
0.024232	1.896126	2.099074	0.051946	-0.025202
0.024766	1.998200	2.199021	0.055214	-0.025059
0.025249	2.102256	2.298970	0.058380	-0.024691
0.025743	2.210633	2.398922	0.061418	-0.024105
0.026313	2.320911	2.498877	0.064302	-0.023313
0.027018	2.433960	2.598836	0.067007	-0.022328
0.027907	2.546083	2.698798	0.069506	-0.021168
0.029018	2.657257	2.798764	0.071775	-0.019851
0.030370	2.763439	2.898733	0.073786	-0.018399
0.031969	2.863852	2.998706	0.075515	-0.016836
0.033804	2.958177	3.098682	0.076937	-0.015185
0.035853	3.043620	3.198661	0.078026	-0.013473
0.038087	3.120869	3.298643	0.078758	-0.011725
0.040470	-3.093190	3.398627	0.079110	-0.009970
0.042963	-3.030859	3.498612	0.079057	-0.008236
0.045528	-2.976848	3.598597	0.078578	-0.006549
0.048126	-2.929618	3.698580	0.077649	-0.004937
0.050718	-2.888628	3.798558	0.076250	-0.003426
0.053269	-2.852372	3.898531	0.074360	-0.002044
0.055744	-2.822401	3.998495	0.071960	-0.000814
0.058112	-2.797225	4.098446	0.069031	0.000241
0.060364	-2.775041	4.198382	0.065556	0.001099
0.062497	-2.757109	4.298298	0.061517	0.001739
0.064509	-2.741826	4.398191	0.056900	0.002144
0.066403	-2.728701	4.498055	0.051690	0.002298
0.068183	-2.716323	4.597886	0.045873	0.002184
0.069855	-2.706347	4.697677	0.039437	0.001787
0.071423	-2.697477	4.797425	0.032369	0.001096
0.072894	-2.688457	4.897122	0.024658	0.000096
0.074277	-2.681060	4.996763	0.016295	-0.001223
0.075577	-2.674086	5.096341	0.007270	-0.002873
0.076804	-2.666351	5.195850	-0.002426	-0.004865
0.077964	-2.659690	5.295283	-0.012800	-0.007208
0.079067	-2.651950	5.394633	-0.023860	-0.009913
0.080122	-2.644986	5.493892	-0.035612	-0.012991
0.081136	-2.636666	5.593054	-0.048061	-0.016450
0.082120	-2.628865	5.692111	-0.061212	-0.020302
0.083083	-2.619466	5.791054	-0.075071	-0.024556
0.084034	-2.610359	5.889877	-0.089639	-0.029224
0.084986	-2.599441	5.988571	-0.104922	-0.034316
0.085945	-2.587652	6.087128	-0.120920	-0.039845
0.086916	-2.576057	6.185540	-0.137635	-0.045825
0.087898	-2.562748	6.283797	-0.155070	-0.052268
0.088894	-2.548815	6.381892	-0.173224	-0.059189
0.089902	-2.534346	6.479814	-0.192097	-0.066604
0.090925	-2.520422	6.577555	-0.211689	-0.074527
0.091961	-2.505121	6.675106	-0.231999	-0.082975
0.093010	-2.490520	6.772457	-0.253025	-0.091963
0.094073	-2.474690	6.869597	-0.274766	-0.101509
0.095149	-2.459698	6.966517	-0.297218	-0.111629
0.096235	-2.443609	7.063206	-0.320379	-0.122341
0.097333	-2.428484	7.159654	-0.344244	-0.133662
0.098439	-2.413378	7.255851	-0.368811	-0.145609
0.099551	-2.397345	7.351784	-0.394076	-0.158200
0.100669	-2.382435	7.447443	-0.420032	-0.171451
0.101788	-2.368694	7.542817	-0.446675	-0.185381
0.102907	-2.354164	7.637893	-0.474000	-0.200005
0.104022	-2.339886	7.732660	-0.502001	-0.215341
0.105131	-2.326895	7.827105	-0.530673	-0.231404
0.106229	-2.313226	7.921216	-0.560009	-0.248210
0.107314	-2.300901	8.014981	-0.590003	-0.265776
0.108385	-2.288910	8.108386	-0.620648	-0.284114
0.109439	-2.277236	8.201419	-0.651937	-0.303241
0.110476	-2.265861	8.294067	-0.683864	-0.323169
0.111496	-2.254769	8.386315	-0.716421	-0.343912
0.112498	-2.244946	8.478151	-0.749601	-0.365483
0.113480	-2.234375	8.569560	-0.783397	-0.387893
0.114443	-2.224043	8.660529	-0.817800	-0.411155
0.115385	-2.214936	8.751043	-0.852802	-0.435279
0.116306	-2.205041	8.841089	-0.888395	-0.460277
0.117206	-2.196346	8.930652	-0.924570	-0.486158
0.118083	-2.186839	9.019718	-0.961318	-0.512932
0.118937	-2.177507	9.108272	-0.998630	-0.540609
0.119769	-2.168340	9.196300	-1.036495	-0.569198
0.120576	-2.159328	9.283787	-1.074904	-0.598707
0.121360	-2.150460	9.370718	-1.113845	-0.629145
0.122119	-2.141726	9.457080	-1.153308	-0.660518
0.122853	-2.133116	9.542858	-1.193282	-0.692835
0.123561	-2.124621	9.628036	-1.233754	-0.726101
0.124245	-2.115233	9.712601	-1.274712	-0.760323
0.124902	-2.105945	9.796539	-1.316144	-0.795506
0.125532	-2.096759	9.879834	-1.358037	-0.831658
0.126134	-2.087679	9.962473	-1.400375	-0.868782
0.126705	-2.078710	10.044443	-1.443145	-0.906884
0.127246	-2.069856	10.125728	-1.486333	-0.945967
0.127754	-2.060119	10.206316	-1.529923	-0.986035
0.128228	-2.050505	10.286193	-1.573900	-1.027092
0.128666	-2.042015	10.365346	-1.618248	-1.069140
0.129068	-2.031653	10.443762	-1.662951	-1.112182
0.129431	-2.022422	10.521429	-1.707992	-1.156218
0.129754	-2.013325	10.598334	-1.753353	-1.201251
0.130036	-2.003365	10.674466	-1.799018	-1.247280
0.130274	-1.994544	10.749813	-1.844968	-1.294306
0.130468	-1.984865	10.824363	-1.891187	-1.342327
0.130616	-1.975332	10.898107	-1.937656	-1.391343
0.130715	-1.965945	10.971033	-1.984356	-1.441351
0.130766	-1.956709	11.043133	-2.031270	-1.492348
0.130765	-1.946626	11.114396	-2.078378	-1.544332
0.130711	-1.937699	11.184815	-2.125661	-1.597299
0.130603	-1.928930	11.254381	-2.173101	-1.651244
0.130441	-1.919315	11.323086	-2.220680	-1.706161
0.130233	-1.909815	11.390924	-2.268378	-1.762045
0.129990	-1.900383	11.457887	-2.316176	-1.818889
0.129722	-1.890976	11.523970	-2.364056	-1.876686
0.129439	-1.881550	11.589169	-2.411997	-1.935429
0.129154	-1.872066	11.653476	-2.459983	-1.995111
0.128875	-1.862482	11.716889	-2.507992	-2.055724
0.128615	-1.851761	11.779402	-2.556008	-2.117259
0.128384	-1.840867	11.841012	-2.604009	-2.179710
0.128194	-1.830764	11.901715	-2.651976	-2.243069
0.128056	-1.818420	11.961507	-2.699889	-2.307328
0.127981	-1.806807	12.020385	-2.747726	-2.372481
0.127981	-1.794896	12.078346	-2.795468	-2.438522
0.128068	-1.781666	12.135385	-2.843092	-2.505443
0.128254	-1.768096	12.191500	-2.890576	-2.573239
0.128550	-1.754171	12.246688	-2.937897	-2.641905
0.128969	-1.738881	12.300943	-2.985031	-2.711438
0.129523	-1.723220	12.354263	-3.031953	-2.781832
0.130224	-1.707190	12.406644	-3.078635	-2.853085
0.131086	-1.689794	12.458080	-3.125052	-2.925194
0.132114	-1.672074	12.508568	-3.171173	-2.998159
0.133293	-1.654174	12.558102	-3.216969	-3.071977
0.134599	-1.635261	12.606676	-3.262408	-3.146649
0.136010	-1.617485	12.654284	-3.307456	-3.222174
0.137499	-1.598984	12.700922	-3.352082	-3.298552
0.139043	-1.580884	12.746581	-3.396250	-3.375781
0.140616	-1.564296	12.791256	-3.439927	-3.453861
0.142191	-1.547320	12.834941	-3.483078	-3.532789
0.143743	-1.533046	12.877628	-3.525671	-3.612562
0.145244	-1.519556	12.919309	-3.567672	-3.693175
0.146667	-1.507923	12.959977	-3.609052	-3.774623
0.147986	-1.498219	12.999624	-3.649782	-3.856899
0.149174	-1.490511	13.038239	-3.689836	-3.939992
0.150203	-1.485868	13.075814	-3.729190	-4.023893
0.151049	-1.483359	13.112336	-3.767825	-4.108590
0.151684	-1.484061	13.147794	-3.805726	-4.194066
0.152085	-1.487056	13.182174	-3.842881	-4.280307
0.152225	-1.493441	13.215464	-3.879283	-4.367294
0.152082	-1.502323	13.247647	-3.914932	-4.455006
0.151634	-1.513832	13.278711	-3.949830	-4.543421
0.150868	-1.529069	13.308640	-3.983984	-4.632514
0.149808	-1.546965	13.337420	-4.017411	-4.722261
0.148484	-1.567410	13.365038	-4.050129	-4.812631
0.146929	-1.588303	13.391480	-4.082161	-4.903597
0.145175	-1.611543	13.416736	-4.113535	-4.995127
0.143252	-1.636025	13.440799	-4.144278	-5.087191
0.141191	-1.660637	13.463661	-4.174424	-5.179758
0.139022	-1.685258	13.485317	-4.204005	-5.272795
0.136772	-1.710749	13.505768	-4.233053	-5.366272
0.134467	-1.736956	13.525012	-4.261602	-5.460159
0.132133	-1.761700	13.543052	-4.289687	-5.554423
0.129792	-1.786780	13.559893	-4.317340	-5.649036
0.127463	-1.811968	13.575541	-4.344594	-5.743970
0.125164	-1.835005	13.590004	-4.371481	-5.839195
0.122911	-1.857605	13.603292	-4.398029	-5.934687
0.120716	-1.878449	13.615415	-4.424267	-6.030419
0.118589	-1.898189	13.626385	-4.450220	-6.126367
0.116539	-1.914445	13.636215	-4.475911	-6.222509
0.114572	-1.928812	13.644919	-4.501359	-6.318825
0.112695	-1.939855	13.652510	-4.526581	-6.415294
0.110910	-1.947202	13.659003	-4.551587	-6.511899
0.109210	-1.950804	13.664413	-4.576388	-6.608623
0.107586	-1.950711	13.668755	-4.600985	-6.705454
0.106031	-1.946989	13.672044	-4.625381	-6.802376
0.104544	-1.939716	13.674297	-4.649570	-6.899381
0.103121	-1.929989	13.675528	-4.673546	-6.996456
0.101764	-1.916915	13.675754	-4.697300	-7.093593
0.100474	-1.899619	13.674992	-4.720819	-7.190785
0.099252	-1.880239	13.673258	-4.744089	-7.288025
0.098102	-1.857930	13.670569	-4.767091	-7.385306
0.097025	-1.832862	13.666942	-4.789806	-7.482625
0.096025	-1.806221	13.662396	-4.812212	-7.579976
0.095103	-1.776207	13.656949	-4.834288	-7.677357
0.094259	-1.745033	13.650621	-4.856008	-7.774764
0.093493	-1.710926	13.643430	-4.877348	-7.872196
0.092803	-1.676120	13.635399	-4.898280	-7.969650
0.092185	-1.640856	13.626547	-4.918778	-8.067125
0.091634	-1.604380	13.616898	-4.938815	-8.164621
0.091142	-1.567938	13.606472	-4.958364	-8.262136
0.090700	-1.532776	13.595294	-4.977400	-8.359669
0.090299	-1.498105	13.583387	-4.995897	-8.457219
0.089928	-1.465024	13.570771	-5.013834	-8.554785
0.089578	-1.432597	13.557472	-5.031188	-8.652366
0.089238	-1.402881	13.543510	-5.047938	-8.749959
0.088899	-1.374926	13.528907	-5.064067	-8.847564
0.088550	-1.349777	13.513684	-5.079560	-8.945176
0.088181	-1.325473	13.497861	-5.094402	-9.042795
0.087781	-1.304047	13.481456	-5.108580	-9.140416
0.087340	-1.283530	13.464488	-5.122086	-9.238036
0.086849	-1.265951	13.446975	-5.134909	-9.335652
0.086296	-1.250337	13.428931	-5.147045	-9.433259
0.085672	-1.236712	13.410373	-5.158487	-9.530853
0.084968	-1.224105	13.391315	-5.169235	-9.628430
0.084173	-1.213546	13.371771	-5.179286	-9.725985
0.083278	-1.205066	13.351754	-5.188641	-9.823514
0.082274	-1.197708	13.331275	-5.197303	-9.921010
0.081151	-1.191516	13.310348	-5.205277	-10.018470
0.079903	-1.187549	13.288982	-5.212569	-10.115889
0.078520	-1.183877	13.267190	-5.219188	-10.213261
0.076993	-1.182587	13.244982	-5.225142	-10.310582
0.075320	-1.181767	13.222369	-5.230444	-10.407847
0.073508	-1.182444	13.199361	-5.235107	-10.505052
0.071570	-1.184643	13.175968	-5.239147	-10.602194
0.069518	-1.187407	13.152200	-5.242581	-10.699267
0.067366	-1.192797	13.128068	-5.245428	-10.796270
0.065127	-1.198895	13.103582	-5.247706	-10.893199
0.062815	-1.206802	13.078750	-5.249437	-10.990052
0.060445	-1.216643	13.053583	-5.250644	-11.086825
0.058032	-1.228562	13.028088	-5.251349	-11.183518
0.055590	-1.242728	13.002274	-5.251575	-11.280129
0.053136	-1.259335	12.976150	-5.251349	-11.376656
0.050687	-1.277599	12.949723	-5.250694	-11.473099
0.048259	-1.299757	12.923000	-5.249636	-11.569456
0.045870	-1.325061	12.895989	-5.248202	-11.665728
0.043538	-1.352774	12.868694	-5.246416	-11.761914
0.041282	-1.385151	12.841123	-5.244305	-11.858015
0.039121	-1.420420	12.813280	-5.241896	-11.954031
0.037073	-1.460755	12.785172	-5.239212	-12.049962
0.035157	-1.504235	12.756801	-5.236280	-12.145808
0.033392	-1.552798	12.728173	-5.233123	-12.241571
0.031791	-1.604236	12.699291	-5.229767	-12.337250
0.030361	-1.660345	12.670158	-5.226233	-12.432847
0.029108	-1.719800	12.640777	-5.222545	-12.528362
0.028032	-1.781098	12.611150	-5.218724	-12.623796
0.027134	-1.845554	12.581280	-5.214789	-12.719150
0.026411	-1.911326	12.551167	-5.210762	-12.814423
0.025858	-1.977459	12.520814	-5.206661	-12.909617
0.025464	-2.042946	12.490221	-5.202504	-13.004731
0.025219	-2.106802	12.459389	-5.198308	-13.099767
0.025106	-2.168129	12.428319	-5.194091	-13.194724
0.025111	-2.226173	12.397010	-5.189866	-13.289603
0.025216	-2.280350	12.365463	-5.185650	-13.384402
0.025403	-2.330253	12.333677	-5.181455	-13.479123
0.025657	-2.376641	12.301652	-5.177295	-13.573765
0.025960	-2.417416	12.269388	-5.173180	-13.668328
0.026299	-2.454589	12.236883	-5.169124	-13.762811
0.026660	-2.487251	12.204138	-5.165135	-13.857213
0.027032	-2.514546	12.171150	-5.161223	-13.951534
0.027403	-2.538647	12.137919	-5.157396	-14.045774
0.027767	-2.559739	12.104444	-5.153662	-14.139930
0.028114	-2.576038	12.070723	-5.150027	-14.234003
0.028442	-2.588880	12.036756	-5.146496	-14.327991
0.028748	-2.599610	12.002541	-5.143076	-14.421894
0.029030	-2.606542	11.968076	-5.139768	-14.515709
0.029288	-2.611964	11.933361	-5.136578	-14.609435
0.029521	-2.615143	11.898394	-5.133506	-14.703072
0.029732	-2.615323	11.863173	-5.130555	-14.796618
0.029920	-2.614733	11.827697	-5.127726	-14.890071
0.030087	-2.611587	11.791965	-5.125019	-14.983429
0.030235	-2.608090	11.755975	-5.122435	-15.076693
0.030365	-2.602436	11.719726	-5.119972	-15.169859
0.030478	-2.595813	11.683216	-5.117630	-15.262927
0.030577	-2.588404	11.646445	-5.115408	-15.355894
0.030663	-2.580387	11.609410	-5.113304	-15.448760
0.030737	-2.571939	11.572112	-5.111315	-15.541522
0.030799	-2.562236	11.534547	-5.109441	-15.634179
0.030852	-2.553450	11.496716	-5.107677	-15.726730
0.030896	-2.542755	11.458617	-5.106023	-15.819173
0.030932	-2.533323	11.420249	-5.104474	-15.911507
0.030959	-2.523327	11.381612	-5.103029	-16.003730
0.030979	-2.513913	11.342704	-5.101685	-16.095841
0.030991	-2.504104	11.303525	-5.100438	-16.187838
0.030996	-2.495900	11.264074	-5.099287	-16.279720
0.030993	-2.487300	11.224352	-5.098228	-16.371486
0.030983	-2.478302	11.184357	-5.097259	-16.463134
0.030967	-2.470909	11.144089	-5.096378	-16.554664
0.030944	-2.463122	11.103549	-5.095582	-16.646075
0.030915	-2.455945	11.062736	-5.094868	-16.737365
0.030880	-2.449382	11.021651	-5.094236	-16.828533
0.030839	-2.443438	10.980294	-5.093682	-16.919578
0.030794	-2.439118	10.938664	-5.093204	-17.010500
0.030745	-2.434429	10.896763	-5.092802	-17.101297
0.030691	-2.430378	10.854592	-5.092474	-17.191969
0.030634	-2.426973	10.812149	-5.092218	-17.282515
0.030574	-2.425222	10.769438	-5.092033	-17.372935
0.030512	-2.423134	10.726457	-5.091919	-17.463227
0.030448	-2.422718	10.683208	-5.091875	-17.553391
0.030383	-2.422982	10.639693	-5.091901	-17.643426
0.030319	-2.424935	10.595911	-5.091996	-17.733332
0.030255	-2.427587	10.551864	-5.092161	-17.823109
0.030192	-2.430932	10.507554	-5.092397	-17.912756
0.030130	-2.434915	10.462980	-5.092704	-18.002272
0.030069	-2.440468	10.418146	-5.093083	-18.091657
0.030009	-2.446523	10.373050	-5.093537	-18.180911
0.029949	-2.453012	10.327697	-5.094066	-18.270033
0.029888	-2.460866	10.282085	-5.094672	-18.359023
0.029826	-2.469016	10.236218	-5.095358	-18.447881
0.029763	-2.477395	10.190096	-5.096125	-18.536606
0.029698	-2.485935	10.143721	-5.096976	-18.625199
0.029630	-2.495568	10.097095	-5.097913	-18.713658
0.029558	-2.504227	10.050219	-5.098938	-18.801985
0.029482	-2.513846	10.003096	-5.100054	-18.890179
0.029400	-2.523357	9.955727	-5.101263	-18.978240
0.029312	-2.531694	9.908113	-5.102568	-19.066167
0.029217	-2.540792	9.860257	-5.103970	-19.153961
0.029114	-2.549584	9.812161	-5.105472	-19.241623
0.029001	-2.558003	9.763827	-5.107076	-19.329151
0.028877	-2.565982	9.715256	-5.108784	-19.416547
0.028741	-2.573453	9.666452	-5.110597	-19.503810
0.028591	-2.580347	9.617416	-5.112516	-19.590941
0.028428	-2.586606	9.568151	-5.114544	-19.677940
0.028251	-2.592233	9.518658	-5.116681	-19.764807
0.028062	-2.596244	9.468941	-5.118927	-19.851543
0.027862	-2.600652	9.419001	-5.121284	-19.938148
0.027652	-2.603469	9.368841	-5.123752	-20.024623
0.027434	-2.606706	9.318463	-5.126329	-20.110968
0.027209	-2.608370	9.267870	-5.129017	-20.197183
0.026978	-2.610470	9.217064	-5.131815	-20.283270
0.026743	-2.611012	9.166047	-5.134722	-20.369228
0.026505	-2.611004	9.114822	-5.137737	-20.455059
0.026266	-2.610452	9.063391	-5.140860	-20.540762
0.026027	-2.609362	9.011756	-5.144089	-20.626339
0.025790	-2.607742	8.959919	-5.147423	-20.711790
0.025555	-2.605599	8.907881	-5.150861	-20.797114
0.025326	-2.601943	8.855647	-5.154402	-20.882314
0.025103	-2.598782	8.803215	-5.158042	-20.967389
0.024887	-2.594131	8.750590	-5.161782	-21.052339
0.024682	-2.590003	8.697772	-5.165619	-21.137165
0.024487	-2.584415	8.644762	-5.169550	-21.221868
0.024305	-2.578387	8.591563	-5.173575	-21.306447
0.024136	-2.571950	8.538175	-5.177691	-21.390903
0.023981	-2.565174	8.484600	-5.181896	-21.475236
0.023840	-2.558138	8.430838	-5.186188	-21.559445
0.023711	-2.550924	8.376890	-5.190564	-21.643531
0.023593	-2.543615	8.322758	-5.195023	-21.727494
0.023487	-2.536297	8.268441	-5.199563	-21.811334
0.023392	-2.528056	8.213940	-5.204181	-21.895050
0.023306	-2.520978	8.159257	-5.208876	-21.978642
0.023229	-2.514149	8.104391	-5.213645	-22.062110
0.023159	-2.507656	8.049342	-5.218487	-22.145454
0.023097	-2.501585	7.994112	-5.223401	-22.228674
0.023041	-2.496021	7.938700	-5.228383	-22.311768
0.022991	-2.491048	7.883107	-5.233434	-22.394738
0.022944	-2.486751	7.827334	-5.238552	-22.477582
0.022901	-2.484213	7.771380	-5.243736	-22.560300
0.022860	-2.481518	7.715246	-5.248985	-22.642892
0.022821	-2.480746	7.658933	-5.254298	-22.725358
0.022782	-2.480982	7.602442	-5.259675	-22.807697
0.022743	-2.482309	7.545772	-5.265116	-22.889910
0.022704	-2.485809	7.488924	-5.270621	-22.971996
0.022663	-2.489540	7.431900	-5.276191	-23.053954
0.022621	-2.495443	7.374700	-5.281826	-23.135786
0.022577	-2.503433	7.317325	-5.287528	-23.217490
0.022533	-2.511424	7.259777	-5.293298	-23.299068
0.022487	-2.521329	7.202056	-5.299137	-23.380518
0.022441	-2.532061	7.144163	-5.305049	-23.461841
0.022394	-2.543533	7.086101	-5.311033	-23.543038
0.022346	-2.555657	7.027870	-5.317094	-23.624109
0.022298	-2.568345	6.969471	-5.323233	-23.705053
0.022250	-2.581509	6.910908	-5.329452	-23.785871
0.022200	-2.596061	6.852180	-5.335755	-23.866564
0.022150	-2.609911	6.793291	-5.342144	-23.947132
0.022099	-2.623971	6.734241	-5.348621	-24.027576
0.022047	-2.639152	6.675033	-5.355190	-24.107895
0.021992	-2.653367	6.615668	-5.361852	-24.188091
0.021935	-2.667526	6.556148	-5.368611	-24.268164
0.021875	-2.681543	6.496475	-5.375469	-24.348115
0.021811	-2.696331	6.436651	-5.382428	-24.427944
0.021743	-2.709802	6.376679	-5.389491	-24.507653
0.021668	-2.722869	6.316559	-5.396660	-24.587241
0.021587	-2.734471	6.256295	-5.403937	-24.666709
0.021498	-2.746645	6.195888	-5.411324	-24.746059
0.021399	-2.758455	6.135340	-5.418823	-24.825291
0.021290	-2.768970	6.074653	-5.426435	-24.904406
0.021168	-2.780258	6.013829	-5.434162	-24.983404
0.021033	-2.790392	5.952871	-5.442004	-25.062288
0.020883	-2.800450	5.891780	-5.449963	-25.141057
0.020718	-2.810509	5.830559	-5.458039	-25.219713
0.020535	-2.819655	5.769210	-5.466234	-25.298257
0.020335	-2.829976	5.707736	-5.474548	-25.376690
0.020115	-2.840569	5.646138	-5.482982	-25.455014
0.019876	-2.850536	5.584420	-5.491534	-25.533229
0.019617	-2.860989	5.522585	-5.500207	-25.611339
0.019336	-2.872052	5.460634	-5.509000	-25.689344
0.019033	-2.883859	5.398572	-5.517912	-25.767247
0.018707	-2.896563	5.336400	-5.526945	-25.845049
0.018359	-2.909334	5.274124	-5.536096	-25.922753
0.017987	-2.924365	5.211746	-5.545366	-26.000361
0.017592	-2.939877	5.149269	-5.554755	-26.077876
0.017174	-2.957126	5.086699	-5.564262	-26.155300
0.016735	-2.976363	5.024038	-5.573886	-26.232637
0.016281	-2.996699	4.961292	-5.583627	-26.309890
0.015821	-3.020186	4.898464	-5.593483	-26.387062
0.015362	-3.044848	4.835560	-5.603454	-26.464157
0.014913	-3.072661	4.772583	-5.613539	-26.541178
0.014481	-3.101535	4.709540	-5.623738	-26.618130
0.014073	-3.132301	4.646435	-5.634049	-26.695015
0.013698	3.118498	4.583272	-5.644473	-26.771838
0.013361	3.084881	4.520056	-5.655009	-26.848602
0.013068	3.050544	4.456791	-5.665656	-26.925311
0.012825	3.016124	4.393482	-5.676414	-27.001968
0.012634	2.981368	4.330133	-5.687284	-27.078576
0.012500	2.949106	4.266748	-5.698265	-27.155137
0.012424	2.919211	4.203329	-5.709360	-27.231655
0.012407	2.891556	4.139881	-5.720567	-27.308132
0.012451	2.868960	4.076405	-5.731889	-27.384569
0.012555	2.850143	4.012905	-5.743327	-27.460969
0.012721	2.836691	3.949380	-5.754882	-27.537330
0.012950	2.829026	3.885833	-5.766556	-27.613655
0.013244	2.826389	3.822264	-5.778353	-27.689943
0.013605	2.829677	3.758673	-5.790275	-27.766193
0.014028	2.838019	3.695059	-5.802325	-27.842403
0.014509	2.850369	3.631421	-5.814507	-27.918572
0.015041	2.865733	3.567756	-5.826825	-27.994698
0.015619	2.882206	3.504062	-5.839282	-28.070776
0.016238	2.899999	3.440335	-5.851884	-28.146803
0.016892	2.918440	3.376574	-5.864634	-28.222776
0.017573	2.937980	3.312774	-5.877539	-28.298691
0.018276	2.955177	3.248932	-5.890601	-28.374543
0.018991	2.972688	3.185043	-5.903827	-28.450327
0.019711	2.989252	3.121103	-5.917222	-28.526039
0.020427	3.004673	3.057110	-5.930789	-28.601675
0.021130	3.018810	2.993058	-5.944535	-28.677229
0.021812	3.031559	2.928943	-5.958463	-28.752696
0.022462	3.042843	2.864763	-5.972578	-28.828073
0.023071	3.053603	2.800513	-5.986885	-28.903354
0.023629	3.061788	2.736191	-6.001386	-28.978536
0.024128	3.068346	2.671794	-6.016087	-29.053615
0.024557	3.074220	2.607318	-6.030989	-29.128588
0.024907	3.078337	2.542763	-6.046096	-29.203451
0.025171	3.080662	2.478127	-6.061410	-29.278201
0.025351	3.081359	2.413409	-6.076933	-29.352838
0.025448	3.080609	2.348609	-6.092667	-29.427359
0.025468	3.079563	2.283727	-6.108611	-29.501763
0.025414	3.077347	2.218763	-6.124766	-29.576051
0.025289	3.074068	2.153719	-6.141132	-29.650223
0.025098	3.068818	2.088595	-6.157709	-29.724278
0.024844	3.063680	2.023395	-6.174495	-29.798218
0.024532	3.058730	1.958119	-6.191488	-29.872044
0.024164	3.052037	1.892770	-6.208687	-29.945758
0.023746	3.044671	1.827351	-6.226089	-30.019361
0.023279	3.036702	1.761864	-6.243692	-30.092857
0.022769	3.028201	1.696313	-6.261492	-30.166248
0.022219	3.020247	1.630701	-6.279486	-30.239536
0.021632	3.010926	1.565030	-6.297670	-30.312726
0.021011	3.001339	1.499304	-6.316040	-30.385819
0.020359	2.991598	1.433526	-6.334591	-30.458820
0.019680	2.982837	1.367700	-6.353319	-30.531732
0.018977	2.973218	1.301828	-6.372219	-30.604559
0.018251	2.963929	1.235914	-6.391284	-30.677304
0.017506	2.954154	1.169961	-6.410510	-30.749971
0.016744	2.945900	1.103972	-6.429891	-30.822565
0.015969	2.938131	1.037950	-6.449420	-30.895089
0.015182	2.930815	0.971897	-6.469091	-30.967546
0.014386	2.922919	0.905815	-6.488897	-31.039940
0.013584	2.916414	0.839708	-6.508832	-31.112276
0.012780	2.909269	0.773578	-6.528889	-31.184556
0.011976	2.903456	0.707425	-6.549061	-31.256785
0.011175	2.896944	0.641254	-6.569340	-31.328966
0.010380	2.890701	0.575065	-6.589721	-31.401102
0.009594	2.885690	0.508860	-6.610196	-31.473197
0.008821	2.879869	0.442641	-6.630758	-31.545254
0.008062	2.875190	0.376409	-6.651399	-31.617277
0.007322	2.869587	0.310166	-6.672115	-31.689268
0.006603	2.864979	0.243914	-6.692897	-31.761232
0.005909	2.859254	0.177653	-6.713740	-31.833169
0.005243	2.854259	0.111384	-6.734636	-31.905085
0.004608	2.848775	0.045109	-6.755581	-31.976980
0.004007	2.841485	-0.021171	-6.776568	-32.048858
0.003443	2.833918	-0.087456	-6.797592	-32.120721
0.002919	2.824387	-0.153744	-6.818648	-32.192572
0.002434	2.811934	-0.220035	-6.839731	-32.264412
0.001988	2.795993	-0.286329	-6.860837	-32.336243
0.001579	2.771754	-0.352623	-6.881961	-32.408068
0.001207	2.734695	-0.418919	-6.903100	-32.479887
0.000871	2.672485	-0.485215	-6.924251	-32.551703
0.000575	2.552902	-0.551511	-6.945410	-32.623516
0.000329	2.257377	-0.617807	-6.966574	-32.695328
0.000201	1.410367	-0.684101	-6.987742	-32.767140
0.000288	0.555078	-0.750394	-7.008911	-32.838953
0.000447	0.259375	-0.816685	-7.030078	-32.910768
0.000600	0.145086	-0.882974	-7.051243	-32.982586
0.000734	0.091720	-0.949261	-7.072404	-33.054408
0.000848	0.066823	-1.015544	-7.093559	-33.126234
0.000942	0.059254	-1.081825	-7.114708	-33.198064
0.001016	0.061866	-1.148102	-7.135850	-33.269900
0.001073	0.073362	-1.214375	-7.156984	-33.341741
0.001113	0.092822	-1.280645	-7.178111	-33.413589
0.001138	0.120098	-1.346910	-7.199229	-33.485442
0.001151	0.155524	-1.413170	-7.220340	-33.557303
0.001153	0.199650	-1.479426	-7.241442	-33.629170
0.001147	0.251840	-1.545676	-7.262537	-33.701044
0.001135	0.314514	-1.611921	-7.283625	-33.772925
0.001120	0.386128	-1.678160	-7.304707	-33.844814
0.001103	0.468997	-1.744393	-7.325783	-33.916710
0.001088	0.561077	-1.810619	-7.346854	-33.988613
0.001078	0.663722	-1.876838	-7.367921	-34.060524
0.001076	0.773475	-1.943050	-7.388985	-34.132442
0.001083	0.888990	-2.009255	-7.410048	-34.204368
0.001102	1.008204	-2.075451	-7.431111	-34.276302
0.001134	1.125736	-2.141640	-7.452174	-34.348242
0.001179	1.239422	-2.207819	-7.473239	-34.420190
0.001236	1.347774	-2.273990	-7.494308	-34.492145
0.001304	1.447202	-2.340153	-7.515382	-34.564106
0.001381	1.539002	-2.406305	-7.536462	-34.636075
0.001464	1.621176	-2.472449	-7.557549	-34.708050
0.001552	1.696203	-2.538582	-7.578646	-34.780031
0.001643	1.763828	-2.604706	-7.599754	-34.852018
0.001735	1.824911	-2.670820	-7.620873	-34.924010
0.001826	1.880330	-2.736924	-7.642005	-34.996008
0.001914	1.930925	-2.803018	-7.663152	-35.068010
0.002000	1.977456	-2.869103	-7.684315	-35.140017
0.002081	2.021544	-2.935177	-7.705495	-35.212029
0.002158	2.061691	-3.001241	-7.726693	-35.284043
0.002231	2.100309	-3.067297	-7.747909	-35.356061
0.002299	2.136733	-3.133342	-7.769146	-35.428082
0.002362	2.170243	-3.199379	-7.790404	-35.500105
0.002420	2.203073	-3.265406	-7.811684	-35.572129
0.002471	2.234420	-3.331425	-7.832986	-35.644155
0.002517	2.264452	-3.397436	-7.854312	-35.716181
0.002556	2.293313	-3.463439	-7.875661	-35.788208
0.002589	2.321131	-3.529435	-7.897035	-35.860234
0.002615	2.348016	-3.595423	-7.918434	-35.932259
0.002634	2.374068	-3.661405	-7.939858	-36.004283
0.002646	2.399379	-3.727380	-7.961307	-36.076305
0.002649	2.424033	-3.793350	-7.982783	-36.148325
0.002645	2.448110	-3.859314	-8.004284	-36.220342
0.002632	2.471688	-3.925273	-8.025811	-36.292355
0.002611	2.494844	-3.991228	-8.047363	-36.364365
0.002581	2.517658	-4.057179	-8.068941	-36.436371
0.002542	2.539236	-4.123127	-8.090544	-36.508373
0.002495	2.561766	-4.189071	-8.112172	-36.580370
0.002438	2.583463	-4.255013	-8.133825	-36.652362
0.002374	2.606544	-4.320953	-8.155501	-36.724349
0.002303	2.629244	-4.386891	-8.177200	-36.796330
0.002224	2.652820	-4.452828	-8.198921	-36.868305
0.002139	2.678563	-4.518764	-8.220664	-36.940275
0.002049	2.704810	-4.584700	-8.242428	-37.012239
0.001952	2.732965	-4.650636	-8.264211	-37.084197
0.001851	2.764518	-4.716573	-8.286012	-37.156149
0.001746	2.798074	-4.782510	-8.307831	-37.228095
0.001637	2.836400	-4.848449	-8.329667	-37.300034
0.001526	2.878477	-4.914390	-8.351517	-37.371968
0.001413	2.927582	-4.980332	-8.373381	-37.443895
0.001300	2.983395	-5.046277	-8.395258	-37.515816
0.001187	3.050138	-5.112225	-8.417146	-37.587732
0.001076	3.129751	-5.178175	-8.439044	-37.659641
0.000971	-3.057141	-5.244130	-8.460951	-37.731545
0.000873	-2.939487	-5.310087	-8.482864	-37.803444
0.000787	-2.795438	-5.376049	-8.504783	-37.875337
0.000718	-2.620339	-5.442015	-8.526707	-37.947225
0.000672	-2.417542	-5.507985	-8.548633	-38.019108
0.000655	-2.195402	-5.573960	-8.570561	-38.090986
0.000668	-1.974498	-5.639940	-8.592488	-38.162860
0.000709	-1.771570	-5.705925	-8.614414	-38.234730
0.000772	-1.598292	-5.771914	-8.636337	-38.306596
0.000852	-1.456261	-5.837910	-8.658256	-38.378458
0.000941	-1.341878	-5.903910	-8.680169	-38.450317
0.001037	-1.250030	-5.969917	-8.702075	-38.522173
0.001136	-1.175944	-6.035929	-8.723972	-38.594027
0.001234	-1.115746	-6.101946	-8.745860	-38.665878
0.001331	-1.066478	-6.167969	-8.767738	-38.737727
0.001424	-1.025932	-6.233999	-8.789604	-38.809575
0.001512	-0.992472	-6.300034	-8.811456	-38.881421
0.001594	-0.964895	-6.366075	-8.833295	-38.953265
0.001669	-0.943317	-6.432122	-8.855119	-39.025109
0.001737	-0.925098	-6.498175	-8.876928	-39.096952
0.001796	-0.911786	-6.564234	-8.898720	-39.168794
0.001846	-0.901079	-6.630299	-8.920496	-39.240635
0.001886	-0.894807	-6.696371	-8.942254	-39.312477
0.001915	-0.891821	-6.762448	-8.963994	-39.384318
0.001935	-0.891724	-6.828532	-8.985716	-39.456159
0.001944	-0.894140	-6.894622	-9.007420	-39.527999
0.001945	-0.899774	-6.960718	-9.029106	-39.599839
0.001936	-0.906398	-7.026821	-9.050773	-39.671679
0.001920	-0.915827	-7.092931	-9.072422	-39.743518
0.001895	-0.925910	-7.159046	-9.094053	-39.815357
0.001863	-0.938523	-7.225169	-9.115666	-39.887195
0.001824	-0.952558	-7.291298	-9.137261	-39.959032
0.001779	-0.966922	-7.357434	-9.158840	-40.030868
0.001727	-0.983526	-7.423576	-9.180402	-40.102703
0.001670	-1.001286	-7.489725	-9.201949	-40.174537
0.001608	-1.019112	-7.555881	-9.223480	-40.246369
0.001540	-1.038911	-7.622043	-9.244997	-40.318199
0.001468	-1.058574	-7.688212	-9.266499	-40.390028
0.001391	-1.079974	-7.754387	-9.287989	-40.461855
0.001310	-1.100952	-7.820569	-9.309466	-40.533679
0.001225	-1.123307	-7.886756	-9.330932	-40.605502
0.001137	-1.144776	-7.952949	-9.352387	-40.677322
0.001044	-1.165996	-8.019147	-9.373833	-40.749140
0.000947	-1.186655	-8.085351	-9.395270	-40.820957
0.000846	-1.206200	-8.151559	-9.416699	-40.892771
0.000740	-1.227614	-8.217772	-9.438120	-40.964583
0.000630	-1.250614	-8.283989	-9.459536	-41.036393
0.000513	-1.280573	-8.350209	-9.480947	-41.108202
0.000392	-1.323329	-8.416432	-9.502354	-41.180009
0.000266	-1.403442	-8.482657	-9.523758	-41.251815
0.000138	-1.635680	-8.548884	-9.545160	-41.323620
0.000065	-3.034108	-8.615112	-9.566561	-41.395425
0.000178	2.323513	-8.681340	-9.587962	-41.467229
0.000329	2.159781	-8.747568	-9.609366	-41.539033
0.000491	2.099463	-8.813794	-9.630772	-41.610837
0.000661	2.070071	-8.880018	-9.652183	-41.682642
0.000839	2.054248	-8.946240	-9.673600	-41.754448
0.001026	2.045780	-9.012457	-9.695024	-41.826255
0.001221	2.041877	-9.078670	-9.716457	-41.898063
0.001425	2.041088	-9.144878	-9.737900	-41.969874
0.001638	2.041574	-9.211079	-9.759357	-42.041687
0.001861	2.044806	-9.277272	-9.780827	-42.113502
0.002093	2.048431	-9.343457	-9.802314	-42.185321
0.002334	2.054159	-9.409633	-9.823819	-42.257142
0.002583	2.059648	-9.475798	-9.845345	-42.328967
0.002838	2.065639	-9.541951	-9.866894	-42.400796
0.003096	2.071961	-9.608092	-9.888468	-42.472629
0.003356	2.078504	-9.674219	-9.910069	-42.544467
0.003616	2.084198	-9.740332	-9.931700	-42.616308
0.003872	2.091003	-9.806429	-9.953363	-42.688155
0.004124	2.096899	-9.872509	-9.975061	-42.760006
0.004369	2.103880	-9.938572	-9.996796	-42.831862
0.004605	2.109951	-10.004617	-10.018571	-42.903723
0.004829	2.116127	-10.070642	-10.040387	-42.975589
0.005041	2.122429	-10.136648	-10.062246	-43.047460
0.005237	2.128884	-10.202632	-10.084151	-43.119336
0.005416	2.135528	-10.268596	-10.106104	-43.191218
0.005576	2.142403	-10.334537	-10.128107	-43.263104
0.005714	2.149558	-10.400457	-10.150160	-43.334995
0.005829	2.157055	-10.466354	-10.172265	-43.406890
0.005918	2.164964	-10.532228	-10.194424	-43.478790
0.005979	2.174373	-10.598079	-10.216637	-43.550694
0.006011	2.183387	-10.663908	-10.238906	-43.622602
0.006012	2.193115	-10.729714	-10.261230	-43.694513
0.005983	2.203587	-10.795498	-10.283610	-43.766427
0.005927	2.214825	-10.861260	-10.306046	-43.838343
0.005845	2.226857	-10.927002	-10.328537	-43.910261
0.005740	2.240720	-10.992723	-10.351083	-43.982181
0.005613	2.254458	-11.058425	-10.373683	-44.054101
0.005467	2.269121	-11.124108	-10.396336	-44.126022
0.005304	2.285765	-11.189774	-10.419041	-44.197942
0.005125	2.303453	-11.255423	-10.441796	-44.269861
0.004933	2.321251	-11.321057	-10.464600	-44.341779
0.004729	2.341229	-11.386678	-10.487452	-44.413694
0.004517	2.362458	-11.452285	-10.510349	-44.485607
0.004296	2.385007	-11.517881	-10.533289	-44.557516
0.004070	2.409941	-11.583467	-10.556271	-44.629421
0.003840	2.435311	-11.649043	-10.579292	-44.701322
0.003608	2.463148	-11.714612	-10.602351	-44.773218
0.003376	2.491450	-11.780174	-10.625445	-44.845109
0.003145	2.522164	-11.845730	-10.648571	-44.916995
0.002917	2.554160	-11.911282	-10.671729	-44.988875
0.002692	2.588196	-11.976831	-10.694914	-45.060748
0.002473	2.621987	-12.042377	-10.718126	-45.132616
0.002259	2.657600	-12.107922	-10.741361	-45.204477
0.002049	2.694253	-12.173465	-10.764618	-45.276332
0.001845	2.732254	-12.239008	-10.787895	-45.348181
0.001645	2.772043	-12.304552	-10.811189	-45.420024
0.001450	2.815268	-12.370096	-10.834499	-45.491862
0.001259	2.860937	-12.435642	-10.857822	-45.563694
0.001073	2.912684	-12.501189	-10.881156	-45.635521
0.000892	2.972362	-12.566737	-10.904501	-45.707343
0.000716	3.045411	-12.632287	-10.927852	-45.779162
0.000546	-3.139632	-12.697839	-10.951210	-45.850977
0.000384	-2.986360	-12.763393	-10.974572	-45.922789
0.000239	-2.680710	-12.828948	-10.997937	-45.994598
0.000151	-1.912574	-12.894505	-11.021302	-46.066406
0.000201	-0.985155	-12.960063	-11.044668	-46.138213
0.000325	-0.592129	-13.025621	-11.068031	-46.210020
0.000464	-0.410574	-13.091180	-11.091391	-46.281828
0.000605	-0.300091	-13.156739	-11.114747	-46.353637
0.000743	-0.219924	-13.222298	-11.138098	-46.425448
0.000879	-0.156084	-13.287855	-11.161441	-46.497263
0.001011	-0.100189	-13.353410	-11.184778	-46.569081
0.001140	-0.052103	-13.418963	-11.208105	-46.640905
0.001266	-0.009993	-13.484513	-11.231424	-46.712735
0.001390	0.026546	-13.550059	-11.254732	-46.784571
0.001511	0.057699	-13.615600	-11.278030	-46.856415
0.001629	0.083531	-13.681136	-11.301317	-46.928268
0.001745	0.104036	-13.746666	-11.324592	-47.000130
0.001857	0.119158	-13.812189	-11.347854	-47.072002
0.001966	0.128802	-13.877705	-11.371103	-47.143885
0.002071	0.132844	-13.943213	-11.394338	-47.215779
0.002174	0.132130	-14.008713	-11.417559	-47.287686
0.002273	0.124488	-14.074203	-11.440765	-47.359606
0.002370	0.110736	-14.139685	-11.463955	-47.431539
0.002466	0.091699	-14.205158	-11.487128	-47.503486
0.002561	0.065237	-14.270621	-11.510283	-47.575448
0.002660	0.033274	-14.336075	-11.533419	-47.647424
0.002762	-0.004156	-14.401520	-11.556535	-47.719414
0.002873	-0.048857	-14.466956	-11.579629	-47.791419
0.002996	-0.098431	-14.532384	-11.602700	-47.863439
0.003135	-0.153231	-14.597805	-11.625746	-47.935474
0.003296	-0.211145	-14.663219	-11.648765	-48.007524
0.003481	-0.271123	-14.728628	-11.671755	-48.079588
0.003693	-0.331109	-14.794033	-11.694713	-48.151665
0.003934	-0.388392	-14.859434	-11.717637	-48.223756
0.004205	-0.442669	-14.924835	-11.740524	-48.295861
0.004503	-0.493049	-14.990235	-11.763371	-48.367977
0.004829	-0.539013	-15.055638	-11.786174	-48.440106
0.005180	-0.579346	-15.121044	-11.808931	-48.512246
0.005555	-0.615058	-15.186456	-11.831637	-48.584396
0.005950	-0.646311	-15.251876	-11.854289	-48.656557
0.006363	-0.673360	-15.317304	-11.876883	-48.728728
0.006791	-0.695505	-15.382745	-11.899415	-48.800908
0.007232	-0.715064	-15.448198	-11.921881	-48.873096
0.007682	-0.730350	-15.513666	-11.944277	-48.945293
0.008140	-0.743657	-15.579151	-11.966598	-49.017497
0.008603	-0.753255	-15.644654	-11.988841	-49.089710
0.009068	-0.761389	-15.710178	-12.011000	-49.161929
0.009533	-0.766274	-15.775723	-12.033071	-49.234156
0.009995	-0.770098	-15.841291	-12.055050	-49.306390
0.010452	-0.772025	-15.906883	-12.076932	-49.378632
0.010902	-0.772221	-15.972500	-12.098714	-49.450881
0.011344	-0.770924	-16.038145	-12.120389	-49.523138
0.011780	-0.768358	-16.103816	-12.141955	-49.595402
0.012208	-0.765706	-16.169516	-12.163407	-49.667675
0.012630	-0.761123	-16.235245	-12.184741	-49.739957
0.013045	-0.756742	-16.301003	-12.205952	-49.812248
0.013454	-0.750674	-16.366791	-12.227037	-49.884549
0.013858	-0.745017	-16.432608	-12.247990	-49.956860
0.014256	-0.737853	-16.498456	-12.268809	-50.029183
0.014649	-0.730258	-16.564335	-12.289490	-50.101519
0.015038	-0.723295	-16.630243	-12.310027	-50.173867
0.015423	-0.715022	-16.696181	-12.330418	-50.246230
0.015805	-0.706491	-16.762149	-12.350658	-50.318608
0.016183	-0.697746	-16.828147	-12.370744	-50.391002
0.016559	-0.687830	-16.894173	-12.390672	-50.463414
0.016932	-0.677780	-16.960227	-12.410437	-50.535845
0.017304	-0.667630	-17.026308	-12.430036	-50.608296
0.017674	-0.656412	-17.092416	-12.449466	-50.680768
0.018043	-0.645153	-17.158549	-12.468723	-50.753264
0.018412	-0.632881	-17.224706	-12.487802	-50.825784
0.000000	0.000000	-17.224706	-12.487802	-50.825784
