0.051078	-0.829543	0.000000	0.000000	0.000000
0.046707	-0.789743	0.099999	0.000345	-0.000377
0.042420	-0.743034	0.199994	0.001019	-0.001085
0.038249	-0.687782	0.299984	0.002005	-0.002081
0.034231	-0.621828	0.399968	0.003286	-0.003319
0.030412	-0.542322	0.499946	0.004846	-0.004756
0.026846	-0.446571	0.599916	0.006666	-0.006351
0.023602	-0.328015	0.699881	0.008728	-0.008061
0.020770	-0.183671	0.799838	0.011014	-0.009847
0.018453	-0.008619	0.899791	0.013504	-0.011672
0.016762	0.196847	0.999738	0.016178	-0.013497
0.015779	0.424453	1.099682	0.019017	-0.015290
0.015506	0.657726	1.199623	0.021999	-0.017018
0.015850	0.878530	1.299561	0.025104	-0.018651
0.016645	1.074296	1.399498	0.028310	-0.020162
0.017713	1.243330	1.499435	0.031595	-0.021527
0.018904	1.389768	1.599372	0.034938	-0.022724
0.020104	1.516932	1.699310	0.038314	-0.023735
0.021235	1.631261	1.799249	0.041701	-0.024545
0.022246	1.737584	1.899190	0.045075	-0.025143
0.023111	1.840040	1.999134	0.048413	-0.025522
0.023830	1.942024	2.099080	0.051688	-0.025678
0.024448	2.045574	2.199029	0.054878	-0.025612
0.025024	2.150711	2.298981	0.057955	-0.025329
0.025621	2.259657	2.398937	0.060895	-0.024837
0.026299	2.369879	2.498896	0.063673	-0.024146
0.027116	2.482177	2.598859	0.066261	-0.023273
0.028116	2.592859	2.698825	0.068636	-0.022233
0.029333	2.701995	2.798795	0.070770	-0.021047
0.030785	2.805704	2.898769	0.072639	-0.019736
0.032474	2.903408	2.998747	0.074218	-0.018324
0.034387	2.994981	3.098728	0.075481	-0.016836
0.036503	3.077783	3.198711	0.076403	-0.015297
0.038791	-3.130575	3.298698	0.076961	-0.013735
0.041218	-3.063593	3.398685	0.077132	-0.012178
0.043746	-3.003106	3.498674	0.076891	-0.010654
0.046337	-2.950643	3.598661	0.076217	-0.009190
0.048954	-2.904683	3.698645	0.075089	-0.007815
0.051558	-2.864710	3.798624	0.073485	-0.006555
0.054116	-2.829245	3.898596	0.071384	-0.005436
0.056592	-2.799864	3.998557	0.068770	-0.004484
0.058958	-2.775104	4.098504	0.065622	-0.003723
0.061204	-2.753197	4.198434	0.061925	-0.003173
0.063326	-2.735434	4.298343	0.057662	-0.002856
0.065326	-2.720239	4.398226	0.052817	-0.002790
0.067207	-2.707139	4.498077	0.047378	-0.002992
0.068971	-2.694741	4.597893	0.041331	-0.003478
0.070626	-2.684715	4.697667	0.034664	-0.004262
0.072176	-2.675775	4.797395	0.027365	-0.005358
0.073629	-2.666678	4.897069	0.019423	-0.006780
0.074992	-2.659204	4.996683	0.010830	-0.008539
0.076273	-2.652162	5.096232	0.001576	-0.010646
0.077479	-2.644376	5.195708	-0.008347	-0.013112
0.078620	-2.637687	5.295104	-0.018947	-0.015948
0.079705	-2.629947	5.394413	-0.030229	-0.019164
0.080740	-2.623020	5.493629	-0.042200	-0.022770
0.081737	-2.614777	5.592743	-0.054864	-0.026775
0.082705	-2.607100	5.691747	-0.068228	-0.031191
0.083652	-2.597876	5.790635	-0.082293	-0.036028
0.084590	-2.589000	5.889397	-0.097065	-0.041295
0.085528	-2.578376	5.988027	-0.112545	-0.047006
0.086476	-2.566943	6.086515	-0.128736	-0.053170
0.087437	-2.555760	6.184852	-0.145638	-0.059803
0.088410	-2.542914	6.283031	-0.163254	-0.066915
0.089396	-2.529486	6.381042	-0.181583	-0.074522
0.090396	-2.515555	6.478876	-0.200625	-0.082638
0.091409	-2.502197	6.576524	-0.220380	-0.091279
0.092435	-2.487483	6.673976	-0.240846	-0.100459
0.093474	-2.473483	6.771222	-0.262021	-0.110195
0.094526	-2.458262	6.868253	-0.283903	-0.120503
0.095589	-2.443881	6.965057	-0.306491	-0.131399
0.096663	-2.428399	7.061625	-0.329780	-0.142899
0.097745	-2.413872	7.157946	-0.353767	-0.155020
0.098835	-2.399349	7.254008	-0.378448	-0.167780
0.099931	-2.383881	7.349802	-0.403819	-0.181194
0.101030	-2.369512	7.445315	-0.429875	-0.195280
0.102130	-2.356285	7.540535	-0.456610	-0.210054
0.103229	-2.342237	7.635452	-0.484019	-0.225532
0.104323	-2.328406	7.730052	-0.512098	-0.241730
0.105410	-2.315824	7.824324	-0.540839	-0.258664
0.106486	-2.302522	7.918255	-0.570236	-0.276348
0.107548	-2.290521	8.011832	-0.600284	-0.294799
0.108596	-2.278813	8.105043	-0.630975	-0.314029
0.109627	-2.267385	8.197874	-0.662302	-0.334054
0.110643	-2.256221	8.290313	-0.694258	-0.354885
0.111640	-2.245310	8.382344	-0.726837	-0.376536
0.112620	-2.235638	8.473956	-0.760029	-0.399020
0.113581	-2.225193	8.565134	-0.793829	-0.422347
0.114522	-2.214963	8.655865	-0.828227	-0.446530
0.115443	-2.205937	8.746133	-0.863215	-0.471578
0.116344	-2.196106	8.835926	-0.898784	-0.497503
0.117224	-2.187457	8.925228	-0.934926	-0.524314
0.118082	-2.177982	9.014026	-0.971633	-0.552021
0.118918	-2.168671	9.102304	-1.008892	-0.580632
0.119731	-2.159514	9.190049	-1.046696	-0.610156
0.120521	-2.150503	9.277247	-1.085033	-0.640601
0.121287	-2.141630	9.363882	-1.123892	-0.671976
0.122029	-2.132886	9.449939	-1.163262	-0.704287
0.122747	-2.124263	9.535406	-1.203132	-0.737542
0.123440	-2.115754	9.620267	-1.243489	-0.771746
0.124107	-2.106350	9.704507	-1.284323	-0.806905
0.124749	-2.097048	9.788113	-1.325618	-0.843026
0.125364	-2.087849	9.871071	-1.367363	-0.880113
0.125951	-2.078759	9.953366	-1.409542	-0.918171
0.126508	-2.069781	10.034984	-1.452142	-0.957206
0.127035	-2.060919	10.115913	-1.495148	-0.997219
0.127529	-2.051178	10.196137	-1.538544	-1.038216
0.127990	-2.041561	10.275645	-1.582316	-1.080198
0.128415	-2.033072	10.354423	-1.626447	-1.123169
0.128804	-2.022713	10.432459	-1.670921	-1.167129
0.129155	-2.013489	10.509740	-1.715721	-1.212081
0.129466	-2.004402	10.586253	-1.760830	-1.258024
0.129736	-1.994455	10.661988	-1.806231	-1.304961
0.129964	-1.985652	10.736933	-1.851905	-1.352889
0.130147	-1.975995	10.811077	-1.897836	-1.401808
0.130284	-1.966487	10.884409	-1.944005	-1.451715
0.130374	-1.957131	10.956920	-1.990395	-1.502610
0.130415	-1.947930	11.028599	-2.036985	-1.554489
0.130406	-1.937888	11.099438	-2.083760	-1.607347
0.130344	-1.929006	11.169428	-2.130697	-1.661183
0.130228	-1.920290	11.238561	-2.177781	-1.715989
0.130058	-1.910732	11.306829	-2.224992	-1.771761
0.129843	-1.901295	11.374226	-2.272312	-1.828493
0.129593	-1.891932	11.440746	-2.319721	-1.886177
0.129319	-1.882598	11.506383	-2.367202	-1.944807
0.129031	-1.873251	11.571131	-2.414734	-2.004375
0.128740	-1.863848	11.634985	-2.462300	-2.064873
0.128457	-1.854350	11.697942	-2.509880	-2.126294
0.128193	-1.843717	11.759996	-2.557457	-2.188630
0.127958	-1.832913	11.821145	-2.605011	-2.251871
0.127765	-1.822902	11.881384	-2.652521	-2.316012
0.127624	-1.810651	11.940710	-2.699968	-2.381045
0.127547	-1.799131	11.999119	-2.747332	-2.446961
0.127545	-1.787313	12.056609	-2.794591	-2.513756
0.127631	-1.774174	12.113176	-2.841725	-2.581421
0.127815	-1.760694	12.168816	-2.888712	-2.649952
0.128111	-1.746856	12.223526	-2.935527	-2.719342
0.128529	-1.731650	12.277302	-2.982149	-2.789588
0.129083	-1.716069	12.330141	-3.028551	-2.860686
0.129785	-1.700114	12.382039	-3.074707	-2.932632
0.130648	-1.682788	12.432991	-3.120591	-3.005423
0.131677	-1.665132	12.482991	-3.166174	-3.079059
0.132858	-1.647291	12.532037	-3.211424	-3.153537
0.134165	-1.628432	12.580120	-3.256312	-3.228857
0.135575	-1.610705	12.627236	-3.300803	-3.305018
0.137063	-1.592250	12.673379	-3.344866	-3.382020
0.138604	-1.574190	12.718543	-3.388466	-3.459861
0.140171	-1.557638	12.762720	-3.431570	-3.538541
0.141738	-1.540694	12.805904	-3.474143	-3.618056
0.143278	-1.526448	12.848090	-3.516152	-3.698403
0.144764	-1.512980	12.889268	-3.557566	-3.779577
0.146168	-1.501366	12.929432	-3.598354	-3.861572
0.147464	-1.491676	12.968572	-3.638487	-3.944381
0.148623	-1.483978	13.006681	-3.677941	-4.027994
0.149619	-1.479340	13.043748	-3.716691	-4.112400
0.150425	-1.476833	13.079762	-3.754720	-4.197587
0.151015	-1.477535	13.114712	-3.792011	-4.283540
0.151362	-1.480529	13.148585	-3.828554	-4.370242
0.151443	-1.486912	13.181368	-3.864342	-4.457674
0.151233	-1.495796	13.213048	-3.899375	-4.545817
0.150709	-1.507313	13.243609	-3.933656	-4.634647
0.149860	-1.522568	13.273040	-3.967195	-4.724140
0.148709	-1.540496	13.301326	-4.000005	-4.814270
0.147288	-1.560994	13.328454	-4.032107	-4.905009
0.145632	-1.581964	13.354414	-4.063525	-4.996327
0.143774	-1.605311	13.379196	-4.094286	-5.088194
0.141746	-1.629934	13.402792	-4.124421	-5.180580
0.139580	-1.654726	13.425197	-4.153961	-5.273453
0.137307	-1.679568	13.446409	-4.182939	-5.366782
0.134956	-1.705326	13.466426	-4.211390	-5.460536
0.132556	-1.731845	13.485251	-4.239348	-5.554685
0.130132	-1.756945	13.502887	-4.266847	-5.649198
0.127708	-1.782424	13.519339	-4.293921	-5.744047
0.125306	-1.808047	13.534616	-4.320603	-5.839203
0.122945	-1.831549	13.548725	-4.346925	-5.934639
0.120640	-1.854631	13.561678	-4.372917	-6.030330
0.118406	-1.875962	13.573485	-4.398608	-6.126249
0.116255	-1.896176	13.584159	-4.424022	-6.222375
0.114194	-1.912877	13.593714	-4.449183	-6.318685
0.112233	-1.927637	13.602163	-4.474112	-6.415159
0.110377	-1.939002	13.609521	-4.498823	-6.511778
0.108631	-1.946580	13.615801	-4.523330	-6.608525
0.106984	-1.950319	13.621019	-4.547641	-6.705384
0.105426	-1.950270	13.625189	-4.571759	-6.802342
0.103950	-1.946502	13.628326	-4.595686	-6.899387
0.102550	-1.939102	13.630445	-4.619416	-6.996507
0.101224	-1.929174	13.631561	-4.642944	-7.093694
0.099971	-1.915838	13.631689	-4.666259	-7.190938
0.098790	-1.898231	13.630844	-4.689349	-7.288232
0.097682	-1.878504	13.629042	-4.712199	-7.385569
0.096649	-1.855826	13.626299	-4.734791	-7.482945
0.095691	-1.830380	13.622631	-4.757104	-7.580355
0.094810	-1.803365	13.618054	-4.779118	-7.677795
0.094005	-1.772990	13.612587	-4.800809	-7.775261
0.093275	-1.741480	13.606246	-4.822151	-7.872751
0.092619	-1.707066	13.599051	-4.843121	-7.970262
0.092031	-1.671988	13.591022	-4.863689	-8.067794
0.091508	-1.636487	13.582178	-4.883829	-8.165345
0.091041	-1.599808	13.572540	-4.903514	-8.262913
0.090622	-1.563191	13.562130	-4.922717	-8.360498
0.090240	-1.527873	13.550971	-4.941411	-8.458100
0.089883	-1.493058	13.539083	-4.959572	-8.555716
0.089543	-1.459836	13.526491	-4.977176	-8.653345
0.089209	-1.427261	13.513215	-4.994201	-8.750987
0.088875	-1.397385	13.499279	-5.010626	-8.848639
0.088530	-1.369252	13.484703	-5.026435	-8.946300
0.088166	-1.343905	13.469509	-5.041610	-9.043967
0.087773	-1.319377	13.453716	-5.056138	-9.141637
0.087343	-1.297704	13.437343	-5.070007	-9.239308
0.086865	-1.276915	13.420408	-5.083207	-9.336976
0.086331	-1.259038	13.402930	-5.095729	-9.434637
0.085732	-1.243103	13.384926	-5.107568	-9.532288
0.085059	-1.229138	13.366410	-5.118719	-9.629924
0.084302	-1.216172	13.347397	-5.129179	-9.727541
0.083455	-1.205241	13.327902	-5.138948	-9.825135
0.082507	-1.196381	13.307938	-5.148028	-9.922700
0.081451	-1.188637	13.287518	-5.156420	-10.020232
0.080278	-1.182062	13.266654	-5.164131	-10.117727
0.078982	-1.177720	13.245359	-5.171167	-10.215180
0.077554	-1.173687	13.223642	-5.177535	-10.312585
0.075988	-1.172059	13.201517	-5.183247	-10.409940
0.074279	-1.170931	13.178993	-5.188314	-10.507238
0.072438	-1.171332	13.156081	-5.192750	-10.604477
0.070474	-1.173288	13.132793	-5.196572	-10.701652
0.068402	-1.175843	13.109137	-5.199795	-10.798760
0.066233	-1.181060	13.085125	-5.202438	-10.895799
0.063981	-1.187025	13.060766	-5.204523	-10.992764
0.061660	-1.194842	13.036070	-5.206068	-11.089654
0.059284	-1.204638	13.011046	-5.207097	-11.186467
0.056868	-1.216564	12.985703	-5.207633	-11.283201
0.054427	-1.230795	12.960050	-5.207699	-11.379854
0.051977	-1.247531	12.934094	-5.207320	-11.476426
0.049534	-1.265998	12.907843	-5.206521	-11.572916
0.047116	-1.288441	12.881304	-5.205328	-11.669323
0.044739	-1.314126	12.854484	-5.203766	-11.765646
0.042422	-1.342324	12.827388	-5.201861	-11.861887
0.040183	-1.375303	12.800024	-5.199639	-11.958044
0.038041	-1.411300	12.772396	-5.197125	-12.054119
0.036015	-1.452496	12.744510	-5.194344	-12.150112
0.034124	-1.496970	12.716368	-5.191322	-12.246023
0.032384	-1.546648	12.687977	-5.188083	-12.341853
0.030811	-1.599305	12.659338	-5.184651	-12.437603
0.029412	-1.656714	12.630456	-5.181047	-12.533273
0.028189	-1.717522	12.601332	-5.177295	-12.628865
0.027145	-1.780184	12.571970	-5.173416	-12.724378
0.026279	-1.845972	12.542370	-5.169429	-12.819814
0.025588	-1.912993	12.512535	-5.165354	-12.915172
0.025066	-1.980245	12.482466	-5.161210	-13.010454
0.024702	-2.046683	12.452164	-5.157015	-13.105660
0.024483	-2.111299	12.421629	-5.152786	-13.200790
0.024395	-2.173190	12.390862	-5.148538	-13.295845
0.024420	-2.231608	12.359863	-5.144287	-13.390824
0.024543	-2.285991	12.328632	-5.140047	-13.485727
0.024744	-2.335962	12.297169	-5.135831	-13.580555
0.025008	-2.382312	12.265473	-5.131653	-13.675307
0.025318	-2.422976	12.233544	-5.127523	-13.769982
0.025661	-2.459996	12.201382	-5.123452	-13.864581
0.026022	-2.492491	12.168984	-5.119451	-13.959103
0.026392	-2.519626	12.136351	-5.115529	-14.053547
0.026760	-2.543596	12.103482	-5.111693	-14.147913
0.027118	-2.564598	12.070374	-5.107950	-14.242199
0.027459	-2.580861	12.037028	-5.104308	-14.336405
0.027779	-2.593720	12.003442	-5.100772	-14.430530
0.028075	-2.604514	11.969614	-5.097346	-14.524572
0.028347	-2.611551	11.935544	-5.094035	-14.618531
0.028595	-2.617116	11.901230	-5.090840	-14.712405
0.028818	-2.620466	11.866671	-5.087766	-14.806193
0.029018	-2.620842	11.831866	-5.084812	-14.899894
0.029195	-2.620466	11.796814	-5.081982	-14.993507
0.029351	-2.617547	11.761512	-5.079274	-15.087029
0.029488	-2.614283	11.725960	-5.076690	-15.180460
0.029607	-2.608862	11.690156	-5.074228	-15.273798
0.029710	-2.602469	11.654100	-5.071889	-15.367043
0.029799	-2.595281	11.617789	-5.069670	-15.460191
0.029875	-2.587473	11.581223	-5.067570	-15.553242
0.029940	-2.579217	11.544401	-5.065587	-15.646195
0.029995	-2.569685	11.507321	-5.063719	-15.739047
0.030040	-2.561045	11.469982	-5.061964	-15.831798
0.030079	-2.550470	11.432384	-5.060320	-15.924446
0.030110	-2.541128	11.394525	-5.058783	-16.016990
0.030134	-2.531190	11.356404	-5.057352	-16.109428
0.030153	-2.521800	11.318021	-5.056023	-16.201758
0.030166	-2.511984	11.279375	-5.054794	-16.293981
0.030172	-2.503745	11.240466	-5.053662	-16.386094
0.030174	-2.495083	11.201292	-5.052625	-16.478095
0.030169	-2.486002	11.161854	-5.051680	-16.569985
0.030159	-2.478505	11.122151	-5.050826	-16.661762
0.030144	-2.470595	11.082183	-5.050058	-16.753424
0.030125	-2.463278	11.041950	-5.049376	-16.844971
0.030100	-2.456560	11.001451	-5.048778	-16.936401
0.030071	-2.450448	10.960688	-5.048260	-17.027714
0.030038	-2.445947	10.919660	-5.047821	-17.118909
0.030002	-2.441067	10.878367	-5.047461	-17.209985
0.029962	-2.436815	10.836810	-5.047177	-17.300941
0.029919	-2.433200	10.794990	-5.046967	-17.391776
0.029874	-2.431232	10.752906	-5.046832	-17.482489
0.029826	-2.428920	10.710559	-5.046770	-17.573080
0.029778	-2.428274	10.667951	-5.046780	-17.663549
0.029728	-2.428304	10.625081	-5.046862	-17.753893
0.029679	-2.430019	10.581951	-5.047017	-17.844114
0.029630	-2.432430	10.538562	-5.047243	-17.934210
0.029582	-2.435533	10.494914	-5.047543	-18.024181
0.029534	-2.439272	10.451009	-5.047916	-18.114027
0.029487	-2.444579	10.406847	-5.048364	-18.203746
0.029441	-2.450385	10.362430	-5.048888	-18.293338
0.029394	-2.456623	10.317759	-5.049490	-18.382804
0.029346	-2.464224	10.272835	-5.050171	-18.472143
0.029296	-2.472120	10.227659	-5.050933	-18.561354
0.029245	-2.480243	10.182234	-5.051778	-18.650437
0.029192	-2.488526	10.136560	-5.052709	-18.739392
0.029135	-2.497902	10.090638	-5.053727	-18.828219
0.029074	-2.506305	10.044471	-5.054835	-18.916917
0.029008	-2.515668	9.998061	-5.056036	-19.005487
0.028937	-2.524926	9.951408	-5.057331	-19.093928
0.028859	-2.533014	9.904514	-5.058722	-19.182240
0.028773	-2.541866	9.857382	-5.060212	-19.270424
0.028678	-2.550417	9.810013	-5.061803	-19.358478
0.028574	-2.558602	9.762409	-5.063497	-19.446405
0.028459	-2.566354	9.714573	-5.065295	-19.534202
0.028331	-2.573607	9.666505	-5.067199	-19.621871
0.028190	-2.580291	9.618209	-5.069211	-19.709413
0.028034	-2.586351	9.569687	-5.071332	-19.796826
0.027865	-2.591789	9.520940	-5.073562	-19.884111
0.027684	-2.595619	9.471971	-5.075902	-19.971270
0.027491	-2.599855	9.422783	-5.078353	-20.058301
0.027289	-2.602508	9.373377	-5.080915	-20.145206
0.027077	-2.605585	9.323756	-5.083588	-20.231985
0.026858	-2.607097	9.273922	-5.086371	-20.318639
0.026633	-2.609049	9.223877	-5.089265	-20.405167
0.026403	-2.609448	9.173624	-5.092268	-20.491571
0.026169	-2.609299	9.123165	-5.095379	-20.577851
0.025934	-2.608607	9.072501	-5.098599	-20.664007
0.025698	-2.607379	9.021636	-5.101925	-20.750040
0.025462	-2.605619	8.970571	-5.105356	-20.835950
0.025229	-2.603334	8.919308	-5.108891	-20.921738
0.025000	-2.599531	8.867850	-5.112528	-21.007405
0.024776	-2.596219	8.816197	-5.116266	-21.092950
0.024559	-2.591409	8.764352	-5.120102	-21.178375
0.024350	-2.587111	8.712316	-5.124036	-21.263679
0.024150	-2.581342	8.660091	-5.128065	-21.348863
0.023962	-2.575118	8.607678	-5.132186	-21.433927
0.023787	-2.568470	8.555078	-5.136399	-21.518871
0.023624	-2.561467	8.502293	-5.140700	-21.603696
0.023473	-2.554190	8.449323	-5.145088	-21.688401
0.023334	-2.546724	8.396170	-5.149560	-21.772987
0.023207	-2.539155	8.342834	-5.154115	-21.857453
0.023090	-2.531572	8.289316	-5.158749	-21.941799
0.022983	-2.523063	8.235616	-5.163462	-22.026026
0.022886	-2.515719	8.181736	-5.168250	-22.110133
0.022798	-2.508631	8.127675	-5.173112	-22.194120
0.022719	-2.501889	8.073435	-5.178047	-22.277987
0.022647	-2.495586	8.019015	-5.183051	-22.361733
0.022581	-2.489811	7.964417	-5.188125	-22.445359
0.022522	-2.484654	7.909639	-5.193265	-22.528864
0.022469	-2.480205	7.854684	-5.198472	-22.612247
0.022419	-2.477553	7.799551	-5.203743	-22.695510
0.022374	-2.474787	7.744242	-5.209078	-22.778650
0.022331	-2.473994	7.688755	-5.214477	-22.861669
0.022291	-2.474263	7.633092	-5.219939	-22.944565
0.022253	-2.475680	7.577254	-5.225463	-23.027340
0.022216	-2.479334	7.521242	-5.231051	-23.109992
0.022180	-2.483281	7.465055	-5.236702	-23.192521
0.022145	-2.489453	7.408695	-5.242418	-23.274928
0.022111	-2.497750	7.352162	-5.248200	-23.357212
0.022077	-2.506072	7.295459	-5.254048	-23.439373
0.022043	-2.516316	7.238585	-5.259966	-23.521412
0.022010	-2.527383	7.181542	-5.265954	-23.603328
0.021977	-2.539171	7.124332	-5.272015	-23.685122
0.021943	-2.551579	7.066955	-5.278152	-23.766794
0.021910	-2.564505	7.009413	-5.284366	-23.848343
0.021876	-2.577850	6.951708	-5.290661	-23.929771
0.021841	-2.592512	6.893840	-5.297038	-24.011077
0.021804	-2.606393	6.835812	-5.303500	-24.092262
0.021766	-2.620394	6.777626	-5.310051	-24.173326
0.021724	-2.635418	6.719282	-5.316693	-24.254270
0.021678	-2.649368	6.660784	-5.323428	-24.335095
0.021628	-2.663149	6.602131	-5.330259	-24.415799
0.021572	-2.676666	6.543328	-5.337188	-24.496385
0.021510	-2.690826	6.484374	-5.344218	-24.576853
0.021439	-2.703535	6.425273	-5.351350	-24.657203
0.021359	-2.715702	6.366025	-5.358588	-24.737436
0.021268	-2.726261	6.306634	-5.365933	-24.817553
0.021166	-2.737272	6.247101	-5.373386	-24.897555
0.021051	-2.747825	6.187427	-5.380948	-24.977442
0.020924	-2.757010	6.127616	-5.388622	-25.057215
0.020783	-2.766921	6.067669	-5.396407	-25.136875
0.020627	-2.775651	6.007588	-5.404305	-25.216423
0.020457	-2.784298	5.947375	-5.412316	-25.295860
0.020272	-2.792963	5.887032	-5.420442	-25.375187
0.020071	-2.800751	5.826563	-5.428682	-25.454405
0.019854	-2.809772	5.765968	-5.437036	-25.533515
0.019622	-2.819143	5.705251	-5.445505	-25.612520
0.019373	-2.827988	5.644414	-5.454088	-25.691420
0.019107	-2.837440	5.583459	-5.462786	-25.770216
0.018826	-2.847643	5.522390	-5.471599	-25.848911
0.018528	-2.858755	5.461210	-5.480526	-25.927507
0.018214	-2.870946	5.399921	-5.489567	-26.006005
0.017884	-2.883407	5.338526	-5.498721	-26.084407
0.017539	-2.898346	5.277030	-5.507989	-26.162716
0.017180	-2.913998	5.215435	-5.517371	-26.240934
0.016808	-2.931622	5.153746	-5.526865	-26.319064
0.016425	-2.951443	5.091965	-5.536472	-26.397108
0.016036	-2.972441	5.030098	-5.546191	-26.475070
0.015646	-2.996511	4.968149	-5.556023	-26.552952
0.015260	-3.021508	4.906121	-5.565966	-26.630757
0.014883	-3.049244	4.844020	-5.576021	-26.708489
0.014518	-3.077476	4.781849	-5.586188	-26.786152
0.014171	-3.106901	4.719614	-5.596467	-26.863748
0.013843	-3.137147	4.657319	-5.606857	-26.941281
0.013537	3.115410	4.594968	-5.617359	-27.018753
0.013256	3.084903	4.532564	-5.627972	-27.096169
0.013000	3.055086	4.470113	-5.638696	-27.173531
0.012768	3.025576	4.407618	-5.649531	-27.250841
0.012561	2.999032	4.345082	-5.660477	-27.328103
0.012378	2.975138	4.282508	-5.671534	-27.405320
0.012216	2.953595	4.219900	-5.682701	-27.482492
0.012074	2.937106	4.157260	-5.693978	-27.559621
0.011950	2.924368	4.094589	-5.705365	-27.636711
0.011843	2.917064	4.031890	-5.716861	-27.713760
0.011752	2.915859	3.969163	-5.728465	-27.790771
0.011679	2.920389	3.906409	-5.740177	-27.867743
0.011626	2.931993	3.843627	-5.751995	-27.944677
0.011602	2.949931	3.780817	-5.763920	-28.021571
0.011617	2.973065	3.717977	-5.775948	-28.098424
0.011679	3.000104	3.655106	-5.788081	-28.175236
0.011799	3.028612	3.592200	-5.800316	-28.252003
0.011983	3.058064	3.529258	-5.812653	-28.328724
0.012238	3.086927	3.466277	-5.825092	-28.405396
0.012566	3.114746	3.403252	-5.837633	-28.482016
0.012971	3.137233	3.340182	-5.850277	-28.558581
0.013454	-3.126851	3.277061	-5.863026	-28.635088
0.014014	-3.112930	3.213888	-5.875883	-28.711533
0.014653	-3.104711	3.150658	-5.888849	-28.787912
0.015372	-3.102468	3.087368	-5.901930	-28.864223
0.016172	-3.106256	3.024016	-5.915131	-28.940461
0.017059	-3.115943	2.960598	-5.928459	-29.016622
0.018037	-3.130250	2.897112	-5.941921	-29.092703
0.019116	3.132411	2.833557	-5.955526	-29.168700
0.020305	3.107166	2.769930	-5.969287	-29.244610
0.021617	3.078770	2.706232	-5.983214	-29.320430
0.023065	3.046842	2.642462	-5.997322	-29.396155
0.024664	3.012210	2.578621	-6.011627	-29.471784
0.026412	2.976282	2.514710	-6.026147	-29.547313
0.028305	2.940298	2.450732	-6.040900	-29.622739
0.030333	2.906156	2.386690	-6.055909	-29.698061
0.032486	2.873471	2.322587	-6.071194	-29.773275
0.034749	2.842626	2.258428	-6.086781	-29.848379
0.037109	2.812834	2.194218	-6.102692	-29.923372
0.039549	2.786181	2.129962	-6.118953	-29.998249
0.042050	2.762667	2.065665	-6.135590	-30.073011
0.044594	2.740235	2.001336	-6.152628	-30.147652
0.047163	2.719792	1.936979	-6.170095	-30.222172
0.049737	2.701229	1.872603	-6.188016	-30.296566
0.052296	2.684427	1.808214	-6.206417	-30.370833
0.054821	2.670270	1.743822	-6.225325	-30.444968
0.057293	2.656644	1.679432	-6.244764	-30.518969
0.059691	2.644445	1.615055	-6.264759	-30.592832
0.061995	2.633577	1.550697	-6.285334	-30.666552
0.064186	2.624958	1.486367	-6.306510	-30.740127
0.066244	2.616514	1.422073	-6.328309	-30.813551
0.068150	2.609185	1.357823	-6.350751	-30.886820
0.069887	2.601900	1.293626	-6.373853	-30.959929
0.071459	2.596526	1.229489	-6.397632	-31.032875
0.072870	2.591933	1.165420	-6.422102	-31.105651
0.074129	2.588016	1.101426	-6.447275	-31.178253
0.075240	2.583686	1.037515	-6.473163	-31.250677
0.076212	2.580870	0.973693	-6.499775	-31.322917
0.077050	2.577504	0.909968	-6.527119	-31.394968
0.077763	2.575535	0.846345	-6.555202	-31.466825
0.078356	2.572915	0.782831	-6.584029	-31.538484
0.078838	2.570603	0.719432	-6.613604	-31.609940
0.079215	2.569563	0.656155	-6.643930	-31.681188
0.079494	2.567762	0.593003	-6.675008	-31.752223
0.079682	2.567169	0.529983	-6.706839	-31.823042
0.079788	2.565758	0.467100	-6.739424	-31.893639
0.079817	2.565503	0.404358	-6.772761	-31.964010
0.079778	2.564380	0.341762	-6.806848	-32.034151
0.079676	2.564366	0.279317	-6.841683	-32.104059
0.079521	2.564439	0.217025	-6.877262	-32.173728
0.079319	2.563577	0.154891	-6.913583	-32.243156
0.079077	2.563759	0.092918	-6.950640	-32.312338
0.078801	2.563968	0.031111	-6.988429	-32.381271
0.078495	2.564195	-0.030528	-7.026946	-32.449952
0.078159	2.565438	-0.091996	-7.066185	-32.518377
0.077797	2.565692	-0.153291	-7.106140	-32.586543
0.077409	2.565953	-0.214410	-7.146806	-32.654445
0.076997	2.566218	-0.275349	-7.188177	-32.722083
0.076563	2.567483	-0.336108	-7.230247	-32.789452
0.076108	2.567743	-0.396683	-7.273008	-32.856549
0.075635	2.568996	-0.457073	-7.316455	-32.923373
0.075146	2.569236	-0.517275	-7.360581	-32.989921
0.074641	2.569460	-0.577289	-7.405378	-33.056189
0.074122	2.570664	-0.637112	-7.450841	-33.122178
0.073592	2.570844	-0.696742	-7.496960	-33.187883
0.073053	2.570995	-0.756178	-7.543731	-33.253304
0.072505	2.572113	-0.815418	-7.591144	-33.318439
0.071950	2.572195	-0.874462	-7.639193	-33.383286
0.071391	2.572235	-0.933307	-7.687870	-33.447844
0.070829	2.572228	-0.991952	-7.737169	-33.512113
0.070266	2.572172	-1.050396	-7.787081	-33.576090
0.069703	2.572060	-1.108638	-7.837599	-33.639775
0.069143	2.571891	-1.166675	-7.888716	-33.703168
0.068584	2.570668	-1.224508	-7.940425	-33.766267
0.068027	2.570396	-1.282134	-7.992718	-33.829074
0.067471	2.569082	-1.339552	-8.045589	-33.891587
0.066917	2.568733	-1.396761	-8.099030	-33.953806
0.066363	2.567353	-1.453759	-8.153034	-34.015731
0.065810	2.566951	-1.510545	-8.207595	-34.077363
0.065256	2.565532	-1.567118	-8.262704	-34.138702
0.064702	2.564103	-1.623478	-8.318356	-34.199747
0.064148	2.563672	-1.679621	-8.374543	-34.260500
0.063593	2.562246	-1.735549	-8.431259	-34.320960
0.063036	2.560832	-1.791259	-8.488496	-34.381129
0.062478	2.560438	-1.846751	-8.546248	-34.441006
0.061918	2.559073	-1.902024	-8.604508	-34.500594
0.061355	2.558744	-1.957078	-8.663269	-34.559891
0.060790	2.557460	-2.011912	-8.722525	-34.618899
0.060222	2.557230	-2.066526	-8.782269	-34.677619
0.059650	2.557063	-2.120920	-8.842493	-34.736051
0.059074	2.556969	-2.175093	-8.903192	-34.794197
0.058495	2.556958	-2.229046	-8.964359	-34.852056
0.057911	2.557036	-2.282779	-9.025987	-34.909630
0.057323	2.557198	-2.336293	-9.088068	-34.966919
0.056732	2.558432	-2.389588	-9.150598	-35.023925
0.056137	2.558729	-2.442666	-9.213568	-35.080649
0.055540	2.560078	-2.495526	-9.276973	-35.137090
0.054941	2.561466	-2.548171	-9.340805	-35.193251
0.054340	2.561883	-2.600601	-9.405059	-35.249131
0.053737	2.563315	-2.652817	-9.469727	-35.304732
0.053134	2.564751	-2.704821	-9.534803	-35.360055
0.052531	2.566176	-2.756615	-9.600280	-35.415101
0.051928	2.567577	-2.808200	-9.666153	-35.469872
0.051325	2.568939	-2.859577	-9.732415	-35.524368
0.050723	2.570246	-2.910748	-9.799059	-35.578591
0.050123	2.571482	-2.961714	-9.866079	-35.632541
0.049525	2.572632	-3.012478	-9.933469	-35.686221
0.048930	2.573676	-3.063041	-10.001224	-35.739633
0.048338	2.574597	-3.113404	-10.069336	-35.792777
0.047749	2.575376	-3.163569	-10.137800	-35.845655
0.047164	2.575993	-3.213538	-10.206610	-35.898269
0.046583	2.576426	-3.263311	-10.275761	-35.950622
0.046008	2.575661	-3.312891	-10.345246	-36.002714
0.045436	2.575708	-3.362279	-10.415060	-36.054549
0.044867	2.574584	-3.411476	-10.485198	-36.106128
0.044300	2.574309	-3.460482	-10.555654	-36.157454
0.043735	2.572902	-3.509300	-10.626422	-36.208529
0.043169	2.571381	-3.557930	-10.697497	-36.259356
0.042602	2.570770	-3.606373	-10.768875	-36.309938
0.042033	2.569088	-3.654632	-10.840549	-36.360276
0.041461	2.567359	-3.702705	-10.912515	-36.410374
0.040884	2.566607	-3.750596	-10.984767	-36.460235
0.040303	2.564855	-3.798305	-11.057300	-36.509861
0.039714	2.564130	-3.845834	-11.130110	-36.559255
0.039119	2.562459	-3.893184	-11.203190	-36.608421
0.038514	2.561869	-3.940357	-11.276536	-36.657360
0.037900	2.560392	-3.987355	-11.350143	-36.706076
0.037275	2.560059	-4.034179	-11.424005	-36.754573
0.036638	2.559903	-4.080831	-11.498117	-36.802853
0.035988	2.559962	-4.127315	-11.572474	-36.850920
0.035323	2.560274	-4.173631	-11.647070	-36.898776
0.034644	2.560882	-4.219783	-11.721901	-36.946424
0.033948	2.562823	-4.265773	-11.796960	-36.993869
0.033238	2.564095	-4.311605	-11.872242	-37.041113
0.032515	2.566687	-4.357282	-11.947742	-37.088159
0.031784	2.568587	-4.402807	-12.023455	-37.135011
0.031045	2.571784	-4.448184	-12.099373	-37.181672
0.030301	2.575265	-4.493416	-12.175493	-37.228146
0.029555	2.579017	-4.538508	-12.251808	-37.274436
0.028809	2.583024	-4.583463	-12.328313	-37.320545
0.028065	2.587271	-4.628285	-12.405002	-37.366477
0.027326	2.591737	-4.672978	-12.481870	-37.412236
0.026594	2.596401	-4.717547	-12.558911	-37.457824
0.025871	2.601237	-4.761994	-12.636121	-37.503245
0.025160	2.606215	-4.806325	-12.713494	-37.548503
0.024463	2.611303	-4.850543	-12.791024	-37.593601
0.023783	2.616461	-4.894651	-12.868707	-37.638542
0.023122	2.620643	-4.938654	-12.946539	-37.683330
0.022481	2.625799	-4.982556	-13.024514	-37.727968
0.021865	2.629870	-5.026358	-13.102629	-37.772460
0.021274	2.634791	-5.070065	-13.180878	-37.816808
0.020711	2.638488	-5.113681	-13.259257	-37.861015
0.020178	2.641894	-5.157207	-13.337764	-37.905086
0.019672	2.644975	-5.200646	-13.416394	-37.949022
0.019192	2.647712	-5.244001	-13.495143	-37.992827
0.018734	2.649086	-5.287275	-13.574009	-38.036502
0.018296	2.651079	-5.330469	-13.652988	-38.080052
0.017876	2.651672	-5.373585	-13.732078	-38.123479
0.017471	2.652850	-5.416625	-13.811275	-38.166784
0.017077	2.652596	-5.459590	-13.890577	-38.209971
0.016694	2.651892	-5.502483	-13.969981	-38.253043
0.016317	2.651722	-5.545305	-14.049486	-38.296001
0.015946	2.650064	-5.588056	-14.129087	-38.338848
0.015576	2.647898	-5.630739	-14.208783	-38.381588
0.015206	2.646197	-5.673355	-14.288572	-38.424221
0.014833	2.642930	-5.715904	-14.368452	-38.466752
0.014455	2.640060	-5.758389	-14.448419	-38.509182
0.014069	2.635540	-5.800809	-14.528471	-38.551515
0.013672	2.631313	-5.843168	-14.608607	-38.593753
0.013263	2.625307	-5.885464	-14.688823	-38.635900
0.012838	2.619429	-5.927701	-14.769118	-38.677957
0.012396	2.612566	-5.969878	-14.849488	-38.719930
0.011936	2.604578	-6.011998	-14.929931	-38.761820
0.011458	2.596343	-6.054062	-15.010445	-38.803632
0.010969	2.585727	-6.096071	-15.091026	-38.845370
0.010470	2.574580	-6.138026	-15.171671	-38.887036
0.009966	2.560730	-6.179929	-15.252378	-38.928636
0.009461	2.545986	-6.221782	-15.333143	-38.970173
0.008958	2.529140	-6.263585	-15.413964	-39.011651
0.008461	2.509967	-6.305341	-15.494837	-39.053074
0.007975	2.488233	-6.347051	-15.575761	-39.094447
0.007503	2.463706	-6.388716	-15.656731	-39.135774
0.007048	2.436178	-6.430337	-15.737745	-39.177058
0.006616	2.405485	-6.471917	-15.818800	-39.218303
0.006209	2.371556	-6.513455	-15.899894	-39.259514
0.005832	2.334456	-6.554953	-15.981025	-39.300694
0.005487	2.294455	-6.596413	-16.062188	-39.341847
0.005178	2.252094	-6.637834	-16.143384	-39.382975
0.004906	2.208247	-6.679219	-16.224609	-39.424083
0.004675	2.163156	-6.720567	-16.305861	-39.465172
0.004483	2.120421	-6.761879	-16.387140	-39.506246
0.004331	2.079931	-6.803157	-16.468443	-39.547307
0.004218	2.045535	-6.844399	-16.549769	-39.588357
0.004138	2.016192	-6.885608	-16.631118	-39.629396
0.004086	1.993329	-6.926782	-16.712488	-39.670428
0.004057	1.977021	-6.967921	-16.793880	-39.711452
0.004046	1.967045	-7.009027	-16.875292	-39.752469
0.004051	1.961949	-7.050098	-16.956724	-39.793480
0.004068	1.963120	-7.091135	-17.038178	-39.834484
0.004095	1.967845	-7.132138	-17.119651	-39.875482
0.004129	1.977366	-7.173105	-17.201146	-39.916473
0.004168	1.988919	-7.214038	-17.282661	-39.957457
0.004210	2.002767	-7.254936	-17.364198	-39.998434
0.004252	2.018215	-7.295799	-17.445757	-40.039403
0.004292	2.034630	-7.336627	-17.527338	-40.080363
0.004328	2.051439	-7.377419	-17.608941	-40.121313
0.004356	2.068128	-7.418176	-17.690567	-40.162253
0.004374	2.084238	-7.458898	-17.772216	-40.203182
0.004379	2.099351	-7.499584	-17.853888	-40.244100
0.004368	2.113075	-7.540236	-17.935584	-40.285005
0.004338	2.126020	-7.580853	-18.017303	-40.325897
0.004285	2.135776	-7.621436	-18.099046	-40.366777
0.004207	2.143012	-7.661985	-18.180812	-40.407643
0.004106	2.147859	-7.702502	-18.262601	-40.448495
0.003984	2.150515	-7.742988	-18.344412	-40.489335
0.003845	2.151119	-7.783442	-18.426246	-40.530161
0.003690	2.150769	-7.823866	-18.508099	-40.570975
0.003522	2.147532	-7.864263	-18.589973	-40.611777
0.003345	2.142457	-7.904631	-18.671867	-40.652568
0.003160	2.136585	-7.944974	-18.753778	-40.693348
0.002972	2.128969	-7.985292	-18.835706	-40.734118
0.002782	2.118696	-8.025587	-18.917651	-40.774879
0.002593	2.107911	-8.065859	-18.999610	-40.815632
0.002408	2.095866	-8.106112	-19.081583	-40.856377
0.002230	2.082974	-8.146344	-19.163569	-40.897116
0.002061	2.070878	-8.186559	-19.245567	-40.937848
0.001904	2.058541	-8.226758	-19.327575	-40.978575
0.001760	2.049332	-8.266940	-19.409594	-41.019298
0.001633	2.043087	-8.307108	-19.491621	-41.060016
0.001525	2.044105	-8.347263	-19.573657	-41.100731
0.001437	2.053975	-8.387405	-19.655701	-41.141442
0.001373	2.076187	-8.427536	-19.737753	-41.182150
0.001335	2.110033	-8.467655	-19.819811	-41.222854
0.001324	2.155703	-8.507764	-19.901877	-41.263554
0.001337	2.208744	-8.547862	-19.983950	-41.304249
0.001373	2.265186	-8.587951	-20.066031	-41.344940
0.001430	2.321328	-8.628030	-20.148119	-41.385625
0.001505	2.375314	-8.668099	-20.230215	-41.426303
0.001595	2.423339	-8.708158	-20.312319	-41.466974
0.001695	2.466545	-8.748207	-20.394433	-41.507636
0.001802	2.503769	-8.788247	-20.476556	-41.548288
0.001913	2.535265	-8.828276	-20.558690	-41.588929
0.002023	2.561489	-8.868295	-20.640834	-41.629558
0.002128	2.582948	-8.908304	-20.722991	-41.670175
0.002226	2.600117	-8.948302	-20.805159	-41.710777
0.002313	2.613382	-8.988289	-20.887339	-41.751365
0.002385	2.623019	-9.028266	-20.969533	-41.791937
0.002438	2.629170	-9.068231	-21.051740	-41.832493
0.002470	2.631828	-9.108184	-21.133961	-41.873032
0.002478	2.630800	-9.148127	-21.216196	-41.913554
0.002458	2.625655	-9.188057	-21.298445	-41.954060
0.002407	2.614635	-9.227977	-21.380708	-41.994548
0.002324	2.598693	-9.267884	-21.462984	-42.035020
0.002211	2.575002	-9.307781	-21.545273	-42.075477
0.002071	2.543327	-9.347666	-21.627575	-42.115920
0.001906	2.501594	-9.387540	-21.709888	-42.156349
0.001722	2.446429	-9.427404	-21.792213	-42.196767
0.001524	2.372288	-9.467257	-21.874547	-42.237175
0.001317	2.269858	-9.507100	-21.956889	-42.277576
0.001112	2.123342	-9.546934	-22.039240	-42.317971
0.000927	1.907456	-9.586759	-22.121595	-42.358362
0.000794	1.593502	-9.626576	-22.203956	-42.398753
0.000753	1.192994	-9.666386	-22.286319	-42.439145
0.000831	0.797925	-9.706189	-22.368683	-42.479540
0.001006	0.493795	-9.745987	-22.451047	-42.519942
0.001240	0.282513	-9.785781	-22.533409	-42.560353
0.001508	0.132385	-9.825572	-22.615766	-42.600775
0.001795	0.021382	-9.865361	-22.698118	-42.641211
0.002091	-0.065341	-9.905150	-22.780461	-42.681663
0.002392	-0.138625	-9.944941	-22.862795	-42.722134
0.002695	-0.201873	-9.984735	-22.945117	-42.762625
0.002998	-0.259524	-10.024535	-23.027425	-42.803138
0.003301	-0.312677	-10.064342	-23.109718	-42.843676
0.003605	-0.363021	-10.104160	-23.191993	-42.884240
0.003912	-0.410764	-10.143989	-23.274248	-42.924832
0.004224	-0.454966	-10.183833	-23.356482	-42.965452
0.004544	-0.496609	-10.223696	-23.438692	-43.006103
0.004872	-0.535648	-10.263578	-23.520877	-43.046786
0.005208	-0.572029	-10.303484	-23.603034	-43.087501
0.005555	-0.604711	-10.343417	-23.685162	-43.128250
0.005910	-0.634668	-10.383380	-23.767257	-43.169033
0.006276	-0.661896	-10.423375	-23.849320	-43.209852
0.006651	-0.686412	-10.463406	-23.931346	-43.250708
0.007034	-0.707248	-10.503477	-24.013334	-43.291601
0.007425	-0.726452	-10.543591	-24.095282	-43.332533
0.007824	-0.742084	-10.583750	-24.177188	-43.373505
0.008229	-0.756210	-10.623959	-24.259048	-43.414518
0.008639	-0.766900	-10.664221	-24.340862	-43.455574
0.009054	-0.776225	-10.704538	-24.422626	-43.496673
0.009472	-0.782257	-10.744914	-24.504339	-43.537817
0.009892	-0.787064	-10.785353	-24.585997	-43.579008
0.010313	-0.789710	-10.825856	-24.667598	-43.620247
0.010734	-0.790295	-10.866427	-24.749141	-43.661537
0.011154	-0.789070	-10.907069	-24.830621	-43.702879
0.011574	-0.786291	-10.947784	-24.912038	-43.744275
0.011993	-0.783173	-10.988575	-24.993388	-43.785727
0.012412	-0.777907	-11.029445	-25.074668	-43.827239
0.012829	-0.772654	-11.070395	-25.155877	-43.868811
0.013245	-0.765557	-11.111427	-25.237011	-43.910447
0.013660	-0.758740	-11.152545	-25.318068	-43.952150
0.014074	-0.750311	-11.193749	-25.399045	-43.993922
0.014487	-0.741368	-11.235041	-25.479940	-44.035766
0.014899	-0.732996	-11.276424	-25.560750	-44.077685
0.015310	-0.723271	-11.317899	-25.641473	-44.119683
0.015721	-0.713262	-11.359467	-25.722105	-44.161761
0.016132	-0.703028	-11.401129	-25.802644	-44.203924
0.016541	-0.691625	-11.442887	-25.883088	-44.246174
0.016951	-0.680103	-11.484742	-25.963433	-44.288516
0.017360	-0.668507	-11.526695	-26.043677	-44.330953
0.017769	-0.655877	-11.568746	-26.123817	-44.373488
0.018177	-0.643251	-11.610896	-26.203851	-44.416125
0.018586	-0.629663	-11.653146	-26.283776	-44.458868
0.000000	0.000000	-11.653146	-26.283776	-44.458868
