0.051340	-0.830710	0.000000	0.000000	0.000000
0.046980	-0.791286	0.099999	0.000346	-0.000379
0.042703	-0.745090	0.199994	0.001023	-0.001092
0.038540	-0.690546	0.299984	0.002013	-0.002095
0.034528	-0.625572	0.399968	0.003300	-0.003343
0.030711	-0.547432	0.499945	0.004868	-0.004794
0.027140	-0.453581	0.599915	0.006697	-0.006404
0.023884	-0.337641	0.699879	0.008770	-0.008133
0.021027	-0.196768	0.799836	0.011069	-0.009941
0.018668	-0.025984	0.899788	0.013574	-0.011790
0.016915	0.174964	0.999734	0.016265	-0.013644
0.015850	0.398940	1.099677	0.019123	-0.015468
0.015486	0.630643	1.199616	0.022126	-0.017231
0.015739	0.852216	1.299553	0.025255	-0.018903
0.016455	1.050357	1.399489	0.028488	-0.020455
0.017459	1.222400	1.499424	0.031802	-0.021866
0.018597	1.371835	1.599359	0.035175	-0.023112
0.019755	1.501711	1.699295	0.038586	-0.024175
0.020852	1.618418	1.799233	0.042010	-0.025042
0.021835	1.726835	1.899173	0.045424	-0.025700
0.022678	1.831183	1.999114	0.048804	-0.026143
0.023378	1.934944	2.099059	0.052126	-0.026367
0.023981	2.040228	2.199006	0.055365	-0.026372
0.024545	2.147094	2.298957	0.058494	-0.026163
0.025133	2.257769	2.398912	0.061491	-0.025749
0.025808	2.369694	2.498869	0.064327	-0.025140
0.026624	2.483617	2.598831	0.066979	-0.024352
0.027629	2.595783	2.698797	0.069420	-0.023401
0.028854	2.706201	2.798767	0.071625	-0.022306
0.030317	2.810951	2.898740	0.073568	-0.021090
0.032017	2.909442	2.998718	0.075224	-0.019776
0.033944	3.001561	3.098699	0.076569	-0.018388
0.036073	3.084701	3.198684	0.077578	-0.016953
0.038375	-3.123485	3.298671	0.078226	-0.015497
0.040813	-3.056458	3.398660	0.078491	-0.014049
0.043352	-2.996015	3.498650	0.078349	-0.012636
0.045953	-2.943653	3.598639	0.077778	-0.011287
0.048577	-2.897828	3.698626	0.076757	-0.010028
0.051189	-2.858007	3.798609	0.075265	-0.008886
0.053753	-2.822697	3.898584	0.073281	-0.007889
0.056235	-2.793466	3.998549	0.070787	-0.007060
0.058606	-2.768845	4.098502	0.067765	-0.006424
0.060856	-2.747062	4.198437	0.064198	-0.006002
0.062984	-2.729408	4.298352	0.060069	-0.005815
0.064988	-2.714305	4.398241	0.055364	-0.005880
0.066873	-2.701282	4.498100	0.050069	-0.006216
0.068642	-2.688947	4.597924	0.044170	-0.006837
0.070301	-2.678970	4.697707	0.037656	-0.007759
0.071856	-2.670067	4.797444	0.030515	-0.008996
0.073314	-2.660993	4.897129	0.022735	-0.010559
0.074683	-2.653534	4.996755	0.014309	-0.012462
0.075969	-2.646495	5.096316	0.005227	-0.014716
0.077182	-2.638703	5.195806	-0.004520	-0.017331
0.078329	-2.632000	5.295217	-0.014939	-0.020318
0.079420	-2.624239	5.394542	-0.026036	-0.023687
0.080462	-2.617285	5.493774	-0.037817	-0.027449
0.081466	-2.609010	5.592906	-0.050288	-0.031613
0.082440	-2.601295	5.691930	-0.063452	-0.036189
0.083395	-2.592030	5.790838	-0.077315	-0.041189
0.084340	-2.583110	5.889623	-0.091879	-0.046623
0.085286	-2.572441	5.988275	-0.107147	-0.052502
0.086242	-2.560962	6.086788	-0.123121	-0.058838
0.087210	-2.549735	6.185151	-0.139803	-0.065645
0.088192	-2.536846	6.283357	-0.157193	-0.072934
0.089186	-2.523379	6.381397	-0.175292	-0.080721
0.090193	-2.509413	6.479261	-0.194100	-0.089021
0.091214	-2.496026	6.576940	-0.213616	-0.097848
0.092247	-2.481289	6.674425	-0.233839	-0.107217
0.093293	-2.467273	6.771705	-0.254766	-0.117145
0.094351	-2.452042	6.868771	-0.276397	-0.127648
0.095420	-2.437659	6.965613	-0.298728	-0.138742
0.096499	-2.422183	7.062219	-0.321756	-0.150444
0.097585	-2.407669	7.158579	-0.345477	-0.162770
0.098678	-2.393168	7.254683	-0.369888	-0.175737
0.099776	-2.377730	7.350519	-0.394985	-0.189362
0.100875	-2.363399	7.446076	-0.420761	-0.203662
0.101975	-2.350218	7.541342	-0.447212	-0.218652
0.103071	-2.336224	7.636306	-0.474333	-0.234349
0.104161	-2.322454	7.730954	-0.502118	-0.250769
0.105242	-2.309941	7.825276	-0.530561	-0.267927
0.106311	-2.296715	7.919258	-0.559656	-0.285839
0.107363	-2.284798	8.012888	-0.589396	-0.304518
0.108399	-2.273179	8.106153	-0.619775	-0.323980
0.109418	-2.261843	8.199040	-0.650785	-0.344237
0.110418	-2.250775	8.291536	-0.682420	-0.365304
0.111400	-2.239960	8.383627	-0.714672	-0.387191
0.112362	-2.230386	8.475300	-0.747533	-0.409912
0.113305	-2.220038	8.566541	-0.780997	-0.433477
0.114227	-2.209904	8.657335	-0.815054	-0.457899
0.115129	-2.200973	8.747670	-0.849697	-0.483187
0.116010	-2.191232	8.837532	-0.884916	-0.509351
0.116870	-2.182672	8.926905	-0.920703	-0.536401
0.117708	-2.173282	9.015775	-0.957049	-0.564346
0.118524	-2.164052	9.104129	-0.993945	-0.593196
0.119318	-2.154973	9.191953	-1.031380	-0.622957
0.120089	-2.146035	9.279231	-1.069343	-0.653639
0.120838	-2.137229	9.365949	-1.107824	-0.685248
0.121564	-2.128548	9.452093	-1.146811	-0.717793
0.122266	-2.119983	9.537649	-1.186294	-0.751278
0.122946	-2.111527	9.622602	-1.226261	-0.785712
0.123601	-2.102172	9.706938	-1.266699	-0.821098
0.124233	-2.092913	9.790643	-1.307596	-0.857443
0.124840	-2.083753	9.873702	-1.348937	-0.894752
0.125421	-2.074698	9.956103	-1.390709	-0.933030
0.125973	-2.065752	10.037831	-1.432898	-0.972281
0.126497	-2.056920	10.118873	-1.475490	-1.012508
0.126989	-2.047207	10.199214	-1.518469	-1.053715
0.127449	-2.037616	10.278842	-1.561821	-1.095905
0.127875	-2.029152	10.357745	-1.605528	-1.139080
0.128265	-2.018818	10.435908	-1.649575	-1.183242
0.128618	-2.009618	10.513321	-1.693946	-1.228392
0.128932	-2.000555	10.589971	-1.738623	-1.274531
0.129206	-1.990632	10.665845	-1.783589	-1.321659
0.129438	-1.981853	10.740934	-1.828827	-1.369776
0.129625	-1.972220	10.815225	-1.874320	-1.418880
0.129767	-1.962738	10.888709	-1.920049	-1.468970
0.129862	-1.953408	10.961375	-1.965996	-1.520043
0.129908	-1.944235	11.033213	-2.012144	-1.572098
0.129902	-1.934220	11.104215	-2.058474	-1.625129
0.129844	-1.925368	11.174372	-2.104966	-1.679133
0.129732	-1.916681	11.243675	-2.151603	-1.734106
0.129566	-1.907155	11.312118	-2.198367	-1.790040
0.129353	-1.897750	11.379693	-2.245240	-1.846931
0.129105	-1.888420	11.446395	-2.292201	-1.904772
0.128833	-1.879120	11.512217	-2.339233	-1.963555
0.128546	-1.869807	11.577154	-2.386317	-2.023273
0.128256	-1.860440	11.641201	-2.433435	-2.083918
0.127974	-1.850977	11.704354	-2.480569	-2.145482
0.127710	-1.840381	11.766609	-2.527699	-2.207957
0.127475	-1.829614	11.827961	-2.574806	-2.271336
0.127282	-1.819640	11.888407	-2.621871	-2.335610
0.127141	-1.807428	11.947943	-2.668875	-2.400772
0.127064	-1.795945	12.006566	-2.715796	-2.466815
0.127063	-1.784166	12.064272	-2.762614	-2.533733
0.127148	-1.771066	12.121059	-2.809309	-2.601518
0.127333	-1.757625	12.176923	-2.855858	-2.670166
0.127629	-1.743826	12.231860	-2.902239	-2.739670
0.128048	-1.728660	12.285866	-2.948427	-2.810025
0.128603	-1.713119	12.338938	-2.994399	-2.881230
0.129306	-1.697204	12.391071	-3.040127	-2.953278
0.130170	-1.679920	12.442260	-3.085586	-3.026170
0.131201	-1.662304	12.492502	-3.130746	-3.099901
0.132384	-1.644506	12.541790	-3.175578	-3.174472
0.133693	-1.625689	12.590119	-3.220050	-3.249881
0.135104	-1.608005	12.637482	-3.264130	-3.326128
0.136594	-1.589593	12.683875	-3.307785	-3.403213
0.138136	-1.571577	12.729289	-3.350981	-3.481133
0.139703	-1.555069	12.773719	-3.393685	-3.559888
0.141270	-1.538169	12.817157	-3.435863	-3.639475
0.142808	-1.523965	12.859598	-3.477482	-3.719891
0.144292	-1.510540	12.901032	-3.518510	-3.801131
0.145693	-1.498967	12.941453	-3.558918	-3.883188
0.146983	-1.489316	12.980851	-3.598676	-3.966056
0.148136	-1.481657	13.019218	-3.637760	-4.049724
0.149125	-1.477056	13.056544	-3.676147	-4.134183
0.149921	-1.474586	13.092817	-3.713818	-4.219419
0.150500	-1.475322	13.128027	-3.750757	-4.305417
0.150834	-1.478350	13.162161	-3.786955	-4.392162
0.150900	-1.484767	13.195205	-3.822405	-4.479634
0.150672	-1.493686	13.227146	-3.857107	-4.567813
0.150129	-1.505238	13.257970	-3.891065	-4.656676
0.149258	-1.520532	13.287665	-3.924286	-4.746201
0.148082	-1.538504	13.316216	-3.956788	-4.836359
0.146636	-1.559051	13.343611	-3.988589	-4.927123
0.144954	-1.580079	13.369840	-4.019715	-5.018464
0.143068	-1.603493	13.394894	-4.050193	-5.110352
0.141013	-1.628194	13.418765	-4.080053	-5.202757
0.138820	-1.653078	13.441449	-4.109327	-5.295646
0.136520	-1.678026	13.462942	-4.138048	-5.388990
0.134145	-1.703904	13.483246	-4.166252	-5.482758
0.131721	-1.730557	13.502362	-4.193971	-5.576918
0.129276	-1.755808	13.520295	-4.221242	-5.671442
0.126834	-1.781451	13.537049	-4.248097	-5.766300
0.124417	-1.807250	13.552634	-4.274569	-5.861465
0.122044	-1.830936	13.567058	-4.300693	-5.956909
0.119732	-1.854207	13.580332	-4.326496	-6.052606
0.117495	-1.875728	13.592467	-4.352007	-6.148533
0.115345	-1.896126	13.603477	-4.377252	-6.244665
0.113291	-1.913000	13.613374	-4.402254	-6.340982
0.111341	-1.927915	13.622173	-4.427033	-6.437463
0.109502	-1.939409	13.629888	-4.451605	-6.534090
0.107777	-1.947085	13.636532	-4.475982	-6.630845
0.106157	-1.950891	13.642122	-4.500174	-6.727714
0.104630	-1.950877	13.646670	-4.524182	-6.824682
0.103189	-1.947117	13.650192	-4.548008	-6.921739
0.101827	-1.939701	13.652701	-4.571648	-7.018872
0.100541	-1.929737	13.654213	-4.595095	-7.116073
0.099329	-1.916349	13.654743	-4.618339	-7.213332
0.098191	-1.898680	13.654304	-4.641367	-7.310644
0.097127	-1.878886	13.652912	-4.664164	-7.408001
0.096138	-1.856140	13.650582	-4.686711	-7.505398
0.095223	-1.830632	13.647330	-4.708989	-7.602830
0.094384	-1.803563	13.643172	-4.730975	-7.700295
0.093620	-1.773148	13.638124	-4.752647	-7.797788
0.092928	-1.741613	13.632204	-4.773979	-7.895306
0.092307	-1.707191	13.625431	-4.794946	-7.992849
0.091752	-1.672122	13.617822	-4.815520	-8.090413
0.091256	-1.636648	13.609398	-4.835673	-8.187998
0.090811	-1.600010	13.600180	-4.855379	-8.285603
0.090409	-1.563447	13.590187	-4.874610	-8.383227
0.090037	-1.528193	13.579443	-4.893339	-8.480868
0.089684	-1.493447	13.567968	-4.911542	-8.578525
0.089340	-1.460292	13.555785	-4.929194	-8.676198
0.088999	-1.427782	13.542916	-4.946275	-8.773884
0.088651	-1.397963	13.529383	-4.962763	-8.871583
0.088289	-1.369878	13.515207	-4.978641	-8.969291
0.087903	-1.344567	13.500409	-4.993892	-9.067007
0.087485	-1.320063	13.485008	-5.008504	-9.164728
0.087028	-1.298400	13.469024	-5.022463	-9.262450
0.086521	-1.277608	13.452475	-5.035761	-9.360171
0.085957	-1.259717	13.435379	-5.048388	-9.457886
0.085328	-1.243756	13.417753	-5.060339	-9.555592
0.084624	-1.229756	13.399612	-5.071609	-9.653285
0.083838	-1.216748	13.380971	-5.082197	-9.750960
0.082962	-1.205768	13.361844	-5.092102	-9.848613
0.081988	-1.196858	13.342246	-5.101324	-9.946239
0.080908	-1.189065	13.322189	-5.109868	-10.043834
0.079715	-1.182444	13.301686	-5.117739	-10.141392
0.078401	-1.178062	13.280748	-5.124942	-10.238910
0.076961	-1.174002	13.259387	-5.131486	-10.336382
0.075386	-1.172362	13.237614	-5.137383	-10.433805
0.073675	-1.171241	13.215441	-5.142643	-10.531174
0.071836	-1.171670	13.192877	-5.147280	-10.628485
0.069879	-1.173676	13.169935	-5.151311	-10.725734
0.067817	-1.176307	13.146624	-5.154751	-10.822918
0.065662	-1.181627	13.122954	-5.157620	-10.920034
0.063429	-1.187721	13.098936	-5.159938	-11.017079
0.061128	-1.195696	13.074578	-5.161724	-11.114051
0.058776	-1.205682	13.049891	-5.163001	-11.210947
0.056386	-1.217830	13.024883	-5.163791	-11.307766
0.053973	-1.232318	12.999562	-5.164119	-11.404507
0.051552	-1.249347	12.973937	-5.164009	-11.501168
0.049140	-1.268143	12.948015	-5.163485	-11.597748
0.046754	-1.290954	12.921803	-5.162572	-11.694248
0.044409	-1.317045	12.895308	-5.161296	-11.790665
0.042125	-1.345688	12.868536	-5.159683	-11.887002
0.039919	-1.379147	12.841493	-5.157758	-11.983256
0.037810	-1.415660	12.814184	-5.155546	-12.079430
0.035816	-1.457401	12.786615	-5.153072	-12.175523
0.033956	-1.502443	12.758789	-5.150362	-12.271535
0.032247	-1.552708	12.730711	-5.147439	-12.367468
0.030704	-1.605961	12.702384	-5.144327	-12.463321
0.029332	-1.663963	12.673811	-5.141048	-12.559096
0.028137	-1.725343	12.644995	-5.137625	-12.654793
0.027119	-1.788539	12.615939	-5.134078	-12.750413
0.026280	-1.854802	12.586644	-5.130428	-12.845956
0.025614	-1.922223	12.557111	-5.126695	-12.941423
0.025116	-1.989788	12.527343	-5.122896	-13.036814
0.024776	-2.056449	12.497340	-5.119050	-13.132129
0.024580	-2.121199	12.467103	-5.115173	-13.227369
0.024513	-2.183142	12.436632	-5.111283	-13.322534
0.024559	-2.241546	12.405928	-5.107393	-13.417624
0.024701	-2.295861	12.374991	-5.103519	-13.512639
0.024920	-2.345727	12.343820	-5.099674	-13.607579
0.025199	-2.391948	12.312415	-5.095870	-13.702444
0.025524	-2.432471	12.280776	-5.092119	-13.797232
0.025880	-2.469346	12.248901	-5.088432	-13.891945
0.026253	-2.501696	12.216791	-5.084820	-13.986580
0.026632	-2.528691	12.184445	-5.081291	-14.081139
0.027008	-2.552525	12.151861	-5.077853	-14.175619
0.027372	-2.573396	12.119038	-5.074515	-14.270019
0.027717	-2.589527	12.085976	-5.071281	-14.364340
0.028039	-2.602256	12.052672	-5.068158	-14.458580
0.028336	-2.612918	12.019127	-5.065151	-14.552738
0.028607	-2.619822	11.985339	-5.062263	-14.646812
0.028852	-2.625247	11.951306	-5.059497	-14.740802
0.029070	-2.628449	11.917028	-5.056857	-14.834707
0.029264	-2.628664	11.882503	-5.054343	-14.928524
0.029433	-2.628110	11.847730	-5.051956	-15.022253
0.029580	-2.624992	11.812707	-5.049698	-15.115892
0.029707	-2.621504	11.777434	-5.047567	-15.209441
0.029814	-2.615830	11.741909	-5.045564	-15.302896
0.029903	-2.609149	11.706131	-5.043688	-15.396258
0.029978	-2.601635	11.670099	-5.041937	-15.489524
0.030038	-2.593459	11.633811	-5.040309	-15.582694
0.030086	-2.584788	11.597267	-5.038803	-15.675765
0.030122	-2.574791	11.560465	-5.037416	-15.768736
0.030149	-2.565635	11.523404	-5.036146	-15.861607
0.030168	-2.554487	11.486084	-5.034990	-15.954375
0.030178	-2.544514	11.448504	-5.033945	-16.047039
0.030181	-2.533886	11.410662	-5.033009	-16.139597
0.030177	-2.523747	11.372558	-5.032178	-16.232050
0.030166	-2.513132	11.334192	-5.031449	-16.324394
0.030150	-2.504055	11.295562	-5.030820	-16.416630
0.030128	-2.494530	11.256670	-5.030288	-16.508755
0.030101	-2.484570	11.217513	-5.029850	-16.600769
0.030070	-2.476191	11.178093	-5.029504	-16.692671
0.030034	-2.467411	11.138409	-5.029246	-16.784459
0.029995	-2.459246	11.098460	-5.029074	-16.876133
0.029953	-2.451717	11.058248	-5.028985	-16.967691
0.029908	-2.444842	11.017772	-5.028978	-17.059134
0.029862	-2.439642	10.977032	-5.029050	-17.150459
0.029814	-2.434137	10.936029	-5.029200	-17.241666
0.029766	-2.429350	10.894763	-5.029425	-17.332754
0.029718	-2.425301	10.853236	-5.029725	-17.423723
0.029671	-2.423013	10.811446	-5.030098	-17.514572
0.029626	-2.420507	10.769395	-5.030544	-17.605300
0.029583	-2.419805	10.727084	-5.031060	-17.695906
0.029544	-2.419928	10.684513	-5.031648	-17.786390
0.029510	-2.421896	10.641682	-5.032307	-17.876751
0.029481	-2.424729	10.598594	-5.033038	-17.966989
0.029459	-2.428424	10.555248	-5.033841	-18.057103
0.029443	-2.432909	10.511645	-5.034717	-18.147092
0.029433	-2.439089	10.467786	-5.035668	-18.236956
0.029427	-2.445871	10.423673	-5.036694	-18.326694
0.029425	-2.453162	10.379305	-5.037800	-18.416306
0.029425	-2.461871	10.334684	-5.038985	-18.505791
0.029428	-2.470905	10.289812	-5.040253	-18.595149
0.029432	-2.480175	10.244688	-5.041606	-18.684379
0.029436	-2.489592	10.199314	-5.043047	-18.773480
0.029438	-2.500070	10.153691	-5.044578	-18.862454
0.029437	-2.509522	10.107821	-5.046203	-18.951298
0.029433	-2.519866	10.061704	-5.047924	-19.040013
0.029423	-2.530020	10.015343	-5.049743	-19.128597
0.029405	-2.538904	9.968738	-5.051665	-19.217052
0.029379	-2.548439	9.921890	-5.053690	-19.305377
0.029342	-2.557546	9.874802	-5.055821	-19.393571
0.029293	-2.566149	9.827475	-5.058062	-19.481634
0.029229	-2.574171	9.779911	-5.060413	-19.569566
0.029150	-2.581534	9.732111	-5.062877	-19.657368
0.029052	-2.588158	9.684077	-5.065456	-19.745038
0.028935	-2.593981	9.635810	-5.068150	-19.832577
0.028798	-2.599019	9.587314	-5.070962	-19.919986
0.028644	-2.602300	9.538590	-5.073891	-20.007263
0.028473	-2.605853	9.489640	-5.076938	-20.094410
0.028287	-2.607702	9.440466	-5.080103	-20.181427
0.028086	-2.609871	9.391070	-5.083385	-20.268313
0.027872	-2.610380	9.341454	-5.086785	-20.355070
0.027647	-2.611249	9.291621	-5.090302	-20.441697
0.027411	-2.610498	9.241573	-5.093935	-20.528195
0.027166	-2.609143	9.191311	-5.097682	-20.614565
0.026914	-2.607202	9.140838	-5.101543	-20.700807
0.026655	-2.604694	9.090157	-5.105515	-20.786920
0.026393	-2.601635	9.039268	-5.109597	-20.872907
0.026127	-2.598045	8.988175	-5.113788	-20.958767
0.025859	-2.592944	8.936879	-5.118084	-21.044501
0.025591	-2.588352	8.885383	-5.122485	-21.130109
0.025325	-2.582294	8.833687	-5.126987	-21.215592
0.025061	-2.576793	8.781795	-5.131588	-21.300950
0.024802	-2.569879	8.729708	-5.136287	-21.386184
0.024549	-2.562582	8.677428	-5.141079	-21.471295
0.024302	-2.554941	8.624956	-5.145963	-21.556282
0.024064	-2.547018	8.572294	-5.150936	-21.641147
0.023834	-2.538886	8.519444	-5.155996	-21.725889
0.023613	-2.530620	8.466407	-5.161139	-21.810509
0.023401	-2.522300	8.413184	-5.166363	-21.895008
0.023198	-2.514007	8.359777	-5.171665	-21.979386
0.023006	-2.504828	8.306187	-5.177043	-22.063642
0.022824	-2.496852	8.252416	-5.182494	-22.147778
0.022652	-2.489171	8.198463	-5.188016	-22.231794
0.022491	-2.481879	8.144332	-5.193607	-22.315690
0.022341	-2.475073	8.090022	-5.199265	-22.399466
0.022201	-2.468851	8.035535	-5.204987	-22.483123
0.022073	-2.463310	7.980871	-5.210772	-22.566660
0.021955	-2.458551	7.926032	-5.216618	-22.650077
0.021849	-2.455673	7.871019	-5.222525	-22.733376
0.021754	-2.452774	7.815833	-5.228490	-22.816556
0.021670	-2.451952	7.760473	-5.234513	-22.899616
0.021597	-2.452304	7.704943	-5.240595	-22.982558
0.021537	-2.453922	7.649241	-5.246734	-23.065381
0.021489	-2.457896	7.593369	-5.252930	-23.148085
0.021454	-2.462282	7.537328	-5.259185	-23.230670
0.021430	-2.468998	7.481119	-5.265499	-23.313136
0.021417	-2.477928	7.424742	-5.271874	-23.395483
0.021413	-2.486953	7.368198	-5.278311	-23.477710
0.021418	-2.497955	7.311489	-5.284812	-23.559818
0.021431	-2.509812	7.254614	-5.291379	-23.641807
0.021449	-2.522405	7.197576	-5.298015	-23.723676
0.021473	-2.535618	7.140374	-5.304722	-23.805426
0.021500	-2.549335	7.083010	-5.311503	-23.887056
0.021529	-2.563445	7.025485	-5.318361	-23.968566
0.021560	-2.578841	6.967800	-5.325298	-24.049955
0.021589	-2.593418	6.909957	-5.332319	-24.131225
0.021616	-2.608079	6.851955	-5.339425	-24.212375
0.021639	-2.623728	6.793797	-5.346620	-24.293406
0.021656	-2.638278	6.735484	-5.353906	-24.374316
0.021665	-2.652643	6.677018	-5.361288	-24.455107
0.021663	-2.666743	6.618399	-5.368767	-24.535778
0.021649	-2.681501	6.559629	-5.376346	-24.616331
0.021621	-2.694844	6.500710	-5.384028	-24.696764
0.021575	-2.707703	6.441645	-5.391815	-24.777080
0.021511	-2.719032	6.382433	-5.399710	-24.857278
0.021426	-2.730890	6.323078	-5.407714	-24.937358
0.021321	-2.742355	6.263582	-5.415828	-25.017323
0.021196	-2.752510	6.203945	-5.424056	-25.097171
0.021049	-2.763434	6.144171	-5.432396	-25.176906
0.020881	-2.773210	6.084262	-5.440851	-25.256526
0.020692	-2.782921	6.024221	-5.449422	-25.336034
0.020481	-2.792654	5.964048	-5.458108	-25.415431
0.020248	-2.801499	5.903748	-5.466910	-25.494718
0.019994	-2.811552	5.843323	-5.475829	-25.573896
0.019717	-2.821913	5.782775	-5.484865	-25.652968
0.019419	-2.831691	5.722108	-5.494017	-25.731934
0.019099	-2.842006	5.661324	-5.503285	-25.810798
0.018758	-2.852986	5.600427	-5.512670	-25.889560
0.018396	-2.864774	5.539420	-5.522169	-25.968223
0.018014	-2.877531	5.478307	-5.531784	-26.046790
0.017611	-2.890436	5.417091	-5.541512	-26.125263
0.017189	-2.905691	5.355776	-5.551354	-26.203644
0.016749	-2.921527	5.294366	-5.561309	-26.281936
0.016291	-2.939208	5.232865	-5.571375	-26.360143
0.015819	-2.958995	5.171278	-5.581551	-26.438268
0.015339	-2.980012	5.109608	-5.591838	-26.516313
0.014857	-3.004322	5.047861	-5.602233	-26.594282
0.014383	-3.029955	4.986042	-5.612736	-26.672180
0.013922	-3.058892	4.924154	-5.623345	-26.750009
0.013484	-3.089038	4.862203	-5.634060	-26.827773
0.013073	-3.121209	4.800194	-5.644880	-26.905476
0.012698	3.128079	4.738131	-5.655805	-26.983122
0.012364	3.092885	4.676019	-5.666834	-27.060714
0.012075	3.056959	4.613862	-5.677966	-27.138255
0.011838	3.021006	4.551665	-5.689201	-27.215748
0.011653	2.984845	4.489431	-5.700540	-27.293197
0.011525	2.951381	4.427164	-5.711982	-27.370604
0.011455	2.920558	4.364867	-5.723529	-27.447972
0.011442	2.892305	4.302543	-5.735180	-27.525303
0.011488	2.869480	4.240196	-5.746938	-27.602597
0.011592	2.850822	4.177825	-5.758803	-27.679858
0.011754	2.837914	4.115434	-5.770776	-27.757085
0.011976	2.831156	4.053024	-5.782861	-27.834278
0.012260	2.829753	3.990593	-5.795059	-27.911438
0.012607	2.834547	3.928143	-5.807373	-27.988564
0.013014	2.844578	3.865673	-5.819806	-28.065653
0.013475	2.858717	3.803180	-5.832362	-28.142705
0.013986	2.875896	3.740662	-5.845044	-28.219717
0.014542	2.894152	3.678118	-5.857856	-28.296685
0.015137	2.913650	3.615544	-5.870802	-28.373606
0.015766	2.933689	3.552936	-5.883888	-28.450476
0.016423	2.954699	3.490292	-5.897116	-28.527292
0.017100	2.973229	3.427607	-5.910492	-28.604050
0.017790	2.991935	3.364878	-5.924021	-28.680744
0.018486	3.009556	3.302099	-5.937707	-28.757370
0.019177	3.025907	3.239269	-5.951555	-28.833924
0.019857	3.040855	3.176381	-5.965569	-28.910401
0.020516	3.054304	3.113433	-5.979754	-28.986797
0.021144	3.066191	3.050421	-5.994113	-29.063107
0.021732	3.077465	2.987341	-6.008652	-29.139328
0.022272	3.086085	2.924190	-6.023374	-29.215454
0.022754	3.093007	2.860965	-6.038281	-29.291483
0.023168	3.099180	2.797664	-6.053378	-29.367410
0.023505	3.103537	2.734284	-6.068666	-29.443235
0.023759	3.106047	2.670825	-6.084148	-29.518953
0.023931	3.106880	2.607285	-6.099826	-29.594562
0.024023	3.106224	2.543664	-6.115701	-29.670063
0.024040	3.105232	2.479962	-6.131774	-29.745454
0.023986	3.103032	2.416179	-6.148044	-29.820734
0.023863	3.099733	2.352317	-6.164511	-29.895903
0.023677	3.094427	2.288377	-6.181176	-29.970963
0.023431	3.089197	2.224361	-6.198036	-30.045913
0.023129	3.084118	2.160270	-6.215091	-30.120757
0.022774	3.077258	2.096107	-6.232338	-30.195494
0.022371	3.069686	2.031874	-6.249776	-30.270127
0.021923	3.061469	1.967574	-6.267401	-30.344658
0.021433	3.052680	1.903211	-6.285210	-30.419090
0.020906	3.044394	1.838786	-6.303202	-30.493425
0.020345	3.034697	1.774303	-6.321371	-30.567667
0.019753	3.024688	1.709766	-6.339713	-30.641819
0.019133	3.014481	1.645177	-6.358226	-30.715884
0.018489	3.005209	1.580540	-6.376904	-30.789865
0.017823	2.995035	1.515858	-6.395742	-30.863766
0.017138	2.985150	1.451134	-6.414736	-30.937590
0.016437	2.974739	1.386372	-6.433880	-31.011342
0.015721	2.965807	1.321573	-6.453168	-31.085024
0.014994	2.957313	1.256741	-6.472595	-31.158640
0.014257	2.949219	1.191879	-6.492156	-31.232195
0.013513	2.940483	1.126988	-6.511843	-31.305691
0.012764	2.933066	1.062072	-6.531651	-31.379131
0.012013	2.924926	0.997133	-6.551573	-31.452521
0.011262	2.918015	0.932172	-6.571604	-31.525862
0.010515	2.910285	0.867193	-6.591736	-31.599158
0.009772	2.902677	0.802196	-6.611963	-31.672413
0.009038	2.896122	0.737183	-6.632278	-31.745629
0.008315	2.888538	0.672157	-6.652676	-31.818811
0.007606	2.881820	0.607119	-6.673150	-31.891960
0.006913	2.873837	0.542070	-6.693693	-31.965081
0.006238	2.866414	0.477012	-6.714299	-32.038175
0.005586	2.857316	0.411946	-6.734963	-32.111246
0.004958	2.848222	0.346873	-6.755678	-32.184297
0.004357	2.837680	0.281794	-6.776439	-32.257329
0.003787	2.824039	0.216711	-6.797241	-32.330346
0.003250	2.808344	0.151625	-6.818078	-32.403350
0.002749	2.788178	0.086535	-6.838945	-32.476343
0.002284	2.761394	0.021444	-6.859838	-32.549326
0.001855	2.725385	-0.043648	-6.880753	-32.622303
0.001462	2.671598	-0.108741	-6.901686	-32.695274
0.001107	2.588031	-0.173833	-6.922632	-32.768241
0.000795	2.446145	-0.238925	-6.943590	-32.841206
0.000543	2.179775	-0.304015	-6.964555	-32.914170
0.000391	1.669884	-0.369102	-6.985525	-32.987134
0.000397	1.030537	-0.434188	-7.006498	-33.060100
0.000516	0.620801	-0.499270	-7.027471	-33.133069
0.000665	0.414605	-0.564349	-7.048442	-33.206041
0.000809	0.306675	-0.629424	-7.069411	-33.279018
0.000936	0.245681	-0.694495	-7.090374	-33.351999
0.001044	0.211591	-0.759561	-7.111332	-33.424986
0.001131	0.195721	-0.824623	-7.132282	-33.497980
0.001198	0.191330	-0.889679	-7.153226	-33.570980
0.001243	0.197123	-0.954730	-7.174161	-33.643987
0.001270	0.212184	-1.019776	-7.195088	-33.717002
0.001278	0.236512	-1.084815	-7.216006	-33.790024
0.001271	0.270821	-1.149849	-7.236917	-33.863054
0.001249	0.316327	-1.214876	-7.257820	-33.936092
0.001216	0.373206	-1.279896	-7.278715	-34.009138
0.001175	0.444895	-1.344910	-7.299604	-34.082192
0.001131	0.531012	-1.409917	-7.320488	-34.155253
0.001088	0.634943	-1.474917	-7.341367	-34.228322
0.001052	0.755150	-1.539910	-7.362243	-34.301398
0.001029	0.892239	-1.604895	-7.383117	-34.374482
0.001023	1.040169	-1.669872	-7.403991	-34.447572
0.001038	1.193301	-1.734842	-7.424865	-34.520669
0.001075	1.344748	-1.799804	-7.445742	-34.593773
0.001134	1.485491	-1.864758	-7.466623	-34.666882
0.001213	1.611973	-1.929704	-7.487510	-34.739997
0.001306	1.723405	-1.994642	-7.508404	-34.813117
0.001410	1.818096	-2.059571	-7.529307	-34.886241
0.001520	1.899519	-2.124492	-7.550221	-34.959370
0.001633	1.967584	-2.189405	-7.571146	-35.032503
0.001745	2.026201	-2.254310	-7.592086	-35.105639
0.001854	2.076085	-2.319206	-7.613040	-35.178779
0.001956	2.118686	-2.384094	-7.634011	-35.251921
0.002049	2.155196	-2.448974	-7.655000	-35.325065
0.002130	2.186633	-2.513846	-7.676007	-35.398211
0.002200	2.214018	-2.578710	-7.697034	-35.471359
0.002258	2.239170	-2.643566	-7.718081	-35.544507
0.002304	2.260706	-2.708414	-7.739150	-35.617656
0.002338	2.281104	-2.773255	-7.760240	-35.690805
0.002360	2.299734	-2.838089	-7.781353	-35.763955
0.002371	2.315888	-2.902916	-7.802488	-35.837104
0.002371	2.331802	-2.967736	-7.823646	-35.910253
0.002359	2.346663	-3.032549	-7.844827	-35.983401
0.002337	2.360625	-3.097356	-7.866030	-36.056547
0.002305	2.373815	-3.162157	-7.887256	-36.129693
0.002262	2.386335	-3.226953	-7.908505	-36.202837
0.002210	2.398273	-3.291743	-7.929775	-36.275979
0.002148	2.409699	-3.356528	-7.951067	-36.349120
0.002077	2.420672	-3.421309	-7.972379	-36.422259
0.001997	2.431239	-3.486085	-7.993712	-36.495395
0.001908	2.441439	-3.550857	-8.015064	-36.568530
0.001812	2.451299	-3.615625	-8.036435	-36.641663
0.001707	2.460837	-3.680389	-8.057823	-36.714793
0.001595	2.470059	-3.745151	-8.079228	-36.787922
0.001476	2.478015	-3.809910	-8.100649	-36.861048
0.001350	2.487017	-3.874666	-8.122084	-36.934172
0.001219	2.495557	-3.939420	-8.143532	-37.007295
0.001082	2.506359	-4.004172	-8.164992	-37.080415
0.000942	2.518574	-4.068923	-8.186463	-37.153534
0.000797	2.535190	-4.133672	-8.207943	-37.226652
0.000651	2.561005	-4.198420	-8.229431	-37.299768
0.000502	2.602328	-4.263168	-8.250925	-37.372883
0.000354	2.682271	-4.327915	-8.272424	-37.445996
0.000212	2.882675	-4.392662	-8.293926	-37.519109
0.000105	-2.646657	-4.457409	-8.315430	-37.592221
0.000157	-1.462147	-4.522157	-8.336935	-37.665332
0.000291	-1.131493	-4.586906	-8.358439	-37.738443
0.000436	-1.022878	-4.651657	-8.379940	-37.811553
0.000582	-0.977335	-4.716409	-8.401437	-37.884663
0.000727	-0.956419	-4.781164	-8.422929	-37.957772
0.000870	-0.948988	-4.845921	-8.444414	-38.030881
0.001009	-0.949945	-4.910681	-8.465891	-38.103989
0.001145	-0.956828	-4.975446	-8.487359	-38.177096
0.001277	-0.968343	-5.040214	-8.508817	-38.250203
0.001404	-0.982623	-5.104988	-8.530262	-38.323309
0.001527	-1.000597	-5.169767	-8.551695	-38.396414
0.001644	-1.019464	-5.234552	-8.573114	-38.469517
0.001755	-1.040715	-5.299344	-8.594517	-38.542619
0.001860	-1.062028	-5.364144	-8.615906	-38.615719
0.001957	-1.084213	-5.428952	-8.637278	-38.688816
0.002046	-1.107177	-5.493769	-8.658632	-38.761910
0.002126	-1.130900	-5.558596	-8.679969	-38.835000
0.002197	-1.155422	-5.623433	-8.701288	-38.908087
0.002257	-1.180841	-5.688281	-8.722588	-38.981170
0.002307	-1.207310	-5.753140	-8.743870	-39.054247
0.002345	-1.235039	-5.818012	-8.765132	-39.127320
0.002370	-1.264304	-5.882897	-8.786376	-39.200386
0.002383	-1.295459	-5.947794	-8.807602	-39.273446
0.002382	-1.328955	-6.012706	-8.828809	-39.346500
0.002367	-1.366366	-6.077631	-8.849998	-39.419545
0.002337	-1.406428	-6.142571	-8.871170	-39.492584
0.002294	-1.452085	-6.207526	-8.892326	-39.565613
0.002237	-1.502566	-6.272495	-8.913467	-39.638634
0.002166	-1.561469	-6.337479	-8.934593	-39.711646
0.002084	-1.629716	-6.402478	-8.955708	-39.784648
0.001996	-1.708975	-6.467492	-8.976811	-39.857641
0.001906	-1.800761	-6.532520	-8.997905	-39.930623
0.001822	-1.907255	-6.597563	-9.018992	-40.003595
0.001750	-2.026819	-6.662619	-9.040074	-40.076555
0.001696	-2.160368	-6.727688	-9.061153	-40.149505
0.001667	-2.302873	-6.792770	-9.082231	-40.222444
0.001667	-2.451379	-6.857865	-9.103311	-40.295371
0.001696	-2.598853	-6.922970	-9.124395	-40.368287
0.001754	-2.738586	-6.988087	-9.145486	-40.441191
0.001836	-2.868426	-7.053213	-9.166585	-40.514084
0.001936	-2.985259	-7.118349	-9.187696	-40.586966
0.002049	-3.087752	-7.183492	-9.208820	-40.659836
0.002169	3.104426	-7.248643	-9.229960	-40.732695
0.002289	3.025443	-7.313801	-9.251117	-40.805544
0.002405	2.954822	-7.378964	-9.272294	-40.878382
0.002511	2.892920	-7.444132	-9.293492	-40.951209
0.002604	2.836215	-7.509303	-9.314712	-41.024027
0.002680	2.785327	-7.574477	-9.335957	-41.096835
0.002735	2.737989	-7.639652	-9.357228	-41.169634
0.002768	2.692976	-7.704829	-9.378524	-41.242425
0.002779	2.650056	-7.770005	-9.399847	-41.315209
0.002772	2.606209	-7.835180	-9.421197	-41.387986
0.002748	2.562617	-7.900352	-9.442573	-41.460756
0.002713	2.516617	-7.965522	-9.463977	-41.533521
0.002668	2.469692	-8.030688	-9.485407	-41.606282
0.002617	2.420475	-8.095850	-9.506863	-41.679040
0.002564	2.368779	-8.161006	-9.528345	-41.751795
0.002511	2.314638	-8.226155	-9.549851	-41.824548
0.002461	2.258346	-8.291297	-9.571381	-41.897301
0.002419	2.200504	-8.356431	-9.592935	-41.970054
0.002385	2.142037	-8.421556	-9.614511	-42.042808
0.002363	2.084175	-8.486672	-9.636108	-42.115565
0.002353	2.028391	-8.551777	-9.657727	-42.188325
0.002356	1.976301	-8.616871	-9.679366	-42.261088
0.002374	1.929529	-8.681953	-9.701025	-42.333857
0.002404	1.889584	-8.747022	-9.722703	-42.406631
0.002449	1.856754	-8.812078	-9.744400	-42.479411
0.002506	1.834038	-8.877120	-9.766116	-42.552199
0.002576	1.820114	-8.942147	-9.787851	-42.624993
0.002659	1.817051	-9.007159	-9.809605	-42.697795
0.002753	1.821539	-9.072156	-9.831380	-42.770606
0.002857	1.832959	-9.137136	-9.853174	-42.843424
0.002969	1.849786	-9.202100	-9.874991	-42.916251
0.003088	1.870645	-9.267047	-9.896830	-42.989087
0.003213	1.893339	-9.331976	-9.918694	-43.061931
0.003342	1.918850	-9.396887	-9.940583	-43.134783
0.003474	1.944339	-9.461780	-9.962498	-43.207643
0.003608	1.971130	-9.526656	-9.984443	-43.280510
0.003741	1.996689	-9.591512	-10.006417	-43.353385
0.003871	2.021606	-9.656350	-10.028423	-43.426267
0.003998	2.045573	-9.721169	-10.050463	-43.499156
0.004117	2.068363	-9.785970	-10.072537	-43.572050
0.004226	2.089811	-9.850752	-10.094647	-43.644951
0.004324	2.109799	-9.915515	-10.116795	-43.717856
0.004408	2.128238	-9.980259	-10.138982	-43.790767
0.004474	2.145056	-10.044985	-10.161208	-43.863682
0.004521	2.160187	-10.109693	-10.183475	-43.936600
0.004546	2.174557	-10.174382	-10.205784	-44.009522
0.004545	2.186071	-10.239054	-10.228134	-44.082447
0.004517	2.195682	-10.303709	-10.250526	-44.155374
0.004464	2.203607	-10.368346	-10.272960	-44.228304
0.004387	2.210085	-10.432967	-10.295435	-44.301235
0.004289	2.215308	-10.497572	-10.317951	-44.374169
0.004172	2.220434	-10.562161	-10.340507	-44.447104
0.004038	2.223600	-10.626735	-10.363102	-44.520040
0.003890	2.225926	-10.691295	-10.385734	-44.592977
0.003729	2.228531	-10.755840	-10.408403	-44.665915
0.003558	2.230532	-10.820373	-10.431106	-44.738855
0.003380	2.231060	-10.884892	-10.453843	-44.811795
0.003196	2.232269	-10.949400	-10.476612	-44.884736
0.003010	2.233346	-11.013896	-10.499410	-44.957677
0.002823	2.234531	-11.078382	-10.522236	-45.030620
0.002638	2.237133	-11.142858	-10.545089	-45.103562
0.002456	2.239554	-11.207324	-10.567967	-45.176506
0.002281	2.244318	-11.271782	-10.590867	-45.249449
0.002115	2.250095	-11.336232	-10.613789	-45.322393
0.001959	2.259719	-11.400674	-10.636731	-45.395337
0.001817	2.273188	-11.465110	-10.659691	-45.468281
0.001691	2.292615	-11.529540	-10.682669	-45.541225
0.001583	2.316923	-11.593965	-10.705662	-45.614169
0.001493	2.348081	-11.658385	-10.728670	-45.687112
0.001419	2.384481	-11.722801	-10.751693	-45.760054
0.001360	2.425107	-11.787213	-10.774730	-45.832995
0.001316	2.468590	-11.851622	-10.797780	-45.905935
0.001284	2.514341	-11.916029	-10.820842	-45.978872
0.001263	2.558712	-11.980434	-10.843917	-46.051808
0.001251	2.602168	-12.044837	-10.867004	-46.124741
0.001246	2.642412	-12.109240	-10.890104	-46.197671
0.001244	2.678446	-12.173641	-10.913215	-46.270597
0.001245	2.709564	-12.238042	-10.936339	-46.343521
0.001246	2.735292	-12.302444	-10.959474	-46.416440
0.001243	2.755303	-12.366845	-10.982621	-46.489356
0.001237	2.769315	-12.431246	-11.005780	-46.562268
0.001223	2.776979	-12.495648	-11.028950	-46.635175
0.001201	2.777755	-12.560051	-11.052132	-46.708079
0.001168	2.770760	-12.624454	-11.075326	-46.780978
0.001123	2.754542	-12.688858	-11.098530	-46.853874
0.001066	2.726723	-12.753262	-11.121745	-46.926766
0.000995	2.682384	-12.817666	-11.144970	-46.999654
0.000911	2.617527	-12.882070	-11.168204	-47.072540
0.000819	2.522673	-12.946473	-11.191448	-47.145423
0.000724	2.387663	-13.010874	-11.214699	-47.218306
0.000637	2.197059	-13.075274	-11.237957	-47.291187
0.000574	1.937109	-13.139672	-11.261222	-47.364069
0.000552	1.616290	-13.204067	-11.284490	-47.436952
0.000587	1.283957	-13.268457	-11.307763	-47.509837
0.000675	0.997412	-13.332844	-11.331037	-47.582725
0.000805	0.775867	-13.397225	-11.354311	-47.655618
0.000962	0.608753	-13.461600	-11.377584	-47.728517
0.001137	0.480657	-13.525969	-11.400854	-47.801422
0.001324	0.376626	-13.590332	-11.424120	-47.874334
0.001519	0.288892	-13.654687	-11.447378	-47.947256
0.001721	0.212711	-13.719034	-11.470627	-48.020187
0.001927	0.142286	-13.783374	-11.493865	-48.093128
0.002138	0.077062	-13.847705	-11.517089	-48.166080
0.002354	0.015288	-13.912029	-11.540298	-48.239045
0.002574	-0.046250	-13.976345	-11.563488	-48.312022
0.002801	-0.106381	-14.040654	-11.586657	-48.385012
0.003036	-0.166655	-14.104957	-11.609803	-48.458016
0.003280	-0.226163	-14.169253	-11.632922	-48.531033
0.003538	-0.284996	-14.233544	-11.656012	-48.604064
0.003812	-0.342159	-14.297832	-11.679069	-48.677108
0.004103	-0.395850	-14.362117	-11.702090	-48.750166
0.004413	-0.446463	-14.426401	-11.725073	-48.823237
0.004742	-0.493583	-14.490687	-11.748014	-48.896320
0.005090	-0.536961	-14.554974	-11.770908	-48.969416
0.005455	-0.575491	-14.619266	-11.793754	-49.042523
0.005838	-0.610176	-14.683564	-11.816546	-49.115642
0.006235	-0.641102	-14.747870	-11.839281	-49.188771
0.006647	-0.668408	-14.812186	-11.861956	-49.261910
0.007069	-0.691266	-14.876514	-11.884566	-49.335058
0.007502	-0.711867	-14.940857	-11.907107	-49.408215
0.007942	-0.728406	-15.005215	-11.929576	-49.481380
0.008388	-0.743074	-15.069591	-11.951967	-49.554554
0.008837	-0.754051	-15.133987	-11.974278	-49.627735
0.009287	-0.763506	-15.198405	-11.996503	-49.700922
0.009736	-0.769590	-15.262845	-12.018638	-49.774117
0.010183	-0.774439	-15.327311	-12.040679	-49.847319
0.010624	-0.777171	-15.391802	-12.062622	-49.920527
0.011058	-0.777926	-15.456320	-12.084462	-49.993741
0.011485	-0.776962	-15.520867	-12.106196	-50.066963
0.011906	-0.774530	-15.585443	-12.127819	-50.140191
0.012319	-0.771839	-15.650049	-12.149327	-50.213426
0.012725	-0.767067	-15.714686	-12.170717	-50.286670
0.013125	-0.762366	-15.779355	-12.191983	-50.359921
0.013519	-0.755867	-15.844055	-12.213121	-50.433182
0.013908	-0.749681	-15.908787	-12.234129	-50.506451
0.014291	-0.741909	-15.973551	-12.255002	-50.579732
0.014669	-0.733637	-16.038347	-12.275736	-50.653023
0.015042	-0.725942	-16.103175	-12.296328	-50.726326
0.015412	-0.716893	-16.168034	-12.316773	-50.799642
0.015778	-0.707552	-16.232925	-12.337068	-50.872972
0.016141	-0.697975	-16.297846	-12.357208	-50.946318
0.016502	-0.687212	-16.362798	-12.377191	-51.019680
0.016860	-0.676309	-16.427779	-12.397013	-51.093060
0.017216	-0.665308	-16.492789	-12.416669	-51.166459
0.017571	-0.653248	-16.557826	-12.436157	-51.239878
0.017925	-0.641166	-16.622889	-12.455473	-51.313320
0.018279	-0.628094	-16.687977	-12.474612	-51.386786
0.000000	0.000000	-16.687977	-12.474612	-51.386786
