0.050760	-0.840013	0.000000	0.000000	0.000000
0.046640	-0.788670	0.099999	0.000339	-0.000378
0.042654	-0.728763	0.199994	0.001006	-0.001087
0.038846	-0.658616	0.299984	0.001992	-0.002080
0.035263	-0.576265	0.399968	0.003285	-0.003310
0.031963	-0.479548	0.499946	0.004873	-0.004733
0.029010	-0.367378	0.599916	0.006745	-0.006303
0.026474	-0.236296	0.699879	0.008888	-0.007977
0.024426	-0.088366	0.799835	0.011288	-0.009713
0.022922	0.074801	0.899784	0.013931	-0.011471
0.021985	0.247560	0.999728	0.016803	-0.013211
0.021593	0.422073	1.099666	0.019888	-0.014898
0.021676	0.590451	1.199600	0.023169	-0.016496
0.022125	0.746959	1.299529	0.026631	-0.017973
0.022819	0.887960	1.399454	0.030255	-0.019300
0.023641	1.014514	1.499377	0.034023	-0.020450
0.024492	1.129374	1.599296	0.037915	-0.021399
0.025289	1.233100	1.699214	0.041912	-0.022126
0.025969	1.329505	1.799129	0.045993	-0.022615
0.026488	1.421417	1.899043	0.050135	-0.022852
0.026814	1.511631	1.998956	0.054317	-0.022826
0.026940	1.602859	2.098867	0.058515	-0.022533
0.026907	1.697303	2.198778	0.062703	-0.021971
0.026772	1.795640	2.298688	0.066858	-0.021142
0.026602	1.901032	2.398598	0.070953	-0.020052
0.026470	2.011991	2.498509	0.074961	-0.018710
0.026452	2.130195	2.598420	0.078856	-0.017129
0.026619	2.252350	2.698333	0.082610	-0.015324
0.027036	2.378203	2.798249	0.086197	-0.013313
0.027748	2.502793	2.898167	0.089588	-0.011114
0.028780	2.623923	2.998089	0.092757	-0.008751
0.030133	2.739705	3.098015	0.095675	-0.006245
0.031787	2.845974	3.197946	0.098316	-0.003621
0.033707	2.942446	3.297881	0.100652	-0.000906
0.035850	3.028662	3.397823	0.102658	0.001876
0.038163	3.105779	3.497769	0.104308	0.004698
0.040598	-3.110838	3.597721	0.105577	0.007534
0.043103	-3.053073	3.697677	0.106440	0.010356
0.045632	-3.003306	3.797638	0.106873	0.013140
0.048140	-2.959765	3.897601	0.106855	0.015860
0.050584	-2.923752	3.997565	0.106363	0.018492
0.052931	-2.893554	4.097528	0.105378	0.021014
0.055165	-2.867143	4.197488	0.103880	0.023406
0.057281	-2.845601	4.297443	0.101851	0.025646
0.059277	-2.827194	4.397388	0.099275	0.027719
0.061154	-2.811328	4.497321	0.096135	0.029607
0.062917	-2.796517	4.597237	0.092418	0.031295
0.064568	-2.784356	4.697134	0.088109	0.032769
0.066115	-2.773507	4.797005	0.083197	0.034016
0.067563	-2.762677	4.896847	0.077669	0.035024
0.068922	-2.753613	4.996655	0.071515	0.035779
0.070197	-2.745094	5.096423	0.064725	0.036273
0.071398	-2.735920	5.196146	0.057290	0.036493
0.072534	-2.727912	5.295818	0.049201	0.036430
0.073613	-2.718906	5.395434	0.040452	0.036073
0.074645	-2.710753	5.494987	0.031035	0.035413
0.075640	-2.701314	5.594472	0.020944	0.034439
0.076606	-2.692458	5.693882	0.010173	0.033141
0.077555	-2.682069	5.793210	-0.001281	0.031509
0.078498	-2.672035	5.892450	-0.013425	0.029531
0.079445	-2.660255	5.991596	-0.026261	0.027196
0.080406	-2.647669	6.090639	-0.039793	0.024492
0.081383	-2.635334	6.189573	-0.054024	0.021406
0.082377	-2.621334	6.288391	-0.068957	0.017924
0.083388	-2.606749	6.387084	-0.084593	0.014032
0.084416	-2.591657	6.485645	-0.100934	0.009714
0.085460	-2.577130	6.584066	-0.117981	0.004955
0.086521	-2.561238	6.682340	-0.135734	-0.000261
0.087599	-2.546047	6.780456	-0.154194	-0.005951
0.088692	-2.529619	6.878407	-0.173362	-0.012131
0.089799	-2.514012	6.976184	-0.193235	-0.018819
0.090920	-2.497281	7.073778	-0.213813	-0.026033
0.092054	-2.481477	7.171179	-0.235094	-0.033789
0.093197	-2.465648	7.268377	-0.257076	-0.042107
0.094349	-2.448837	7.365364	-0.279757	-0.051003
0.095508	-2.433084	7.462129	-0.303134	-0.060497
0.096671	-2.418428	7.558661	-0.327204	-0.070607
0.097836	-2.402901	7.654950	-0.351963	-0.081348
0.099000	-2.387534	7.750986	-0.377407	-0.092741
0.100160	-2.373355	7.846756	-0.403531	-0.104802
0.101313	-2.358388	7.942251	-0.430333	-0.117548
0.102456	-2.344653	8.037458	-0.457805	-0.130996
0.103589	-2.331149	8.132366	-0.485942	-0.145164
0.104710	-2.317875	8.226963	-0.514740	-0.160067
0.105819	-2.304827	8.321237	-0.544192	-0.175721
0.106916	-2.292004	8.415175	-0.574291	-0.192142
0.108000	-2.280403	8.508765	-0.605032	-0.209344
0.109070	-2.268021	8.601994	-0.636407	-0.227342
0.110125	-2.255857	8.694850	-0.668409	-0.246151
0.111166	-2.244908	8.787318	-0.701029	-0.265784
0.112190	-2.233171	8.879386	-0.734262	-0.286255
0.113197	-2.222646	8.971041	-0.768097	-0.307577
0.114187	-2.211329	9.062268	-0.802526	-0.329763
0.115159	-2.200219	9.153054	-0.837542	-0.352824
0.116111	-2.189314	9.243386	-0.873132	-0.376772
0.117044	-2.178612	9.333249	-0.909288	-0.401620
0.117956	-2.168112	9.422629	-0.945999	-0.427378
0.118846	-2.157811	9.511512	-0.983255	-0.454058
0.119713	-2.147708	9.599884	-1.021044	-0.481668
0.120557	-2.137801	9.687731	-1.059355	-0.510219
0.121377	-2.127088	9.775039	-1.098176	-0.539720
0.122171	-2.116569	9.861793	-1.137495	-0.570179
0.122939	-2.106245	9.947979	-1.177297	-0.601606
0.123677	-2.096115	10.033584	-1.217571	-0.634008
0.124384	-2.086180	10.118593	-1.258302	-0.667393
0.125058	-2.076441	10.202991	-1.299475	-0.701767
0.125697	-2.065897	10.286766	-1.341077	-0.737137
0.126298	-2.055549	10.369904	-1.383093	-0.773508
0.126861	-2.046396	10.452390	-1.425505	-0.810886
0.127383	-2.035438	10.534213	-1.468300	-0.849275
0.127862	-2.025675	10.615358	-1.511460	-0.888679
0.128295	-2.016106	10.695813	-1.554969	-0.929102
0.128682	-2.005731	10.775565	-1.598810	-0.970545
0.129019	-1.996549	10.854603	-1.642965	-1.013011
0.129305	-1.986560	10.932914	-1.687418	-1.056501
0.129537	-1.976764	11.010486	-1.732151	-1.101014
0.129714	-1.967160	11.087310	-1.777145	-1.146552
0.129833	-1.957748	11.163373	-1.822383	-1.193112
0.129893	-1.947529	11.238667	-1.867846	-1.240693
0.129891	-1.938502	11.313181	-1.913516	-1.289293
0.129825	-1.929669	11.386907	-1.959374	-1.338907
0.129695	-1.920019	11.459835	-2.005403	-1.389531
0.129512	-1.910511	11.531958	-2.051583	-1.441161
0.129285	-1.901095	11.603269	-2.097895	-1.493791
0.129029	-1.891721	11.673761	-2.144322	-1.547414
0.128754	-1.882344	11.743427	-2.190844	-1.602025
0.128473	-1.872918	11.812262	-2.237443	-1.657615
0.128198	-1.863401	11.880260	-2.284101	-1.714179
0.127941	-1.852751	11.947415	-2.330798	-1.771708
0.127715	-1.841929	12.013723	-2.377514	-1.830195
0.127534	-1.831897	12.079179	-2.424231	-1.889634
0.127408	-1.819621	12.143779	-2.470929	-1.950018
0.127352	-1.808069	12.207518	-2.517587	-2.011340
0.127379	-1.796212	12.270392	-2.564184	-2.073594
0.127501	-1.783027	12.332395	-2.610699	-2.136776
0.127732	-1.769493	12.393525	-2.657109	-2.200879
0.128086	-1.755594	12.453775	-2.703393	-2.265900
0.128577	-1.740321	12.513140	-2.749526	-2.331836
0.129217	-1.724670	12.571616	-2.795482	-2.398683
0.130021	-1.708642	12.629198	-2.841237	-2.466440
0.131003	-1.691246	12.685878	-2.886761	-2.535105
0.132172	-1.673526	12.741650	-2.932026	-2.604678
0.133508	-1.655633	12.796507	-2.977002	-2.675161
0.134986	-1.636738	12.850442	-3.021657	-2.746554
0.136582	-1.618996	12.903447	-3.065958	-2.818859
0.138267	-1.600548	12.955513	-3.109870	-2.892076
0.140015	-1.582518	13.006632	-3.153361	-2.966208
0.141797	-1.566017	13.056794	-3.196394	-3.041254
0.143586	-1.549145	13.105990	-3.238935	-3.117215
0.145353	-1.534987	13.154211	-3.280949	-3.194088
0.147068	-1.521622	13.201446	-3.322405	-3.271871
0.148702	-1.510120	13.247684	-3.363270	-3.350561
0.150227	-1.500546	13.292914	-3.403515	-3.430151
0.151613	-1.492966	13.337125	-3.443113	-3.510633
0.152832	-1.488441	13.380302	-3.482040	-3.592000
0.153854	-1.486038	13.422431	-3.520275	-3.674238
0.154652	-1.486828	13.463499	-3.557802	-3.757335
0.155199	-1.489890	13.503489	-3.594610	-3.841276
0.155467	-1.496314	13.542384	-3.630690	-3.926043
0.155431	-1.505207	13.580168	-3.666041	-4.011616
0.155067	-1.516692	13.616823	-3.700665	-4.097972
0.154361	-1.531870	13.652334	-3.734571	-4.185090
0.153338	-1.549671	13.686683	-3.767773	-4.272940
0.152031	-1.569989	13.719856	-3.800290	-4.361497
0.150474	-1.590725	13.751837	-3.832147	-4.450728
0.148703	-1.613780	13.782616	-3.863369	-4.540605
0.146749	-1.638054	13.812183	-3.893987	-4.631095
0.144647	-1.662438	13.840530	-3.924031	-4.722165
0.142427	-1.686812	13.867652	-3.953536	-4.813783
0.140121	-1.712042	13.893547	-3.982534	-4.905917
0.137756	-1.737975	13.918215	-4.011058	-4.998533
0.135360	-1.762435	13.941657	-4.039144	-5.091601
0.132957	-1.787221	13.963878	-4.066824	-5.185089
0.130570	-1.812106	13.984884	-4.094131	-5.278967
0.128219	-1.834831	14.004682	-4.121097	-5.373206
0.125922	-1.857106	14.023283	-4.147749	-5.467777
0.123692	-1.877613	14.040695	-4.174117	-5.562653
0.121544	-1.896998	14.056931	-4.200224	-5.657810
0.119487	-1.912879	14.072003	-4.226094	-5.753223
0.117531	-1.926847	14.085924	-4.251745	-5.848869
0.115684	-1.937467	14.098707	-4.277192	-5.944729
0.113951	-1.944367	14.110366	-4.302447	-6.040782
0.112324	-1.947505	14.120914	-4.327516	-6.137012
0.110792	-1.946940	14.130366	-4.352404	-6.233404
0.109348	-1.942749	14.138735	-4.377108	-6.329942
0.107989	-1.935028	14.146036	-4.401624	-6.426615
0.106711	-1.924888	14.152282	-4.425943	-6.523412
0.105513	-1.911457	14.157487	-4.450055	-6.620322
0.104395	-1.893880	14.161666	-4.473945	-6.717336
0.103358	-1.874315	14.164834	-4.497596	-6.814447
0.102403	-1.851937	14.167005	-4.520989	-6.911649
0.101531	-1.826935	14.168194	-4.544101	-7.008934
0.100742	-1.800513	14.168418	-4.566911	-7.106297
0.100036	-1.770883	14.167691	-4.589393	-7.203735
0.099412	-1.740270	14.166033	-4.611519	-7.301242
0.098866	-1.706906	14.163459	-4.633264	-7.398815
0.098395	-1.673027	14.159988	-4.654596	-7.496452
0.097991	-1.638870	14.155640	-4.675487	-7.594148
0.097648	-1.603675	14.150434	-4.695909	-7.691902
0.097356	-1.568674	14.144391	-4.715831	-7.789711
0.097104	-1.535096	14.137531	-4.735225	-7.887573
0.096879	-1.502135	14.129876	-4.754064	-7.985483
0.096672	-1.470868	14.121447	-4.772323	-8.083440
0.096472	-1.440337	14.112264	-4.789977	-8.181440
0.096270	-1.412579	14.102349	-4.807006	-8.279480
0.096056	-1.386623	14.091721	-4.823387	-8.377555
0.095820	-1.363499	14.080400	-4.839104	-8.475661
0.095552	-1.341227	14.068404	-4.854142	-8.573793
0.095243	-1.321829	14.055751	-4.868487	-8.671947
0.094883	-1.303322	14.042458	-4.882126	-8.770116
0.094462	-1.287724	14.028541	-4.895051	-8.868296
0.093972	-1.274050	14.014015	-4.907253	-8.966480
0.093402	-1.262319	13.998894	-4.918728	-9.064662
0.092744	-1.251548	13.983192	-4.929472	-9.162835
0.091990	-1.242762	13.966922	-4.939483	-9.260994
0.091130	-1.235985	13.950095	-4.948762	-9.359130
0.090157	-1.230250	13.932724	-4.957310	-9.457238
0.089062	-1.225597	13.914820	-4.965133	-9.555311
0.087838	-1.223074	13.896394	-4.972235	-9.653342
0.086478	-1.220740	13.877456	-4.978624	-9.751324
0.084973	-1.220671	13.858017	-4.984311	-9.849252
0.083322	-1.220939	13.838088	-4.989307	-9.947118
0.081531	-1.222566	13.817679	-4.993625	-10.044918
0.079614	-1.225570	13.796801	-4.997280	-10.142646
0.077582	-1.228982	13.775463	-5.000288	-10.240297
0.075450	-1.234849	13.753679	-5.002669	-10.337866
0.073229	-1.241229	13.731456	-5.004441	-10.435349
0.070933	-1.249195	13.708806	-5.005625	-10.532743
0.068577	-1.258835	13.685739	-5.006243	-10.630045
0.066174	-1.270251	13.662265	-5.006318	-10.727250
0.063740	-1.283556	13.638393	-5.005873	-10.824358
0.061289	-1.298879	13.614132	-5.004932	-10.921366
0.058837	-1.315358	13.589492	-5.003522	-11.018273
0.056400	-1.335142	13.564480	-5.001666	-11.115076
0.053992	-1.357381	13.539106	-4.999391	-11.211777
0.051632	-1.381226	13.513377	-4.996723	-11.308373
0.049336	-1.408815	13.487300	-4.993687	-11.404866
0.047119	-1.438261	13.460882	-4.990310	-11.501254
0.044999	-1.471641	13.434131	-4.986618	-11.597539
0.042991	-1.506967	13.407051	-4.982636	-11.693720
0.041111	-1.546169	13.379649	-4.978388	-11.789798
0.039370	-1.587103	13.351929	-4.973899	-11.885775
0.037776	-1.631664	13.323898	-4.969193	-11.981650
0.036332	-1.678697	13.295558	-4.964293	-12.077425
0.035041	-1.726955	13.266914	-4.959222	-12.173101
0.033904	-1.778096	13.237969	-4.953999	-12.268677
0.032921	-1.830681	13.208727	-4.948647	-12.364157
0.032090	-1.884185	13.179190	-4.943184	-12.459539
0.031407	-1.938017	13.149360	-4.937631	-12.554824
0.030866	-1.991544	13.119241	-4.932006	-12.650014
0.030457	-2.044125	13.088833	-4.926325	-12.745110
0.030172	-2.095142	13.058138	-4.920606	-12.840110
0.029998	-2.144029	13.027157	-4.914864	-12.935017
0.029923	-2.190296	12.995892	-4.909114	-13.029829
0.029935	-2.234541	12.964342	-4.903371	-13.124548
0.030019	-2.274452	12.932509	-4.897646	-13.219173
0.030162	-2.311809	12.900392	-4.891953	-13.313704
0.030353	-2.345470	12.867992	-4.886302	-13.408140
0.030579	-2.374360	12.835309	-4.880704	-13.502483
0.030830	-2.400456	12.802341	-4.875168	-13.596730
0.031097	-2.423774	12.769089	-4.869703	-13.690881
0.031371	-2.442398	12.735553	-4.864316	-13.784936
0.031645	-2.457585	12.701730	-4.859014	-13.878892
0.031916	-2.470633	12.667620	-4.853801	-13.972751
0.032179	-2.479829	12.633223	-4.848683	-14.066509
0.032432	-2.487451	12.598536	-4.843664	-14.160166
0.032674	-2.492764	12.563559	-4.838746	-14.253720
0.032903	-2.495018	12.528290	-4.833933	-14.347171
0.033120	-2.496455	12.492728	-4.829224	-14.440515
0.033324	-2.495305	12.456872	-4.824623	-14.533752
0.033515	-2.493788	12.420719	-4.820129	-14.626880
0.033693	-2.490115	12.384269	-4.815742	-14.719897
0.033860	-2.485493	12.347520	-4.811461	-14.812801
0.034015	-2.480119	12.310470	-4.807287	-14.905591
0.034160	-2.474188	12.273119	-4.803217	-14.998264
0.034293	-2.467889	12.235464	-4.799250	-15.090818
0.034415	-2.460406	12.197504	-4.795384	-15.183253
0.034526	-2.453923	12.159238	-4.791619	-15.275565
0.034626	-2.445618	12.120665	-4.787951	-15.367753
0.034714	-2.438669	12.081785	-4.784378	-15.459816
0.034790	-2.431252	12.042595	-4.780898	-15.551751
0.034853	-2.424510	12.003095	-4.777510	-15.643557
0.034903	-2.417456	11.963284	-4.774210	-15.735231
0.034941	-2.412073	11.923163	-4.770997	-15.826773
0.034967	-2.406344	11.882730	-4.767869	-15.918181
0.034982	-2.400255	11.841986	-4.764825	-16.009454
0.034985	-2.395794	11.800931	-4.761861	-16.100589
0.034978	-2.390950	11.759564	-4.758978	-16.191586
0.034960	-2.386711	11.717886	-4.756172	-16.282444
0.034933	-2.383068	11.675898	-4.753443	-16.373160
0.034897	-2.380015	11.633599	-4.750790	-16.463735
0.034853	-2.378542	11.590991	-4.748210	-16.554167
0.034802	-2.376643	11.548074	-4.745705	-16.644455
0.034743	-2.375313	11.504849	-4.743272	-16.734597
0.034678	-2.374546	11.461317	-4.740912	-16.824594
0.034608	-2.375335	11.417480	-4.738624	-16.914444
0.034534	-2.375677	11.373338	-4.736409	-17.004147
0.034455	-2.377566	11.328892	-4.734265	-17.093701
0.034374	-2.379996	11.284145	-4.732195	-17.183107
0.034291	-2.383963	11.239096	-4.730197	-17.272363
0.034207	-2.388461	11.193749	-4.728274	-17.361469
0.034122	-2.393476	11.148103	-4.726428	-17.450425
0.034038	-2.398963	11.102162	-4.724658	-17.539229
0.033953	-2.405870	11.055926	-4.722968	-17.627883
0.033867	-2.413144	11.009398	-4.721359	-17.716384
0.033781	-2.420732	10.962579	-4.719833	-17.804734
0.033694	-2.429580	10.915470	-4.718393	-17.892931
0.033606	-2.438636	10.868075	-4.717041	-17.980975
0.033516	-2.447845	10.820394	-4.715780	-18.068867
0.033424	-2.457155	10.772430	-4.714613	-18.156606
0.033330	-2.467512	10.724185	-4.713542	-18.244192
0.033233	-2.476863	10.675662	-4.712571	-18.331625
0.033133	-2.487155	10.626861	-4.711703	-18.418904
0.033028	-2.497334	10.577787	-4.710939	-18.506031
0.032918	-2.506347	10.528440	-4.710284	-18.593005
0.032802	-2.516141	10.478823	-4.709739	-18.679826
0.032679	-2.525662	10.428939	-4.709307	-18.766494
0.032549	-2.534856	10.378790	-4.708991	-18.853010
0.032410	-2.543671	10.328379	-4.708792	-18.939374
0.032261	-2.552049	10.277708	-4.708714	-19.025585
0.032102	-2.559937	10.226779	-4.708758	-19.111645
0.031931	-2.567288	10.175596	-4.708926	-19.197554
0.031749	-2.574107	10.124161	-4.709219	-19.283311
0.031559	-2.579407	10.072477	-4.709638	-19.368918
0.031359	-2.585200	10.020546	-4.710185	-19.454375
0.031153	-2.589496	9.968372	-4.710861	-19.539683
0.030942	-2.594306	9.915955	-4.711664	-19.624841
0.030726	-2.597638	9.863301	-4.712597	-19.709850
0.030507	-2.601500	9.810410	-4.713659	-19.794711
0.030286	-2.603898	9.757285	-4.714850	-19.879425
0.030065	-2.605839	9.703929	-4.716170	-19.963991
0.029846	-2.607330	9.650345	-4.717618	-20.048410
0.029629	-2.608376	9.596534	-4.719195	-20.132683
0.029417	-2.608985	9.542499	-4.720898	-20.216810
0.029210	-2.609162	9.488242	-4.722728	-20.300791
0.029010	-2.607917	9.433765	-4.724684	-20.384626
0.028820	-2.607256	9.379070	-4.726765	-20.468317
0.028639	-2.605189	9.324159	-4.728968	-20.551863
0.028471	-2.603727	9.269032	-4.731294	-20.635263
0.028315	-2.600883	9.213693	-4.733741	-20.718519
0.028175	-2.597669	9.158141	-4.736307	-20.801630
0.028051	-2.594112	9.102379	-4.738992	-20.884597
0.027942	-2.590272	9.046408	-4.741793	-20.967417
0.027848	-2.586222	8.990227	-4.744710	-21.050093
0.027766	-2.582037	8.933838	-4.747740	-21.132622
0.027697	-2.577789	8.877242	-4.750883	-21.215006
0.027638	-2.573555	8.820439	-4.754137	-21.297242
0.027589	-2.568409	8.763429	-4.757501	-21.379331
0.027547	-2.564425	8.706213	-4.760972	-21.461272
0.027513	-2.560679	8.648792	-4.764551	-21.543064
0.027484	-2.557243	8.591165	-4.768236	-21.624707
0.027459	-2.554192	8.533333	-4.772025	-21.706200
0.027436	-2.551597	8.475296	-4.775918	-21.787542
0.027416	-2.549532	8.417055	-4.779915	-21.868733
0.027395	-2.548069	8.358610	-4.784014	-21.949772
0.027374	-2.548279	8.299962	-4.788215	-22.030659
0.027350	-2.548236	8.241110	-4.792518	-22.111393
0.027322	-2.550012	8.182056	-4.796923	-22.191974
0.027290	-2.552683	8.122801	-4.801431	-22.272401
0.027251	-2.556324	8.063346	-4.806040	-22.352674
0.027206	-2.562014	8.003690	-4.810754	-22.432793
0.027154	-2.567807	7.943837	-4.815572	-22.512758
0.027095	-2.575654	7.883787	-4.820496	-22.592568
0.027029	-2.585482	7.823541	-4.825527	-22.672225
0.026958	-2.595216	7.763102	-4.830668	-22.751728
0.026883	-2.606782	7.702472	-4.835921	-22.831077
0.026803	-2.619106	7.641652	-4.841289	-22.910274
0.026721	-2.632111	7.580645	-4.846773	-22.989319
0.026635	-2.645722	7.519453	-4.852376	-23.068212
0.026547	-2.659860	7.458079	-4.858102	-23.146955
0.026458	-2.674449	7.396524	-4.863953	-23.225547
0.026367	-2.690406	7.334793	-4.869932	-23.303991
0.026275	-2.705652	7.272887	-4.876043	-23.382288
0.026182	-2.721104	7.210809	-4.882288	-23.460437
0.026088	-2.737679	7.148562	-4.888670	-23.538441
0.025993	-2.753292	7.086149	-4.895192	-23.616301
0.025896	-2.768859	7.023574	-4.901857	-23.694017
0.025798	-2.784293	6.960838	-4.908669	-23.771592
0.025698	-2.800509	6.897945	-4.915629	-23.849026
0.025595	-2.815419	6.834898	-4.922740	-23.926320
0.025489	-2.829935	6.771699	-4.930005	-24.003477
0.025378	-2.842990	6.708353	-4.937426	-24.080498
0.025262	-2.856601	6.644860	-4.945005	-24.157383
0.025139	-2.869808	6.581226	-4.952743	-24.234134
0.025007	-2.881654	6.517451	-4.960643	-24.310752
0.024866	-2.894184	6.453539	-4.968706	-24.387239
0.024714	-2.905444	6.389493	-4.976933	-24.463596
0.024549	-2.916482	6.325316	-4.985325	-24.539825
0.024372	-2.927351	6.261010	-4.993883	-24.615927
0.024180	-2.937104	6.196578	-5.002608	-24.691903
0.023973	-2.947799	6.132022	-5.011500	-24.767755
0.023750	-2.958494	6.067347	-5.020560	-24.843485
0.023510	-2.968253	6.002554	-5.029787	-24.919094
0.023252	-2.978145	5.937647	-5.039181	-24.994585
0.022974	-2.988243	5.872628	-5.048742	-25.069958
0.022678	-2.998626	5.807501	-5.058471	-25.145216
0.022360	-3.009379	5.742268	-5.068365	-25.220361
0.022022	-3.019598	5.676933	-5.078425	-25.295396
0.021663	-3.031386	5.611500	-5.088648	-25.370322
0.021281	-3.042860	5.545971	-5.099036	-25.445142
0.020877	-3.055149	5.480351	-5.109584	-25.519860
0.020451	-3.068382	5.414642	-5.120294	-25.594476
0.020009	-3.081617	5.348848	-5.131162	-25.668996
0.019557	-3.096891	5.282974	-5.142187	-25.743420
0.019100	-3.112225	5.217024	-5.153367	-25.817754
0.018645	-3.129623	5.151000	-5.164700	-25.892000
0.018198	3.136117	5.084908	-5.176184	-25.966161
0.017765	3.117670	5.018751	-5.187818	-26.040242
0.017351	3.098303	4.952533	-5.199600	-26.114245
0.016963	3.078138	4.886258	-5.211528	-26.188173
0.016607	3.057345	4.819931	-5.223600	-26.262030
0.016286	3.036145	4.753553	-5.235816	-26.335819
0.016006	3.013811	4.687130	-5.248174	-26.409543
0.015773	2.992669	4.620664	-5.260672	-26.483205
0.015589	2.972091	4.554158	-5.273312	-26.556807
0.015460	2.951483	4.487617	-5.286091	-26.630352
0.015388	2.933272	4.421041	-5.299012	-26.703842
0.015377	2.915889	4.354434	-5.312072	-26.777278
0.015430	2.900744	4.287797	-5.325275	-26.850662
0.015550	2.888207	4.221133	-5.338621	-26.923996
0.015739	2.877589	4.154443	-5.352111	-26.997279
0.016001	2.870049	4.087727	-5.365749	-27.070511
0.016330	2.865370	4.020987	-5.379536	-27.143694
0.016722	2.863205	3.954222	-5.393476	-27.216825
0.017173	2.863177	3.887433	-5.407573	-27.289903
0.017677	2.863902	3.820619	-5.421832	-27.362928
0.018231	2.866004	3.753779	-5.436256	-27.435897
0.018831	2.869131	3.686913	-5.450850	-27.508807
0.019472	2.873960	3.620020	-5.465621	-27.581657
0.020150	2.877206	3.553097	-5.480574	-27.654443
0.020862	2.881615	3.486145	-5.495714	-27.727162
0.021602	2.885972	3.419160	-5.511049	-27.799812
0.022366	2.890094	3.352143	-5.526584	-27.872388
0.023150	2.893825	3.285092	-5.542326	-27.944888
0.023950	2.897037	3.218004	-5.558283	-28.017308
0.024760	2.899623	3.150879	-5.574460	-28.089644
0.025576	2.902494	3.083715	-5.590866	-28.161893
0.026394	2.903575	3.016511	-5.607508	-28.234050
0.027208	2.903801	2.949265	-5.624392	-28.306112
0.028015	2.904116	2.881978	-5.641527	-28.378076
0.028809	2.903469	2.814648	-5.658919	-28.449938
0.029587	2.901843	2.747274	-5.676576	-28.521695
0.030347	2.899332	2.679857	-5.694504	-28.593344
0.031090	2.896049	2.612397	-5.712712	-28.664881
0.031814	2.893092	2.544893	-5.731205	-28.736304
0.032520	2.889548	2.477347	-5.749991	-28.807610
0.033208	2.885493	2.409758	-5.769076	-28.878796
0.033875	2.879997	2.342127	-5.788468	-28.949861
0.034524	2.875121	2.274457	-5.808172	-29.020800
0.035152	2.870920	2.206748	-5.828195	-29.091614
0.035760	2.865444	2.139001	-5.848543	-29.162298
0.036347	2.859740	2.071218	-5.869221	-29.232852
0.036913	2.853847	2.003400	-5.890237	-29.303273
0.037457	2.847803	1.935551	-5.911595	-29.373561
0.037979	2.842643	1.867671	-5.933300	-29.443712
0.038478	2.836399	1.799763	-5.955359	-29.513726
0.038954	2.830098	1.731829	-5.977775	-29.583600
0.039405	2.823770	1.663872	-6.000554	-29.653335
0.039832	2.818438	1.595894	-6.023700	-29.722929
0.040233	2.812127	1.527898	-6.047218	-29.792380
0.040608	2.805857	1.459886	-6.071112	-29.861687
0.040956	2.798647	1.391862	-6.095384	-29.930850
0.041279	2.792493	1.323828	-6.120040	-29.999868
0.041578	2.786390	1.255788	-6.145082	-30.068741
0.041853	2.780335	1.187744	-6.170513	-30.137467
0.042108	2.773324	1.119699	-6.196336	-30.206046
0.042343	2.767356	1.051657	-6.222553	-30.274479
0.042559	2.760430	0.983622	-6.249168	-30.342763
0.042758	2.754547	0.915595	-6.276181	-30.410900
0.042941	2.747708	0.847581	-6.303595	-30.478890
0.043110	2.740916	0.779583	-6.331413	-30.546731
0.043266	2.735173	0.711604	-6.359634	-30.614425
0.043410	2.728485	0.643648	-6.388262	-30.681970
0.043544	2.722855	0.575718	-6.417297	-30.749368
0.043669	2.716291	0.507816	-6.446740	-30.816618
0.043786	2.710798	0.439948	-6.476594	-30.883719
0.043897	2.704385	0.372115	-6.506857	-30.950673
0.044003	2.699059	0.304322	-6.537532	-31.017480
0.044106	2.693830	0.236570	-6.568620	-31.084138
0.044206	2.687708	0.168865	-6.600120	-31.150649
0.044304	2.682703	0.101208	-6.632034	-31.217011
0.044403	2.677821	0.033603	-6.664363	-31.283226
0.044502	2.673049	-0.033948	-6.697107	-31.349293
0.044601	2.669370	-0.101440	-6.730266	-31.415212
0.044701	2.664767	-0.168872	-6.763841	-31.480982
0.044801	2.660222	-0.236240	-6.797833	-31.546602
0.044902	2.655718	-0.303541	-6.832242	-31.612074
0.045004	2.652239	-0.370774	-6.867069	-31.677395
0.045107	2.647769	-0.437934	-6.902313	-31.742567
0.045211	2.644292	-0.505019	-6.937977	-31.807588
0.045317	2.639791	-0.572026	-6.974059	-31.872458
0.045424	2.635250	-0.638952	-7.010560	-31.937177
0.045533	2.631655	-0.705795	-7.047482	-32.001744
0.045645	2.626991	-0.772551	-7.084824	-32.066158
0.045759	2.622242	-0.839217	-7.122586	-32.130420
0.045875	2.618394	-0.905790	-7.160770	-32.194530
0.045995	2.613434	-0.972267	-7.199375	-32.258486
0.046118	2.608346	-1.038645	-7.238403	-32.322289
0.046245	2.603118	-1.104921	-7.277853	-32.385938
0.046376	2.597736	-1.171091	-7.317726	-32.449434
0.046511	2.592188	-1.237151	-7.358023	-32.512775
0.046651	2.586467	-1.303099	-7.398744	-32.575964
0.046797	2.579588	-1.368929	-7.439890	-32.638998
0.046948	2.573574	-1.434639	-7.481461	-32.701879
0.047105	2.566446	-1.500225	-7.523458	-32.764607
0.047268	2.560226	-1.565681	-7.565882	-32.827182
0.047437	2.552933	-1.631005	-7.608733	-32.889605
0.047612	2.546590	-1.696192	-7.652012	-32.951876
0.047794	2.539217	-1.761237	-7.695719	-33.013995
0.047982	2.531835	-1.826137	-7.739856	-33.075963
0.048177	2.525464	-1.890886	-7.784422	-33.137780
0.048379	2.518125	-1.955481	-7.829420	-33.199446
0.048588	2.510837	-2.019917	-7.874849	-33.260962
0.048804	2.504619	-2.084189	-7.920710	-33.322329
0.049027	2.497491	-2.148292	-7.967005	-33.383546
0.049256	2.491471	-2.212224	-8.013733	-33.444613
0.049492	2.484578	-2.275978	-8.060896	-33.505532
0.049735	2.478829	-2.339550	-8.108494	-33.566302
0.049985	2.473241	-2.402935	-8.156529	-33.626923
0.050241	2.467832	-2.466131	-8.205002	-33.687394
0.050503	2.462617	-2.529131	-8.253912	-33.747717
0.050771	2.457607	-2.591931	-8.303262	-33.807889
0.051045	2.452788	-2.654528	-8.353051	-33.867911
0.051322	2.449142	-2.716916	-8.403282	-33.927782
0.051602	2.444651	-2.779093	-8.453954	-33.987502
0.051884	2.441294	-2.841053	-8.505070	-34.047068
0.052166	2.438053	-2.902792	-8.556629	-34.106482
0.052448	2.433909	-2.964306	-8.608633	-34.165740
0.052728	2.430842	-3.025592	-8.661082	-34.224843
0.053006	2.427834	-3.086645	-8.713978	-34.283788
0.053280	2.424866	-3.147461	-8.767320	-34.342576
0.053549	2.421918	-3.208036	-8.821111	-34.401204
0.053813	2.418973	-3.268367	-8.875349	-34.459671
0.054071	2.416010	-3.328448	-8.930036	-34.517976
0.054321	2.413011	-3.388277	-8.985173	-34.576118
0.054563	2.409957	-3.447849	-9.040759	-34.634095
0.054796	2.406830	-3.507160	-9.096795	-34.691907
0.055019	2.403610	-3.566207	-9.153281	-34.749551
0.055231	2.400277	-3.624985	-9.210216	-34.807028
0.055431	2.396814	-3.683490	-9.267601	-34.864335
0.055619	2.393200	-3.741718	-9.325435	-34.921473
0.055794	2.388422	-3.799665	-9.383717	-34.978440
0.055958	2.384498	-3.857328	-9.442448	-35.035236
0.056113	2.379450	-3.914700	-9.501626	-35.091860
0.056262	2.375303	-3.971780	-9.561250	-35.148312
0.056406	2.370082	-4.028562	-9.621320	-35.204593
0.056548	2.364812	-4.085041	-9.681834	-35.260701
0.056689	2.360519	-4.141214	-9.742791	-35.316637
0.056831	2.355230	-4.197077	-9.804189	-35.372401
0.056977	2.349972	-4.252624	-9.866028	-35.427993
0.057128	2.345773	-4.307852	-9.928306	-35.483412
0.057287	2.340661	-4.362756	-9.991022	-35.538659
0.057455	2.336665	-4.417332	-10.054175	-35.593733
0.057634	2.331813	-4.471576	-10.117764	-35.648634
0.057825	2.328136	-4.525484	-10.181787	-35.703361
0.058031	2.323663	-4.579050	-10.246243	-35.757915
0.058253	2.320423	-4.632270	-10.311131	-35.812294
0.058493	2.317445	-4.685141	-10.376451	-35.866497
0.058752	2.314758	-4.737657	-10.442202	-35.920524
0.059033	2.312391	-4.789816	-10.508382	-35.974372
0.059336	2.310372	-4.841611	-10.574992	-36.028041
0.059663	2.309720	-4.893039	-10.642032	-36.081528
0.060014	2.308430	-4.944096	-10.709500	-36.134830
0.060390	2.308486	-4.994777	-10.777398	-36.187947
0.060789	2.307875	-5.045078	-10.845725	-36.240873
0.061212	2.308582	-5.094995	-10.914482	-36.293607
0.061658	2.309591	-5.144523	-10.983669	-36.346144
0.062128	2.310887	-5.193658	-11.053286	-36.398481
0.062622	2.312454	-5.242395	-11.123335	-36.450614
0.063139	2.314277	-5.290730	-11.193817	-36.502538
0.063679	2.316339	-5.338659	-11.264731	-36.554248
0.064243	2.318625	-5.386176	-11.336080	-36.605740
0.064831	2.321119	-5.433278	-11.407865	-36.657008
0.065442	2.323806	-5.479959	-11.480086	-36.708047
0.066076	2.326669	-5.526214	-11.552746	-36.758851
0.066734	2.329694	-5.572038	-11.625845	-36.809414
0.067416	2.331865	-5.617427	-11.699385	-36.859731
0.068121	2.335167	-5.662375	-11.773367	-36.909794
0.068851	2.337587	-5.706875	-11.847793	-36.959598
0.069603	2.341110	-5.750924	-11.922665	-37.009135
0.070380	2.343722	-5.794514	-11.997984	-37.058400
0.071181	2.346408	-5.837640	-12.073751	-37.107384
0.072005	2.349148	-5.880295	-12.149969	-37.156081
0.072851	2.351921	-5.922473	-12.226639	-37.204483
0.073720	2.353704	-5.964168	-12.303762	-37.252582
0.074611	2.356480	-6.005372	-12.381339	-37.300373
0.075523	2.358229	-6.046079	-12.459373	-37.347845
0.076456	2.360934	-6.086280	-12.537865	-37.394993
0.077409	2.362578	-6.125969	-12.616816	-37.441808
0.078382	2.364145	-6.165137	-12.696227	-37.488281
0.079374	2.366620	-6.203777	-12.776099	-37.534404
0.080384	2.367988	-6.241880	-12.856434	-37.580170
0.081413	2.369238	-6.279438	-12.937232	-37.625568
0.082459	2.371356	-6.316442	-13.018494	-37.670592
0.083522	2.372331	-6.352884	-13.100221	-37.715232
0.084601	2.374152	-6.388754	-13.182414	-37.759479
0.085696	2.374809	-6.424043	-13.265071	-37.803323
0.086807	2.376293	-6.458743	-13.348195	-37.846757
0.087932	2.376594	-6.492842	-13.431784	-37.889769
0.089072	2.377704	-6.526331	-13.515838	-37.932353
0.090226	2.378617	-6.559200	-13.600358	-37.974496
0.091393	2.379331	-6.591440	-13.685341	-38.016191
0.092572	2.380871	-6.623038	-13.770788	-38.057427
0.093759	2.381269	-6.653986	-13.856696	-38.098194
0.094954	2.382552	-6.684273	-13.943065	-38.138482
0.096153	2.382747	-6.713888	-14.029893	-38.178279
0.097355	2.383881	-6.742820	-14.117178	-38.217577
0.098557	2.384978	-6.771059	-14.204917	-38.256365
0.099758	2.386061	-6.798594	-14.293107	-38.294631
0.100954	2.387151	-6.825414	-14.381746	-38.332365
0.102144	2.388269	-6.851509	-14.470830	-38.369555
0.103326	2.389434	-6.876869	-14.560355	-38.406191
0.104496	2.390664	-6.901482	-14.650317	-38.442261
0.105654	2.391978	-6.925339	-14.740711	-38.477753
0.106796	2.393391	-6.948430	-14.831532	-38.512658
0.107920	2.394920	-6.970744	-14.922775	-38.546962
0.109025	2.396580	-6.992272	-15.014434	-38.580656
0.110107	2.398384	-7.013004	-15.106502	-38.613726
0.111164	2.399348	-7.032932	-15.198973	-38.646161
0.112194	2.401484	-7.052046	-15.291838	-38.677951
0.113194	2.402807	-7.070337	-15.385092	-38.709084
0.114162	2.405322	-7.087797	-15.478724	-38.739548
0.115091	2.407012	-7.104418	-15.572728	-38.769332
0.115973	2.408854	-7.120193	-15.667093	-38.798426
0.116800	2.410826	-7.135114	-15.761810	-38.826817
0.117565	2.412906	-7.149175	-15.856868	-38.854497
0.118260	2.414074	-7.162370	-15.952258	-38.881453
0.118877	2.416311	-7.174693	-16.047968	-38.907678
0.119410	2.417598	-7.186139	-16.143987	-38.933162
0.119850	2.419917	-7.196703	-16.240302	-38.957896
0.120190	2.421250	-7.206384	-16.336901	-38.981873
0.120422	2.422581	-7.215177	-16.433771	-39.005086
0.120538	2.423892	-7.223082	-16.530899	-39.027528
0.120532	2.425167	-7.230097	-16.628272	-39.049195
0.120395	2.426389	-7.236222	-16.725874	-39.070082
0.120120	2.427540	-7.241458	-16.823692	-39.090186
0.119699	2.428603	-7.245808	-16.921712	-39.109504
0.119124	2.429559	-7.249275	-17.019918	-39.128037
0.118389	2.430388	-7.251863	-17.118297	-39.145784
0.117485	2.432069	-7.253578	-17.216833	-39.162747
0.116405	2.432579	-7.254428	-17.315512	-39.178928
0.115145	2.432896	-7.254421	-17.414318	-39.194331
0.113712	2.433017	-7.253566	-17.513238	-39.208964
0.112118	2.432939	-7.251875	-17.612257	-39.222832
0.110373	2.432659	-7.249360	-17.711362	-39.235946
0.108490	2.433173	-7.246032	-17.810538	-39.248315
0.106479	2.432476	-7.241907	-17.909773	-39.259951
0.104351	2.431560	-7.237000	-18.009054	-39.270867
0.102117	2.431417	-7.231326	-18.108370	-39.281075
0.099789	2.431038	-7.224902	-18.207709	-39.290591
0.097378	2.429411	-7.217745	-18.307060	-39.299430
0.094895	2.428524	-7.209873	-18.406414	-39.307607
0.092351	2.427365	-7.201305	-18.505761	-39.315141
0.089758	2.425919	-7.192058	-18.605093	-39.322047
0.087126	2.425171	-7.182152	-18.704401	-39.328345
0.084468	2.423105	-7.171606	-18.803680	-39.334052
0.081793	2.421704	-7.160440	-18.902922	-39.339187
0.079114	2.418951	-7.148674	-19.002121	-39.343769
0.076441	2.416829	-7.136325	-19.101273	-39.347817
0.073786	2.414322	-7.123414	-19.200373	-39.351349
0.071160	2.412417	-7.109959	-19.299418	-39.354386
0.068572	2.409099	-7.095981	-19.398403	-39.356945
0.066026	2.406362	-7.081495	-19.497326	-39.359046
0.063521	2.403197	-7.066523	-19.596185	-39.360707
0.061058	2.399598	-7.051080	-19.694977	-39.361945
0.058638	2.395557	-7.035184	-19.793702	-39.362780
0.056263	2.392072	-7.018853	-19.892359	-39.363228
0.053931	2.387137	-7.002102	-19.990946	-39.363306
0.051644	2.382753	-6.984950	-20.089463	-39.363033
0.049403	2.377920	-6.967410	-20.187911	-39.362425
0.047208	2.372643	-6.949500	-20.286290	-39.361498
0.045058	2.366931	-6.931234	-20.384600	-39.360267
0.042955	2.360795	-6.912627	-20.482842	-39.358750
0.040898	2.354255	-6.893695	-20.581017	-39.356962
0.038888	2.347337	-6.874450	-20.679127	-39.354917
0.036925	2.340073	-6.854908	-20.777172	-39.352630
0.035008	2.332510	-6.835082	-20.875155	-39.350116
0.033137	2.324704	-6.814985	-20.973076	-39.347388
0.031311	2.316728	-6.794630	-21.070939	-39.344461
0.029531	2.308674	-6.774031	-21.168745	-39.341346
0.027795	2.299658	-6.753199	-21.266496	-39.338057
0.026103	2.291799	-6.732148	-21.364194	-39.334607
0.024453	2.283127	-6.710890	-21.461842	-39.331005
0.022845	2.274644	-6.689437	-21.559442	-39.327265
0.021278	2.266352	-6.667800	-21.656997	-39.323396
0.019751	2.258248	-6.645992	-21.754508	-39.319409
0.018264	2.250328	-6.624023	-21.851979	-39.315314
0.016816	2.242579	-6.601906	-21.949413	-39.311119
0.015407	2.234983	-6.579651	-22.046810	-39.306835
0.014037	2.227510	-6.557269	-22.144176	-39.302470
0.012704	2.220114	-6.534771	-22.241511	-39.298031
0.011409	2.213727	-6.512169	-22.338819	-39.293526
0.010153	2.206245	-6.489471	-22.436102	-39.288963
0.008933	2.198508	-6.466688	-22.533363	-39.284349
0.007752	2.191261	-6.443831	-22.630604	-39.279691
0.006609	2.182084	-6.420908	-22.727828	-39.274995
0.005503	2.172240	-6.397929	-22.825037	-39.270267
0.004437	2.160338	-6.374903	-22.922234	-39.265512
0.003409	2.141430	-6.351839	-23.019421	-39.260737
0.002422	2.110075	-6.328746	-23.116600	-39.255947
0.001480	2.039892	-6.305632	-23.213773	-39.251147
0.000605	1.764137	-6.282504	-23.310943	-39.246342
0.000429	-0.234625	-6.259370	-23.408112	-39.241536
0.001203	-0.685651	-6.236237	-23.505281	-39.236734
0.001994	-0.772642	-6.213113	-23.602452	-39.231940
0.002760	-0.807024	-6.190004	-23.699628	-39.227159
0.003496	-0.824355	-6.166916	-23.796809	-39.222395
0.004202	-0.834078	-6.143854	-23.893998	-39.217652
0.004881	-0.838753	-6.120826	-23.991196	-39.212934
0.005533	-0.841019	-6.097836	-24.088404	-39.208244
0.006159	-0.841730	-6.074889	-24.185624	-39.203586
0.006761	-0.841371	-6.051990	-24.282858	-39.198964
0.007341	-0.839239	-6.029145	-24.380105	-39.194382
0.007900	-0.837520	-6.006357	-24.477368	-39.189842
0.008439	-0.834336	-5.983631	-24.574648	-39.185349
0.008961	-0.831770	-5.960971	-24.671945	-39.180905
0.009465	-0.827874	-5.938380	-24.769261	-39.176514
0.009955	-0.824688	-5.915864	-24.866597	-39.172180
0.010431	-0.820232	-5.893424	-24.963953	-39.167905
0.010895	-0.816523	-5.871065	-25.061330	-39.163692
0.011348	-0.812566	-5.848791	-25.158730	-39.159545
0.011792	-0.808371	-5.826604	-25.256152	-39.155467
0.012227	-0.803962	-5.804507	-25.353598	-39.151460
0.012654	-0.799363	-5.782503	-25.451068	-39.147529
0.013073	-0.795594	-5.760597	-25.548562	-39.143676
0.013485	-0.790673	-5.738789	-25.646083	-39.139903
0.013890	-0.786611	-5.717084	-25.743629	-39.136215
0.014288	-0.781421	-5.695484	-25.841202	-39.132614
0.014681	-0.777110	-5.673991	-25.938802	-39.129102
0.015068	-0.771686	-5.652609	-26.036429	-39.125684
0.015450	-0.766155	-5.631339	-26.134084	-39.122362
0.015828	-0.761521	-5.610183	-26.231768	-39.119140
0.016201	-0.755788	-5.589146	-26.329480	-39.116019
0.016571	-0.749958	-5.568228	-26.427221	-39.113004
0.016938	-0.744034	-5.547431	-26.524992	-39.110098
0.017302	-0.737018	-5.526759	-26.622792	-39.107303
0.017664	-0.729908	-5.506212	-26.720622	-39.104624
0.018024	-0.722708	-5.485793	-26.818481	-39.102063
0.018382	-0.714415	-5.465503	-26.916371	-39.099623
0.018740	-0.706031	-5.445344	-27.014290	-39.097309
0.019098	-0.696555	-5.425318	-27.112240	-39.095124
0.000000	0.000000	-5.425318	-27.112240	-39.095124
