0.050994	-0.839652	0.000000	0.000000	0.000000
0.046865	-0.789124	0.099999	0.000340	-0.000380
0.042866	-0.730202	0.199994	0.001011	-0.001092
0.039039	-0.661242	0.299984	0.002001	-0.002090
0.035433	-0.580302	0.399968	0.003299	-0.003328
0.032101	-0.485223	0.499945	0.004894	-0.004760
0.029109	-0.374868	0.599915	0.006772	-0.006341
0.026524	-0.245638	0.699878	0.008921	-0.008030
0.024416	-0.099338	0.799833	0.011327	-0.009782
0.022844	0.062786	0.899782	0.013976	-0.011559
0.021836	0.235437	0.999725	0.016853	-0.013322
0.021375	0.410914	1.099663	0.019942	-0.015033
0.021395	0.581168	1.199596	0.023228	-0.016659
0.021792	0.740100	1.299524	0.026691	-0.018167
0.022445	0.883704	1.399449	0.030316	-0.019529
0.023237	1.012785	1.499371	0.034083	-0.020716
0.024066	1.129982	1.599291	0.037973	-0.021707
0.024848	1.235837	1.699208	0.041965	-0.022480
0.025520	1.334200	1.799124	0.046039	-0.023018
0.026036	1.427958	1.899038	0.050173	-0.023308
0.026365	1.519971	1.998951	0.054344	-0.023341
0.026499	1.613018	2.098863	0.058528	-0.023110
0.026480	1.709335	2.198775	0.062700	-0.022614
0.026367	1.809602	2.298686	0.066836	-0.021856
0.026227	1.916947	2.398598	0.070909	-0.020842
0.026133	2.029803	2.498511	0.074893	-0.019582
0.026161	2.149727	2.598425	0.078762	-0.018087
0.026384	2.273279	2.698341	0.082486	-0.016373
0.026862	2.400066	2.798259	0.086041	-0.014458
0.027639	2.525043	2.898181	0.089397	-0.012362
0.028736	2.646013	2.998106	0.092527	-0.010106
0.030152	2.761172	3.098036	0.095405	-0.007713
0.031866	2.866488	3.197971	0.098002	-0.005209
0.033839	2.961824	3.297911	0.100293	-0.002619
0.036028	3.046844	3.397857	0.102251	0.000032
0.038382	3.122798	3.497808	0.103850	0.002716
0.040850	-3.094894	3.597765	0.105066	0.005407
0.043383	-3.038085	3.697726	0.105873	0.008078
0.045935	-2.989146	3.797691	0.106249	0.010704
0.048461	-2.946303	3.897658	0.106171	0.013260
0.050919	-2.910866	3.997626	0.105618	0.015721
0.053276	-2.881130	4.097593	0.104570	0.018064
0.055518	-2.855087	4.197557	0.103006	0.020270
0.057638	-2.833834	4.297514	0.100911	0.022317
0.059637	-2.815652	4.397461	0.098267	0.024189
0.061515	-2.799957	4.497396	0.095058	0.025869
0.063277	-2.785273	4.597313	0.091271	0.027342
0.064926	-2.773205	4.697209	0.086891	0.028592
0.066470	-2.762419	4.797080	0.081907	0.029607
0.067915	-2.751629	4.896920	0.076306	0.030375
0.069269	-2.742587	4.996725	0.070079	0.030882
0.070540	-2.734075	5.096489	0.063216	0.031119
0.071736	-2.724898	5.196206	0.055708	0.031075
0.072866	-2.716880	5.295872	0.047546	0.030739
0.073940	-2.707860	5.395480	0.038724	0.030101
0.074966	-2.699691	5.495024	0.029234	0.029150
0.075955	-2.690238	5.594498	0.019072	0.027878
0.076917	-2.681372	5.693896	0.008230	0.026272
0.077861	-2.670978	5.793211	-0.003294	0.024323
0.078800	-2.660948	5.892436	-0.015506	0.022020
0.079743	-2.649183	5.991564	-0.028409	0.019351
0.080702	-2.636622	6.090588	-0.042007	0.016305
0.081677	-2.624324	6.189501	-0.056301	0.012866
0.082669	-2.610370	6.288296	-0.071296	0.009024
0.083679	-2.595840	6.386965	-0.086991	0.004762
0.084706	-2.580809	6.485499	-0.103389	0.000066
0.085751	-2.566348	6.583892	-0.120490	-0.005081
0.086812	-2.550527	6.682134	-0.138296	-0.010693
0.087889	-2.535409	6.780217	-0.156805	-0.016788
0.088982	-2.519056	6.878132	-0.176018	-0.023382
0.090090	-2.503524	6.975870	-0.195933	-0.030493
0.091211	-2.486868	7.073423	-0.216550	-0.038137
0.092344	-2.471137	7.170780	-0.237866	-0.046334
0.093488	-2.455378	7.267932	-0.259880	-0.055100
0.094640	-2.438634	7.364870	-0.282589	-0.064453
0.095798	-2.422943	7.461582	-0.305988	-0.074412
0.096960	-2.408342	7.558059	-0.330076	-0.084995
0.098124	-2.392865	7.654289	-0.354849	-0.096219
0.099286	-2.377540	7.750263	-0.380302	-0.108102
0.100444	-2.363394	7.845969	-0.406430	-0.120661
0.101595	-2.348452	7.941395	-0.433229	-0.133913
0.102736	-2.334732	8.036531	-0.460694	-0.147876
0.103867	-2.321234	8.131363	-0.488819	-0.162566
0.104985	-2.307957	8.225881	-0.517597	-0.177998
0.106092	-2.294899	8.320072	-0.547024	-0.194190
0.107185	-2.282057	8.413923	-0.577091	-0.211155
0.108266	-2.270431	8.507423	-0.607793	-0.228910
0.109333	-2.258017	8.600558	-0.639122	-0.247468
0.110385	-2.245814	8.693315	-0.671071	-0.266844
0.111422	-2.234820	8.785681	-0.703631	-0.287051
0.112443	-2.223034	8.877643	-0.736795	-0.308103
0.113448	-2.212454	8.969186	-0.770554	-0.330013
0.114435	-2.201078	9.060299	-0.804900	-0.352793
0.115403	-2.189905	9.150966	-0.839822	-0.376456
0.116353	-2.178934	9.241174	-0.875310	-0.401013
0.117283	-2.168162	9.330909	-0.911356	-0.426475
0.118193	-2.157588	9.420158	-0.947947	-0.452855
0.119081	-2.147211	9.508905	-0.985072	-0.480161
0.119946	-2.137030	9.597136	-1.022722	-0.508405
0.120789	-2.127043	9.684838	-1.060883	-0.537595
0.121607	-2.116248	9.771996	-1.099544	-0.567741
0.122400	-2.105646	9.858596	-1.138692	-0.598852
0.123166	-2.095238	9.944624	-1.178314	-0.630935
0.123904	-2.085025	10.030065	-1.218395	-0.664000
0.124610	-2.075008	10.114907	-1.258922	-0.698052
0.125284	-2.065189	10.199133	-1.299880	-0.733099
0.125922	-2.054568	10.282732	-1.341256	-0.769146
0.126524	-2.044146	10.365688	-1.383032	-0.806200
0.127087	-2.034923	10.447989	-1.425193	-0.844265
0.127609	-2.023901	10.529621	-1.467725	-0.883345
0.128088	-2.014078	10.610572	-1.510609	-0.923445
0.128522	-2.004457	10.690828	-1.553829	-0.964567
0.128908	-1.994036	10.770376	-1.597368	-1.006714
0.129245	-1.984816	10.849206	-1.641208	-1.049887
0.129531	-1.974798	10.927304	-1.685333	-1.094087
0.129763	-1.964982	11.004659	-1.729725	-1.139315
0.129939	-1.955368	11.081261	-1.774364	-1.185569
0.130058	-1.945957	11.157099	-1.819234	-1.232848
0.130117	-1.935749	11.232162	-1.864316	-1.281151
0.130113	-1.926746	11.306441	-1.909590	-1.330474
0.130045	-1.917949	11.379928	-1.955040	-1.380814
0.129914	-1.908350	11.452613	-2.000646	-1.432166
0.129727	-1.898904	11.524488	-2.046391	-1.484524
0.129498	-1.889560	11.595546	-2.092255	-1.537883
0.129238	-1.880268	11.665781	-2.138219	-1.592237
0.128958	-1.870980	11.735186	-2.184266	-1.647578
0.128672	-1.861649	11.803756	-2.230377	-1.703899
0.128392	-1.852231	11.871484	-2.276533	-1.761192
0.128129	-1.841681	11.938365	-2.322716	-1.819450
0.127897	-1.830960	12.004395	-2.368906	-1.878666
0.127709	-1.821027	12.069570	-2.415084	-1.938832
0.127576	-1.808847	12.133883	-2.461230	-1.999940
0.127512	-1.797384	12.197331	-2.507324	-2.061986
0.127530	-1.785609	12.259911	-2.553346	-2.124961
0.127643	-1.772496	12.321616	-2.599273	-2.188860
0.127865	-1.759021	12.382443	-2.645085	-2.253678
0.128209	-1.745167	12.442387	-2.690757	-2.319411
0.128690	-1.729924	12.501443	-2.736267	-2.386053
0.129320	-1.714283	12.559606	-2.781589	-2.453603
0.130113	-1.698247	12.616870	-2.826697	-2.522058
0.131085	-1.680821	12.673229	-2.871564	-2.591417
0.132243	-1.663048	12.728678	-2.916160	-2.661678
0.133568	-1.645082	12.783209	-2.960455	-2.732842
0.135037	-1.626096	12.836814	-3.004417	-2.804910
0.136622	-1.608246	12.889486	-3.048012	-2.877883
0.138297	-1.589676	12.941217	-3.091208	-2.951762
0.140036	-1.571512	12.991998	-3.133969	-3.026547
0.141809	-1.554867	13.041821	-3.176260	-3.102239
0.143589	-1.537841	13.090675	-3.218047	-3.178835
0.145346	-1.523523	13.138553	-3.259294	-3.256336
0.147052	-1.509992	13.185444	-3.299970	-3.334737
0.148678	-1.498319	13.231337	-3.340042	-3.414035
0.150194	-1.488572	13.276221	-3.379481	-3.494222
0.151571	-1.480815	13.320085	-3.418259	-3.575291
0.152779	-1.476111	13.362915	-3.456353	-3.657232
0.153792	-1.473528	13.404699	-3.493742	-3.740035
0.154579	-1.474136	13.445421	-3.530409	-3.823684
0.155114	-1.477015	13.485066	-3.566343	-3.908165
0.155369	-1.483257	13.523617	-3.601536	-3.993460
0.155320	-1.491965	13.561059	-3.635987	-4.079549
0.154941	-1.503266	13.597375	-3.669697	-4.166409
0.154218	-1.518260	13.632547	-3.702676	-4.254018
0.153176	-1.535877	13.666561	-3.734937	-4.342349
0.151849	-1.556013	13.699401	-3.766501	-4.431373
0.150271	-1.576569	13.731053	-3.797390	-4.521061
0.148478	-1.599448	13.761507	-3.827633	-4.611382
0.146502	-1.623552	13.790751	-3.857258	-4.702306
0.144376	-1.647772	13.818780	-3.886297	-4.793800
0.142133	-1.671992	13.845587	-3.914785	-4.885831
0.139803	-1.697078	13.871172	-3.942753	-4.978369
0.137415	-1.722878	13.895535	-3.970237	-5.071380
0.134997	-1.747219	13.918677	-3.997271	-5.164834
0.132574	-1.771900	13.940602	-4.023888	-5.258700
0.130169	-1.796696	13.961318	-4.050120	-5.352948
0.127801	-1.819348	13.980832	-4.076001	-5.447549
0.125490	-1.841568	13.999152	-4.101558	-5.542477
0.123250	-1.862034	14.016291	-4.126821	-5.637703
0.121096	-1.881394	14.032258	-4.151813	-5.733204
0.119037	-1.897265	14.047067	-4.176559	-5.828956
0.117083	-1.911237	14.060730	-4.201077	-5.924936
0.115245	-1.921872	14.073260	-4.225382	-6.021124
0.113526	-1.928798	14.084672	-4.249487	-6.117502
0.111918	-1.931973	14.094978	-4.273398	-6.214053
0.110409	-1.931453	14.104193	-4.297120	-6.310761
0.108994	-1.927319	14.112330	-4.320650	-6.407612
0.107665	-1.919664	14.119402	-4.343985	-6.504593
0.106421	-1.909603	14.125424	-4.367116	-6.601695
0.105259	-1.896265	14.130410	-4.390033	-6.698906
0.104178	-1.878794	14.134372	-4.412722	-6.796217
0.103179	-1.859352	14.137327	-4.435166	-6.893621
0.102262	-1.837115	14.139288	-4.457345	-6.991111
0.101426	-1.812270	14.140270	-4.479239	-7.088680
0.100673	-1.786021	14.140289	-4.500824	-7.186322
0.100000	-1.756580	14.139360	-4.522076	-7.284034
0.099406	-1.726169	14.137500	-4.542968	-7.381809
0.098887	-1.693015	14.134727	-4.563473	-7.479645
0.098438	-1.659351	14.131059	-4.583561	-7.577538
0.098053	-1.625410	14.126515	-4.603204	-7.675485
0.097723	-1.590423	14.121114	-4.622372	-7.773482
0.097438	-1.555619	14.114877	-4.641037	-7.871526
0.097187	-1.522218	14.107825	-4.659170	-7.969615
0.096958	-1.489409	14.099978	-4.676744	-8.067745
0.096741	-1.458265	14.091359	-4.693735	-8.165914
0.096526	-1.427827	14.081987	-4.710119	-8.264116
0.096304	-1.400131	14.071884	-4.725872	-8.362350
0.096067	-1.374208	14.061070	-4.740977	-8.460609
0.095805	-1.351085	14.049564	-4.755415	-8.558890
0.095508	-1.328785	14.037386	-4.769172	-8.657188
0.095168	-1.309331	14.024553	-4.782233	-8.755497
0.094775	-1.290741	14.011082	-4.794588	-8.853812
0.094321	-1.275035	13.996990	-4.806227	-8.952128
0.093796	-1.261232	13.982292	-4.817143	-9.050438
0.093192	-1.249350	13.967003	-4.827331	-9.148735
0.092501	-1.238412	13.951137	-4.836787	-9.247015
0.091713	-1.229443	13.934706	-4.845512	-9.345269
0.090821	-1.222471	13.917724	-4.853504	-9.443492
0.089818	-1.216532	13.900202	-4.860767	-9.541677
0.088694	-1.211668	13.882152	-4.867304	-9.639817
0.087444	-1.208930	13.863584	-4.873123	-9.737905
0.086060	-1.206381	13.844511	-4.878231	-9.835937
0.084535	-1.206098	13.824943	-4.882638	-9.933904
0.082866	-1.206157	13.804890	-4.886356	-10.031802
0.081061	-1.207582	13.784363	-4.889398	-10.129626
0.079133	-1.210390	13.763374	-4.891780	-10.227369
0.077093	-1.213616	13.741932	-4.893517	-10.325028
0.074954	-1.219304	13.720048	-4.894629	-10.422598
0.072730	-1.225516	13.697734	-4.895135	-10.520075
0.070434	-1.233327	13.674998	-4.895056	-10.617456
0.068080	-1.242825	13.651852	-4.894413	-10.714738
0.065681	-1.254113	13.628305	-4.893229	-10.811919
0.063253	-1.267308	13.604367	-4.891528	-10.908997
0.060810	-1.282540	13.580046	-4.889334	-11.005970
0.058368	-1.298951	13.555351	-4.886672	-11.102836
0.055942	-1.318691	13.530292	-4.883567	-11.199595
0.053548	-1.340913	13.504876	-4.880046	-11.296247
0.051203	-1.364771	13.479109	-4.876133	-11.392792
0.048924	-1.392403	13.453001	-4.871855	-11.489228
0.046726	-1.421926	13.426557	-4.867238	-11.585558
0.044627	-1.455414	13.399784	-4.862307	-11.681781
0.042641	-1.490878	13.372687	-4.857087	-11.777898
0.040786	-1.530243	13.345273	-4.851603	-11.873911
0.039072	-1.571358	13.317545	-4.845879	-11.969819
0.037506	-1.616102	13.289508	-4.839939	-12.065624
0.036092	-1.663305	13.261167	-4.833806	-12.161328
0.034831	-1.711702	13.232524	-4.827501	-12.256930
0.033725	-1.762934	13.203584	-4.821046	-12.352433
0.032774	-1.815545	13.174348	-4.814462	-12.447837
0.031974	-1.868997	13.144819	-4.807767	-12.543143
0.031322	-1.922690	13.115000	-4.800982	-12.638352
0.030810	-1.975991	13.084891	-4.794124	-12.733465
0.030430	-2.028263	13.054495	-4.787210	-12.828482
0.030170	-2.078900	13.023813	-4.780258	-12.923404
0.030021	-2.127354	12.992845	-4.773281	-13.018232
0.029968	-2.173157	12.961592	-4.766296	-13.112966
0.029998	-2.216926	12.930054	-4.759316	-13.207605
0.030098	-2.256376	12.898232	-4.752354	-13.302151
0.030256	-2.293307	12.866126	-4.745422	-13.396603
0.030458	-2.326597	12.833735	-4.738531	-13.490961
0.030693	-2.355187	12.801060	-4.731692	-13.585224
0.030951	-2.381069	12.768099	-4.724913	-13.679392
0.031222	-2.404271	12.734851	-4.718204	-13.773464
0.031497	-2.422882	12.701317	-4.711571	-13.867440
0.031771	-2.438152	12.667496	-4.705021	-13.961318
0.032039	-2.451365	12.633385	-4.698560	-14.055099
0.032298	-2.460795	12.598984	-4.692193	-14.148779
0.032544	-2.468706	12.564293	-4.685923	-14.242359
0.032778	-2.474346	12.529309	-4.679753	-14.335837
0.032997	-2.476955	12.494032	-4.673686	-14.429211
0.033201	-2.478758	12.458460	-4.667724	-14.522480
0.033391	-2.477970	12.422592	-4.661867	-14.615642
0.033566	-2.476799	12.386427	-4.656117	-14.708695
0.033727	-2.473442	12.349962	-4.650473	-14.801639
0.033874	-2.469092	12.313198	-4.644935	-14.894471
0.034009	-2.463933	12.276133	-4.639503	-14.987189
0.034130	-2.458148	12.238765	-4.634174	-15.079792
0.034239	-2.451911	12.201094	-4.628948	-15.172277
0.034336	-2.444398	12.163117	-4.623823	-15.264643
0.034420	-2.437778	12.124835	-4.618796	-15.356889
0.034492	-2.429221	12.086246	-4.613866	-15.449011
0.034552	-2.421893	12.047350	-4.609031	-15.541010
0.034599	-2.413961	12.008145	-4.604288	-15.632882
0.034632	-2.406563	11.968632	-4.599634	-15.724626
0.034653	-2.398728	11.928809	-4.595068	-15.816241
0.034662	-2.392458	11.888677	-4.590586	-15.907725
0.034659	-2.385757	11.848236	-4.586187	-15.999077
0.034646	-2.378631	11.807485	-4.581868	-16.090295
0.034622	-2.373087	11.766425	-4.577628	-16.181378
0.034590	-2.367134	11.725056	-4.573464	-16.272324
0.034550	-2.361781	11.683378	-4.569374	-16.363133
0.034502	-2.357039	11.641392	-4.565357	-16.453803
0.034447	-2.352919	11.599099	-4.561410	-16.544333
0.034387	-2.350434	11.556499	-4.557533	-16.634723
0.034323	-2.347597	11.513594	-4.553724	-16.724970
0.034255	-2.345421	11.470384	-4.549982	-16.815075
0.034184	-2.343921	11.426870	-4.546307	-16.905036
0.034112	-2.344111	11.383053	-4.542698	-16.994853
0.034040	-2.344004	11.338935	-4.539155	-17.084525
0.033969	-2.345614	11.294516	-4.535677	-17.174050
0.033901	-2.347954	11.249798	-4.532266	-17.263430
0.033836	-2.352037	11.204782	-4.528921	-17.352662
0.033777	-2.356874	11.159469	-4.525645	-17.441746
0.033723	-2.362459	11.113861	-4.522438	-17.530682
0.033676	-2.368726	11.067959	-4.519303	-17.619469
0.033635	-2.376593	11.021764	-4.516241	-17.708107
0.033598	-2.384978	10.975278	-4.513255	-17.796595
0.033566	-2.393800	10.928501	-4.510348	-17.884933
0.033538	-2.403977	10.881437	-4.507522	-17.973119
0.033513	-2.414429	10.834085	-4.504781	-18.061155
0.033489	-2.425074	10.786447	-4.502128	-18.149039
0.033467	-2.435835	10.738525	-4.499567	-18.236771
0.033444	-2.447634	10.690321	-4.497100	-18.324351
0.033420	-2.458393	10.641836	-4.494732	-18.411779
0.033393	-2.470040	10.593071	-4.492466	-18.499054
0.033362	-2.481499	10.544030	-4.490306	-18.586176
0.033325	-2.491699	10.494712	-4.488255	-18.673145
0.033281	-2.502570	10.445121	-4.486316	-18.759960
0.033227	-2.513042	10.395258	-4.484493	-18.846623
0.033162	-2.523045	10.345126	-4.482789	-18.933132
0.033084	-2.532512	10.294725	-4.481206	-19.019487
0.032992	-2.541374	10.244059	-4.479748	-19.105690
0.032882	-2.549562	10.193130	-4.478416	-19.191739
0.032754	-2.557022	10.141939	-4.477212	-19.277634
0.032609	-2.563771	10.090490	-4.476140	-19.363377
0.032446	-2.568838	10.038785	-4.475198	-19.448968
0.032269	-2.574252	9.986826	-4.474390	-19.534405
0.032077	-2.578037	9.934616	-4.473715	-19.619691
0.031873	-2.582219	9.882157	-4.473175	-19.704825
0.031658	-2.584818	9.829452	-4.472768	-19.789807
0.031433	-2.587856	9.776503	-4.472496	-19.874638
0.031199	-2.589354	9.723313	-4.472357	-19.959319
0.030959	-2.590330	9.669884	-4.472352	-20.043849
0.030714	-2.590804	9.616219	-4.472480	-20.128229
0.030465	-2.590795	9.562320	-4.472739	-20.212460
0.030215	-2.590322	9.508190	-4.473130	-20.296542
0.029964	-2.589405	9.453831	-4.473649	-20.380476
0.029714	-2.587065	9.399246	-4.474297	-20.464261
0.029468	-2.585323	9.344435	-4.475072	-20.547899
0.029226	-2.582203	9.289402	-4.475971	-20.631389
0.028990	-2.579729	9.234149	-4.476993	-20.714731
0.028763	-2.575926	9.178677	-4.478137	-20.797927
0.028546	-2.571825	9.122989	-4.479401	-20.880977
0.028339	-2.567460	9.067086	-4.480781	-20.963880
0.028144	-2.562890	9.010969	-4.482278	-21.046636
0.027959	-2.558183	8.954640	-4.483888	-21.129247
0.027786	-2.553408	8.898100	-4.485609	-21.211711
0.027622	-2.548634	8.841352	-4.487440	-21.294029
0.027469	-2.543934	8.784395	-4.489379	-21.376200
0.027325	-2.538381	8.727231	-4.491424	-21.458226
0.027191	-2.534050	8.669862	-4.493573	-21.540104
0.027065	-2.530015	8.612287	-4.495824	-21.621836
0.026948	-2.526354	8.554509	-4.498176	-21.703422
0.026840	-2.523142	8.496528	-4.500628	-21.784860
0.026738	-2.520456	8.438346	-4.503178	-21.866151
0.026644	-2.518374	8.379962	-4.505825	-21.947295
0.026557	-2.516971	8.321379	-4.508568	-22.028292
0.026476	-2.517327	8.262596	-4.511408	-22.109141
0.026401	-2.517516	8.203616	-4.514342	-22.189842
0.026331	-2.519616	8.144438	-4.517372	-22.270395
0.026268	-2.522703	8.085065	-4.520497	-22.350801
0.026210	-2.526853	8.025497	-4.523719	-22.431059
0.026157	-2.533142	7.965736	-4.527037	-22.511168
0.026110	-2.539616	7.905782	-4.530453	-22.591130
0.026069	-2.548212	7.845638	-4.533968	-22.670944
0.026032	-2.558837	7.785304	-4.537585	-22.750610
0.026000	-2.569398	7.724782	-4.541305	-22.830129
0.025972	-2.581802	7.664074	-4.545132	-22.909501
0.025947	-2.594954	7.603181	-4.549067	-22.988726
0.025926	-2.608761	7.542105	-4.553114	-23.067805
0.025908	-2.623130	7.480849	-4.557276	-23.146737
0.025892	-2.637969	7.419414	-4.561556	-23.225524
0.025876	-2.653188	7.357802	-4.565957	-23.304166
0.025862	-2.669698	7.296015	-4.570483	-23.382664
0.025846	-2.685412	7.234055	-4.575137	-23.461018
0.025829	-2.701246	7.171926	-4.579924	-23.539229
0.025809	-2.718117	7.109628	-4.584845	-23.617298
0.025785	-2.733947	7.047164	-4.589905	-23.695226
0.025755	-2.749659	6.984538	-4.595107	-23.773013
0.025717	-2.765177	6.921751	-4.600454	-23.850661
0.025671	-2.781432	6.858805	-4.605949	-23.928170
0.025613	-2.796354	6.795704	-4.611595	-24.005542
0.025544	-2.810874	6.732451	-4.617395	-24.082777
0.025459	-2.823948	6.669047	-4.623352	-24.159878
0.025360	-2.837605	6.605496	-4.629467	-24.236844
0.025244	-2.850899	6.541800	-4.635742	-24.313678
0.025112	-2.862879	6.477962	-4.642180	-24.390381
0.024962	-2.875599	6.413984	-4.648781	-24.466953
0.024795	-2.887110	6.349871	-4.655548	-24.543397
0.024610	-2.898468	6.285624	-4.662480	-24.619714
0.024407	-2.909726	6.221246	-4.669579	-24.695905
0.024184	-2.919942	6.156742	-4.676846	-24.771973
0.023942	-2.931176	6.092112	-4.684280	-24.847919
0.023681	-2.942490	6.027361	-4.691882	-24.923745
0.023401	-2.952950	5.962492	-4.699651	-24.999452
0.023100	-2.963626	5.897508	-4.707588	-25.075044
0.022780	-2.974592	5.832412	-4.715692	-25.150521
0.022440	-2.985931	5.767208	-4.723963	-25.225887
0.022080	-2.997729	5.701898	-4.732399	-25.301143
0.021701	-3.009083	5.636488	-4.740999	-25.376293
0.021301	-3.022099	5.570979	-4.749763	-25.451338
0.020883	-3.034895	5.505376	-4.758689	-25.526283
0.020445	-3.048603	5.439684	-4.767775	-25.601128
0.019990	-3.063353	5.373904	-4.777020	-25.675879
0.019524	-3.078222	5.308043	-4.786423	-25.750537
0.019052	-3.095258	5.242103	-4.795980	-25.825106
0.018581	-3.112496	5.176089	-4.805691	-25.899590
0.018119	-3.131945	5.110005	-4.815553	-25.973992
0.017672	3.131597	5.043855	-4.825565	-26.048316
0.017246	3.110819	4.977644	-4.835724	-26.122564
0.016847	3.089008	4.911375	-4.846030	-26.196741
0.016483	3.066321	4.845053	-4.856480	-26.270851
0.016159	3.042976	4.778681	-4.867073	-26.344895
0.015880	3.019254	4.712264	-4.877809	-26.418877
0.015651	2.994501	4.645803	-4.888686	-26.492801
0.015479	2.971120	4.579305	-4.899703	-26.566670
0.015367	2.948558	4.512770	-4.910862	-26.640485
0.015318	2.926294	4.446203	-4.922162	-26.714248
0.015338	2.906808	4.379605	-4.933604	-26.787963
0.015428	2.888564	4.312980	-4.945189	-26.861630
0.015592	2.872977	4.246329	-4.956919	-26.935252
0.015834	2.860395	4.179654	-4.968796	-27.008827
0.016156	2.850076	4.112956	-4.980823	-27.082358
0.016559	2.843108	4.046237	-4.993003	-27.155843
0.017037	2.839209	3.979495	-5.005342	-27.229283
0.017579	2.837969	3.912733	-5.017843	-27.302675
0.018179	2.838964	3.845949	-5.030511	-27.376019
0.018826	2.840781	3.779142	-5.043352	-27.449313
0.019514	2.844035	3.712312	-5.056373	-27.522554
0.020234	2.848378	3.645458	-5.069579	-27.595740
0.020977	2.854511	3.578578	-5.082978	-27.668867
0.021736	2.859174	3.511672	-5.096575	-27.741933
0.022502	2.865151	3.444736	-5.110378	-27.814934
0.023267	2.871264	3.377771	-5.124393	-27.887867
0.024023	2.877367	3.310774	-5.138627	-27.960728
0.024760	2.883340	3.243743	-5.153086	-28.033514
0.025471	2.889089	3.176677	-5.167778	-28.106221
0.026147	2.894535	3.109574	-5.182708	-28.178845
0.026779	2.900616	3.042432	-5.197881	-28.251383
0.027357	2.905279	2.975251	-5.213304	-28.323832
0.027875	2.909477	2.908027	-5.228980	-28.396187
0.028321	2.914170	2.840762	-5.244915	-28.468446
0.028689	2.918317	2.773452	-5.261111	-28.540607
0.028970	2.921897	2.706099	-5.277573	-28.612665
0.029165	2.924960	2.638699	-5.294300	-28.684621
0.029278	2.927567	2.571255	-5.311296	-28.756470
0.029312	2.930766	2.503764	-5.328561	-28.828213
0.029269	2.933599	2.436228	-5.346094	-28.899847
0.029153	2.936099	2.368646	-5.363894	-28.971372
0.028966	2.937296	2.301019	-5.381961	-29.042787
0.028711	2.939214	2.233346	-5.400292	-29.114092
0.028393	2.941874	2.165630	-5.418884	-29.185287
0.028013	2.943294	2.097869	-5.437735	-29.256373
0.027574	2.944490	2.030065	-5.456840	-29.327349
0.027081	2.945473	1.962219	-5.476195	-29.398218
0.026535	2.946256	1.894332	-5.495796	-29.468979
0.025940	2.947849	1.826406	-5.515637	-29.539635
0.025299	2.948260	1.758440	-5.535712	-29.610188
0.024615	2.948497	1.690437	-5.556016	-29.680638
0.023892	2.948567	1.622398	-5.576543	-29.750990
0.023131	2.949477	1.554324	-5.597285	-29.821245
0.022337	2.949233	1.486217	-5.618235	-29.891405
0.021512	2.948843	1.418078	-5.639387	-29.961474
0.020659	2.947308	1.349908	-5.660733	-30.031455
0.019783	2.946615	1.281711	-5.682265	-30.101351
0.018886	2.945741	1.213486	-5.703975	-30.171165
0.017973	2.944660	1.145236	-5.725856	-30.240902
0.017048	2.942342	1.076962	-5.747898	-30.310564
0.016113	2.940748	1.008666	-5.770094	-30.380156
0.015174	2.937835	0.940350	-5.792435	-30.449681
0.014233	2.935547	0.872015	-5.814913	-30.519144
0.013295	2.931819	0.803662	-5.837520	-30.588547
0.012364	2.927568	0.735294	-5.860247	-30.657896
0.011442	2.923694	0.666912	-5.883085	-30.727195
0.010534	2.918069	0.598518	-5.906028	-30.796447
0.009644	2.912533	0.530112	-5.929066	-30.865656
0.008776	2.904881	0.461696	-5.952192	-30.934826
0.007933	2.896851	0.393273	-5.975398	-31.003961
0.007119	2.886099	0.324842	-5.998676	-31.073065
0.006338	2.874177	0.256405	-6.022020	-31.142141
0.005594	2.859487	0.187964	-6.045422	-31.211193
0.004892	2.840232	0.119520	-6.068876	-31.280225
0.004235	2.817346	0.051074	-6.092375	-31.349238
0.003627	2.788344	-0.017374	-6.115915	-31.418237
0.003068	2.750926	-0.085822	-6.139488	-31.487224
0.002558	2.702542	-0.154269	-6.163091	-31.556201
0.002098	2.635630	-0.222715	-6.186718	-31.625171
0.001691	2.542293	-0.291158	-6.210366	-31.694137
0.001342	2.408409	-0.359599	-6.234030	-31.763100
0.001061	2.214685	-0.428036	-6.257706	-31.832062
0.000865	1.940657	-0.496469	-6.281393	-31.901025
0.000772	1.603209	-0.564898	-6.305087	-31.969990
0.000778	1.271406	-0.633321	-6.328784	-32.038959
0.000851	1.011734	-0.701738	-6.352485	-32.107932
0.000953	0.833459	-0.770150	-6.376185	-32.176912
0.001061	0.714828	-0.838554	-6.399884	-32.245898
0.001161	0.637427	-0.906953	-6.423580	-32.314892
0.001247	0.589178	-0.975344	-6.447273	-32.383895
0.001317	0.560054	-1.043727	-6.470961	-32.452906
0.001369	0.546242	-1.112103	-6.494644	-32.521927
0.001405	0.544916	-1.180471	-6.518321	-32.590957
0.001424	0.554503	-1.248831	-6.541992	-32.659998
0.001429	0.574270	-1.317183	-6.565658	-32.729048
0.001422	0.603991	-1.385526	-6.589318	-32.798109
0.001405	0.642543	-1.453861	-6.612973	-32.867180
0.001380	0.691982	-1.522187	-6.636624	-32.936261
0.001351	0.750458	-1.590504	-6.660271	-33.005352
0.001320	0.820041	-1.658813	-6.683915	-33.074453
0.001290	0.898511	-1.727113	-6.707557	-33.143563
0.001265	0.987138	-1.795403	-6.731198	-33.212682
0.001247	1.082490	-1.863685	-6.754839	-33.281811
0.001239	1.183357	-1.931957	-6.778481	-33.350948
0.001242	1.287868	-2.000221	-6.802126	-33.420093
0.001256	1.390824	-2.068475	-6.825774	-33.489245
0.001281	1.490147	-2.136721	-6.849427	-33.558405
0.001316	1.584291	-2.204957	-6.873087	-33.627572
0.001357	1.669478	-2.273185	-6.896753	-33.696745
0.001404	1.746717	-2.341403	-6.920428	-33.765924
0.001452	1.813664	-2.409613	-6.944113	-33.835108
0.001498	1.872423	-2.477814	-6.967808	-33.904297
0.001541	1.922337	-2.546007	-6.991514	-33.973491
0.001576	1.963826	-2.614191	-7.015232	-34.042690
0.001602	1.997259	-2.682366	-7.038963	-34.111892
0.001616	2.023123	-2.750533	-7.062708	-34.181098
0.001619	2.042697	-2.818693	-7.086466	-34.250307
0.001610	2.058200	-2.886844	-7.110237	-34.319519
0.001591	2.068611	-2.954987	-7.134023	-34.388734
0.001563	2.076750	-3.023123	-7.157822	-34.457952
0.001527	2.082347	-3.091251	-7.181635	-34.527173
0.001483	2.085093	-3.159372	-7.205460	-34.596396
0.001433	2.087691	-3.227487	-7.229299	-34.665621
0.001379	2.089904	-3.295594	-7.253150	-34.734849
0.001320	2.092603	-3.363695	-7.277014	-34.804079
0.001259	2.096823	-3.431790	-7.300888	-34.873311
0.001196	2.103816	-3.499879	-7.324774	-34.942545
0.001133	2.115113	-3.567963	-7.348670	-35.011781
0.001072	2.132575	-3.636042	-7.372576	-35.081018
0.001012	2.158412	-3.704115	-7.396492	-35.150257
0.000957	2.195134	-3.772185	-7.420417	-35.219497
0.000909	2.245345	-3.840250	-7.444350	-35.288738
0.000870	2.311260	-3.908312	-7.468292	-35.357979
0.000845	2.393852	-3.976372	-7.492242	-35.427220
0.000837	2.491738	-4.044429	-7.516200	-35.496461
0.000850	2.598991	-4.112484	-7.540167	-35.565700
0.000887	2.709113	-4.180538	-7.564141	-35.634938
0.000944	2.812183	-4.248591	-7.588124	-35.704174
0.001020	2.905114	-4.316645	-7.612116	-35.773406
0.001111	2.983885	-4.384700	-7.636118	-35.842634
0.001214	3.049699	-4.452756	-7.660128	-35.911857
0.001325	3.104944	-4.520815	-7.684150	-35.981074
0.001441	-3.133770	-4.588877	-7.708182	-36.050284
0.001558	-3.097301	-4.656942	-7.732226	-36.119487
0.001675	-3.066271	-4.725012	-7.756282	-36.188680
0.001787	-3.041370	-4.793087	-7.780351	-36.257865
0.001894	-3.019538	-4.861168	-7.804433	-36.327039
0.001991	-3.001918	-4.929256	-7.828529	-36.396202
0.002078	-2.985825	-4.997350	-7.852639	-36.465353
0.002151	-2.972702	-5.065452	-7.876764	-36.534491
0.002209	-2.960092	-5.133562	-7.900905	-36.603617
0.002250	-2.948609	-5.201680	-7.925060	-36.672728
0.002270	-2.937914	-5.269806	-7.949232	-36.741826
0.002268	-2.927693	-5.337942	-7.973418	-36.810910
0.002243	-2.917631	-5.406086	-7.997620	-36.879980
0.002191	-2.906379	-5.474240	-8.021837	-36.949035
0.002116	-2.895503	-5.542402	-8.046068	-37.018077
0.002019	-2.882501	-5.610573	-8.070313	-37.087105
0.001902	-2.868746	-5.678753	-8.094571	-37.156120
0.001768	-2.851402	-5.746941	-8.118840	-37.225123
0.001620	-2.830292	-5.815137	-8.143121	-37.294115
0.001460	-2.803667	-5.883340	-8.167411	-37.363095
0.001291	-2.768798	-5.951550	-8.191710	-37.432066
0.001115	-2.721198	-6.019766	-8.216016	-37.501028
0.000937	-2.653059	-6.087988	-8.240328	-37.569983
0.000762	-2.549983	-6.156215	-8.264644	-37.638931
0.000599	-2.384400	-6.224447	-8.288963	-37.707873
0.000466	-2.107714	-6.292682	-8.313283	-37.776812
0.000395	-1.680355	-6.360921	-8.337603	-37.845746
0.000416	-1.206523	-6.429163	-8.361921	-37.914679
0.000512	-0.863615	-6.497407	-8.386236	-37.983611
0.000646	-0.660663	-6.565652	-8.410545	-38.052543
0.000791	-0.545562	-6.633899	-8.434849	-38.121475
0.000937	-0.479510	-6.702148	-8.459145	-38.190409
0.001076	-0.445313	-6.770397	-8.483432	-38.259345
0.001206	-0.431674	-6.838647	-8.507709	-38.328285
0.001325	-0.431573	-6.906897	-8.531974	-38.397227
0.001434	-0.440636	-6.975148	-8.556227	-38.466174
0.001531	-0.457181	-7.043400	-8.580465	-38.535124
0.001618	-0.477475	-7.111653	-8.604689	-38.604079
0.001694	-0.502341	-7.179908	-8.628898	-38.673037
0.001761	-0.528954	-7.248165	-8.653090	-38.742000
0.001816	-0.558721	-7.316423	-8.677265	-38.810966
0.001862	-0.590205	-7.384684	-8.701422	-38.879936
0.001898	-0.622094	-7.452949	-8.725561	-38.948909
0.001922	-0.656164	-7.521217	-8.749682	-39.017885
0.001937	-0.691278	-7.589489	-8.773785	-39.086863
0.001939	-0.726371	-7.657766	-8.797868	-39.155843
0.001931	-0.763458	-7.726048	-8.821933	-39.224825
0.001909	-0.800641	-7.794335	-8.845980	-39.293808
0.001875	-0.840127	-7.862629	-8.870008	-39.362791
0.001828	-0.880258	-7.930929	-8.894019	-39.431774
0.001766	-0.923565	-7.999235	-8.918012	-39.500756
0.001689	-0.968846	-8.067548	-8.941990	-39.569737
0.001596	-1.018318	-8.135869	-8.965952	-39.638717
0.001487	-1.073948	-8.204196	-8.989900	-39.707694
0.001364	-1.138090	-8.272531	-9.013835	-39.776668
0.001230	-1.217827	-8.340873	-9.037759	-39.845640
0.001088	-1.318983	-8.409221	-9.061674	-39.914608
0.000947	-1.455809	-8.477576	-9.085580	-39.983573
0.000815	-1.644523	-8.545937	-9.109481	-40.052533
0.000713	-1.906746	-8.614304	-9.133377	-40.121490
0.000668	-2.243215	-8.682676	-9.157272	-40.190441
0.000703	-2.601132	-8.751053	-9.181167	-40.259388
0.000816	-2.905646	-8.819433	-9.205065	-40.328330
0.000988	-3.130172	-8.887817	-9.228969	-40.397267
0.001199	2.994323	-8.956204	-9.252880	-40.466198
0.001435	2.880774	-9.024593	-9.276802	-40.535124
0.001688	2.797028	-9.092982	-9.300737	-40.604044
0.001953	2.733220	-9.161372	-9.324688	-40.672959
0.002227	2.683136	-9.229761	-9.348658	-40.741868
0.002506	2.642793	-9.298148	-9.372649	-40.810771
0.002789	2.608563	-9.366533	-9.396665	-40.879668
0.003074	2.580659	-9.434914	-9.420707	-40.948559
0.003360	2.555828	-9.503291	-9.444779	-41.017444
0.003645	2.535201	-9.571662	-9.468884	-41.086324
0.003927	2.516238	-9.640027	-9.493024	-41.155197
0.004205	2.499552	-9.708384	-9.517202	-41.224065
0.004476	2.484833	-9.776732	-9.541421	-41.292927
0.004740	2.471836	-9.845071	-9.565683	-41.361783
0.004994	2.459364	-9.913399	-9.589992	-41.430634
0.005236	2.449256	-9.981715	-9.614348	-41.499479
0.005466	2.439384	-10.050019	-9.638755	-41.568319
0.005680	2.431643	-10.118309	-9.663214	-41.637154
0.005878	2.423949	-10.186584	-9.687729	-41.705984
0.006057	2.417239	-10.254845	-9.712300	-41.774808
0.006216	2.411463	-10.323089	-9.736929	-41.843628
0.006353	2.406587	-10.391316	-9.761617	-41.912443
0.006466	2.402595	-10.459526	-9.786367	-41.981253
0.006554	2.399481	-10.527719	-9.811178	-42.050059
0.006615	2.397258	-10.595893	-9.836053	-42.118861
0.006647	2.395956	-10.664048	-9.860991	-42.187657
0.006648	2.395625	-10.732184	-9.885992	-42.256450
0.006617	2.397339	-10.800302	-9.911057	-42.325237
0.006553	2.399203	-10.868401	-9.936185	-42.394020
0.006453	2.402326	-10.936482	-9.961376	-42.462799
0.006320	2.406708	-11.004544	-9.986629	-42.531573
0.006157	2.412345	-11.072589	-10.011942	-42.600341
0.005967	2.419265	-11.140617	-10.037314	-42.669105
0.005752	2.428527	-11.208629	-10.062743	-42.737864
0.005516	2.438220	-11.276626	-10.088228	-42.806617
0.005260	2.449467	-11.344609	-10.113766	-42.875364
0.004988	2.463431	-11.412578	-10.139354	-42.944106
0.004703	2.479323	-11.480536	-10.164990	-43.012841
0.004407	2.496410	-11.548483	-10.190672	-43.081571
0.004103	2.517026	-11.616420	-10.216396	-43.150294
0.003795	2.540597	-11.684348	-10.242160	-43.219010
0.003484	2.567658	-11.752270	-10.267960	-43.287720
0.003175	2.599886	-11.820186	-10.293794	-43.356423
0.002870	2.636141	-11.888097	-10.319659	-43.425119
0.002572	2.679516	-11.956004	-10.345551	-43.493808
0.002284	2.729397	-12.023910	-10.371468	-43.562489
0.002010	2.789524	-12.091814	-10.397407	-43.631164
0.001753	2.861031	-12.159718	-10.423365	-43.699832
0.001515	2.947412	-12.227622	-10.449338	-43.768493
0.001302	3.049620	-12.295529	-10.475325	-43.837148
0.001113	-3.109045	-12.363437	-10.501324	-43.905796
0.000951	-2.957703	-12.431349	-10.527331	-43.974437
0.000818	-2.774369	-12.499264	-10.553344	-44.043073
0.000719	-2.557206	-12.567183	-10.579362	-44.111703
0.000654	-2.311325	-12.635107	-10.605383	-44.180328
0.000625	-2.055021	-12.703034	-10.631404	-44.248948
0.000624	-1.807096	-12.770966	-10.657425	-44.317564
0.000646	-1.583581	-12.838903	-10.683444	-44.386176
0.000681	-1.389205	-12.906844	-10.709459	-44.454785
0.000722	-1.221326	-12.974790	-10.735470	-44.523392
0.000766	-1.074473	-13.042740	-10.761475	-44.591997
0.000810	-0.943059	-13.110693	-10.787474	-44.660600
0.000851	-0.822391	-13.178650	-10.813465	-44.729203
0.000891	-0.708823	-13.246610	-10.839449	-44.797806
0.000928	-0.599640	-13.314572	-10.865423	-44.866410
0.000964	-0.492893	-13.382536	-10.891389	-44.935015
0.001000	-0.387273	-13.450501	-10.917346	-45.003623
0.001036	-0.282008	-13.518466	-10.943293	-45.072234
0.001075	-0.177804	-13.586431	-10.969230	-45.140850
0.001118	-0.073109	-13.654394	-10.995158	-45.209470
0.001165	0.027960	-13.722356	-11.021077	-45.278096
0.001220	0.123897	-13.790314	-11.046986	-45.346728
0.001281	0.212476	-13.858268	-11.072887	-45.415368
0.001348	0.291980	-13.926217	-11.098779	-45.484016
0.001420	0.361263	-13.994161	-11.124663	-45.552672
0.001494	0.419673	-14.062098	-11.150539	-45.621339
0.001568	0.466916	-14.130027	-11.176407	-45.690015
0.001641	0.502891	-14.197948	-11.202268	-45.758703
0.001710	0.527545	-14.265860	-11.228121	-45.827402
0.001774	0.541762	-14.333762	-11.253967	-45.896114
0.001832	0.543289	-14.401654	-11.279806	-45.964838
0.001884	0.532692	-14.469536	-11.305638	-46.033576
0.001930	0.510350	-14.537407	-11.331462	-46.102326
0.001973	0.473515	-14.605268	-11.357277	-46.171091
0.002014	0.423433	-14.673117	-11.383083	-46.239869
0.002061	0.359590	-14.740957	-11.408879	-46.308662
0.002118	0.280079	-14.808787	-11.434663	-46.377468
0.002196	0.188055	-14.876608	-11.460434	-46.446288
0.002305	0.085114	-14.944421	-11.486190	-46.515122
0.002455	-0.023284	-15.012226	-11.511928	-46.583969
0.002655	-0.131571	-15.080026	-11.537647	-46.652830
0.002908	-0.233968	-15.147822	-11.563342	-46.721703
0.003212	-0.325737	-15.215616	-11.589012	-46.790588
0.003565	-0.406201	-15.283409	-11.614651	-46.859484
0.003963	-0.475240	-15.351204	-11.640256	-46.928392
0.004400	-0.533656	-15.419002	-11.665824	-46.997310
0.004870	-0.581673	-15.486807	-11.691349	-47.066238
0.005368	-0.621610	-15.554620	-11.716826	-47.135175
0.005889	-0.654711	-15.622443	-11.742252	-47.204121
0.006428	-0.682076	-15.690280	-11.767621	-47.273074
0.006981	-0.703642	-15.758133	-11.792928	-47.342035
0.007542	-0.722193	-15.826003	-11.818168	-47.411004
0.008108	-0.736377	-15.893893	-11.843336	-47.479978
0.008675	-0.748727	-15.961806	-11.868426	-47.548959
0.009238	-0.757683	-16.029744	-11.893433	-47.617945
0.009794	-0.765608	-16.097709	-11.918352	-47.686937
0.010338	-0.770803	-16.165702	-11.943177	-47.755935
0.010868	-0.775517	-16.233727	-11.967904	-47.824937
0.011378	-0.778961	-16.301784	-11.992528	-47.893944
0.011867	-0.781319	-16.369875	-12.017042	-47.962955
0.012335	-0.782775	-16.438003	-12.041444	-48.031971
0.012781	-0.783480	-16.506168	-12.065729	-48.100992
0.013209	-0.784557	-16.574371	-12.089892	-48.170017
0.013618	-0.784100	-16.642615	-12.113929	-48.239047
0.014010	-0.784188	-16.710899	-12.137836	-48.308081
0.014386	-0.782884	-16.779226	-12.161609	-48.377119
0.014747	-0.782239	-16.847595	-12.185246	-48.446162
0.015095	-0.780296	-16.916009	-12.208741	-48.515210
0.015429	-0.778089	-16.984467	-12.232093	-48.584263
0.015753	-0.776646	-17.052970	-12.255297	-48.653320
0.016066	-0.773989	-17.121519	-12.278350	-48.722383
0.016371	-0.771137	-17.190114	-12.301250	-48.791451
0.016667	-0.768105	-17.258755	-12.323993	-48.860524
0.016957	-0.763903	-17.327444	-12.346576	-48.929603
0.017242	-0.759540	-17.396179	-12.368996	-48.998689
0.017522	-0.755022	-17.464962	-12.391250	-49.067781
0.017799	-0.749354	-17.533791	-12.413336	-49.136880
0.018074	-0.743537	-17.602668	-12.435250	-49.205987
0.018348	-0.736571	-17.671591	-12.456990	-49.275103
0.000000	0.000000	-17.671591	-12.456990	-49.275103
