0.050779	-0.823238	0.000000	0.000000	0.000000
0.046440	-0.782910	0.099999	0.000345	-0.000372
0.042187	-0.735580	0.199994	0.001020	-0.001072
0.038052	-0.679603	0.299984	0.002007	-0.002055
0.034073	-0.612807	0.399969	0.003290	-0.003277
0.030294	-0.532342	0.499946	0.004852	-0.004695
0.026772	-0.435548	0.599917	0.006674	-0.006267
0.023577	-0.315971	0.699882	0.008740	-0.007952
0.020796	-0.170860	0.799840	0.011029	-0.009710
0.018534	0.004280	0.899793	0.013524	-0.011503
0.016895	0.208613	0.999741	0.016203	-0.013295
0.015954	0.433556	1.099685	0.019048	-0.015052
0.015709	0.662997	1.199626	0.022038	-0.016743
0.016063	0.879725	1.299565	0.025151	-0.018336
0.016853	1.071969	1.399502	0.028367	-0.019806
0.017908	1.238313	1.499439	0.031663	-0.021127
0.019079	1.382793	1.599376	0.035018	-0.022280
0.020257	1.508513	1.699314	0.038408	-0.023245
0.021363	1.621715	1.799254	0.041811	-0.024008
0.022349	1.727083	1.899194	0.045203	-0.024557
0.023186	1.828663	1.999138	0.048560	-0.024886
0.023875	1.929804	2.099083	0.051858	-0.024990
0.024459	2.032563	2.199031	0.055072	-0.024871
0.024997	2.137009	2.298983	0.058177	-0.024533
0.025550	2.245430	2.398937	0.061148	-0.023985
0.026180	2.355361	2.498895	0.063959	-0.023236
0.026943	2.467662	2.598856	0.066585	-0.022303
0.027887	2.578667	2.698821	0.069001	-0.021201
0.029046	2.688432	2.798789	0.071180	-0.019951
0.030440	2.793028	2.898761	0.073099	-0.018574
0.032071	2.891802	2.998737	0.074731	-0.017093
0.033930	2.984543	3.098716	0.076053	-0.015533
0.035995	3.068539	3.198698	0.077039	-0.013920
0.038237	-3.138657	3.298683	0.077667	-0.012281
0.040622	-3.070584	3.398669	0.077912	-0.010644
0.043112	-3.009100	3.498656	0.077752	-0.009035
0.045670	-2.955740	3.598642	0.077165	-0.007484
0.048257	-2.908984	3.698626	0.076128	-0.006018
0.050838	-2.868309	3.798606	0.074623	-0.004663
0.053376	-2.832228	3.898578	0.072628	-0.003447
0.055837	-2.802308	3.998541	0.070125	-0.002393
0.058192	-2.777074	4.098492	0.067096	-0.001526
0.060431	-2.754749	4.198426	0.063524	-0.000867
0.062551	-2.736613	4.298339	0.059392	-0.000436
0.064552	-2.721082	4.398228	0.054687	-0.000253
0.066435	-2.707679	4.498088	0.049393	-0.000334
0.068205	-2.695004	4.597914	0.043498	-0.000695
0.069866	-2.684724	4.697699	0.036990	-0.001352
0.071424	-2.675550	4.797440	0.029856	-0.002318
0.072886	-2.666236	4.897129	0.022087	-0.003605
0.074259	-2.658562	4.996762	0.013673	-0.005226
0.075549	-2.651334	5.096330	0.004604	-0.007193
0.076765	-2.643376	5.195828	-0.005127	-0.009517
0.077915	-2.636528	5.295250	-0.015528	-0.012207
0.079007	-2.628643	5.394587	-0.026605	-0.015275
0.080050	-2.621584	5.493833	-0.038365	-0.018730
0.081051	-2.613223	5.592980	-0.050812	-0.022583
0.082021	-2.605440	5.692022	-0.063952	-0.026844
0.082969	-2.596124	5.790949	-0.077787	-0.031524
0.083904	-2.587170	5.889755	-0.092323	-0.036632
0.084837	-2.576481	5.988432	-0.107561	-0.042181
0.085776	-2.564995	6.086970	-0.123503	-0.048183
0.086724	-2.553769	6.185363	-0.140150	-0.054649
0.087682	-2.540886	6.283600	-0.157505	-0.061594
0.088651	-2.527423	6.381674	-0.175566	-0.069031
0.089631	-2.513458	6.479575	-0.194334	-0.076975
0.090622	-2.500063	6.577295	-0.213808	-0.085440
0.091626	-2.485307	6.674823	-0.233986	-0.094443
0.092641	-2.471258	6.772151	-0.254867	-0.103998
0.093669	-2.455978	6.869268	-0.276448	-0.114122
0.094708	-2.441529	6.966165	-0.298728	-0.124830
0.095758	-2.425968	7.062831	-0.321701	-0.136140
0.096817	-2.411349	7.159255	-0.345366	-0.148067
0.097886	-2.396723	7.255428	-0.369717	-0.160629
0.098962	-2.381139	7.351338	-0.394751	-0.173841
0.100044	-2.366642	7.446975	-0.420461	-0.187722
0.101129	-2.353275	7.542326	-0.446844	-0.202286
0.102216	-2.339076	7.637380	-0.473893	-0.217550
0.103303	-2.325083	7.732126	-0.501604	-0.233530
0.104386	-2.312330	7.826551	-0.529970	-0.250242
0.105463	-2.298847	7.920643	-0.558984	-0.267700
0.106531	-2.286658	8.014390	-0.588641	-0.285921
0.107589	-2.274756	8.107779	-0.618934	-0.304917
0.108636	-2.263129	8.200797	-0.649855	-0.324704
0.109670	-2.251765	8.293431	-0.681398	-0.345295
0.110690	-2.240652	8.385668	-0.713556	-0.366703
0.111696	-2.230778	8.477494	-0.746320	-0.388940
0.112685	-2.220132	8.568895	-0.779684	-0.412018
0.113658	-2.209703	8.659858	-0.813640	-0.435950
0.114612	-2.200480	8.750369	-0.848179	-0.460746
0.115548	-2.190453	8.840414	-0.883293	-0.486417
0.116464	-2.181612	8.929978	-0.918972	-0.512974
0.117359	-2.171947	9.019047	-0.955209	-0.540425
0.118232	-2.162448	9.107607	-0.991993	-0.568781
0.119082	-2.153107	9.195643	-1.029314	-0.598051
0.119909	-2.143912	9.283141	-1.067163	-0.628243
0.120712	-2.134857	9.370087	-1.105527	-0.659366
0.121490	-2.125932	9.456465	-1.144397	-0.691428
0.122241	-2.117129	9.542262	-1.183760	-0.724434
0.122966	-2.108439	9.627463	-1.223605	-0.758393
0.123664	-2.098855	9.712053	-1.263920	-0.793311
0.124333	-2.089369	9.796018	-1.304691	-0.829193
0.124972	-2.079986	9.879345	-1.345905	-0.866045
0.125581	-2.070712	9.962018	-1.387548	-0.903873
0.126158	-2.061550	10.044025	-1.429606	-0.942681
0.126702	-2.052506	10.125352	-1.472063	-0.982473
0.127210	-2.042584	10.205984	-1.514905	-1.023252
0.127683	-2.032789	10.285909	-1.558117	-1.065023
0.128118	-2.024125	10.365113	-1.601681	-1.107787
0.128515	-2.013595	10.443585	-1.645582	-1.151546
0.128870	-2.004205	10.521312	-1.689803	-1.196303
0.129184	-1.994958	10.598281	-1.734326	-1.242057
0.129454	-1.984858	10.674481	-1.779134	-1.288810
0.129680	-1.975908	10.749901	-1.824209	-1.336560
0.129858	-1.966112	10.824529	-1.869534	-1.385306
0.129989	-1.956474	10.898356	-1.915091	-1.435048
0.130070	-1.946998	10.971370	-1.960861	-1.485782
0.130099	-1.937688	11.043564	-2.006825	-1.537506
0.130075	-1.927547	11.114927	-2.052966	-1.590215
0.129997	-1.918581	11.185452	-2.099264	-1.643907
0.129862	-1.909792	11.255130	-2.145700	-1.698575
0.129671	-1.900177	11.323954	-2.192257	-1.754214
0.129432	-1.890695	11.391917	-2.238916	-1.810818
0.129158	-1.881299	11.459014	-2.285658	-1.868379
0.128858	-1.871943	11.525238	-2.332464	-1.926890
0.128545	-1.862582	11.590584	-2.379316	-1.986344
0.128228	-1.853174	11.655048	-2.426195	-2.046732
0.127921	-1.843677	11.718626	-2.473083	-2.108046
0.127634	-1.833052	11.781312	-2.519961	-2.170279
0.127379	-1.822260	11.843104	-2.566809	-2.233421
0.127168	-1.812265	11.903998	-2.613609	-2.297465
0.127013	-1.800035	11.963991	-2.660341	-2.362404
0.126925	-1.788537	12.023079	-2.706984	-2.428230
0.126917	-1.776744	12.081259	-2.753518	-2.494936
0.127002	-1.763632	12.138527	-2.799922	-2.562515
0.127192	-1.750180	12.194881	-2.846174	-2.630962
0.127499	-1.736373	12.250316	-2.892252	-2.700272
0.127936	-1.721201	12.304829	-2.938131	-2.770439
0.128515	-1.705657	12.358416	-2.983787	-2.841460
0.129252	-1.689742	12.411072	-3.029194	-2.913332
0.130157	-1.672463	12.462792	-3.074325	-2.986052
0.131238	-1.654860	12.513572	-3.119151	-3.059618
0.132478	-1.637082	12.563406	-3.163642	-3.134030
0.133851	-1.618294	12.612288	-3.207767	-3.209287
0.135332	-1.600649	12.660211	-3.251493	-3.285388
0.136895	-1.582285	12.707168	-3.294787	-3.362334
0.138512	-1.564324	12.753153	-3.337616	-3.440123
0.140157	-1.547878	12.798158	-3.379944	-3.518754
0.141801	-1.531045	12.842176	-3.421739	-3.598225
0.143416	-1.516910	12.885200	-3.462966	-3.678532
0.144973	-1.503554	12.927221	-3.503594	-3.759671
0.146444	-1.492047	12.968231	-3.543592	-3.841637
0.147800	-1.482458	13.008220	-3.582932	-3.924421
0.149013	-1.474851	13.047179	-3.621588	-4.008014
0.150053	-1.470293	13.085098	-3.659537	-4.092407
0.150893	-1.467852	13.121965	-3.696760	-4.177585
0.151506	-1.468602	13.157768	-3.733241	-4.263534
0.151864	-1.471628	13.192493	-3.768970	-4.350238
0.151941	-1.478023	13.226128	-3.803941	-4.437678
0.151712	-1.486899	13.258659	-3.838153	-4.525833
0.151152	-1.498387	13.290070	-3.871609	-4.614681
0.150248	-1.513596	13.320350	-3.904319	-4.704198
0.149027	-1.531465	13.349484	-3.936299	-4.794356
0.147522	-1.551899	13.377461	-3.967568	-4.885128
0.145770	-1.572806	13.404269	-3.998153	-4.976484
0.143806	-1.596099	13.429900	-4.028080	-5.068394
0.141665	-1.620686	13.454347	-4.057380	-5.160826
0.139381	-1.645466	13.477606	-4.086086	-5.253751
0.136987	-1.670326	13.499674	-4.114232	-5.347136
0.134516	-1.696139	13.520553	-4.141853	-5.440951
0.131996	-1.722753	13.540244	-4.168983	-5.535165
0.129458	-1.747995	13.558752	-4.195658	-5.629747
0.126927	-1.773659	13.576085	-4.221912	-5.724670
0.124428	-1.799511	13.592249	-4.247779	-5.819904
0.121980	-1.823280	13.607255	-4.273292	-5.915424
0.119604	-1.846660	13.621114	-4.298480	-6.011202
0.117315	-1.868308	13.633838	-4.323374	-6.107214
0.115126	-1.888846	13.645440	-4.347997	-6.203438
0.113050	-1.905859	13.655934	-4.372376	-6.299852
0.111094	-1.920902	13.665332	-4.396529	-6.396435
0.109269	-1.932503	13.673650	-4.420472	-6.493169
0.107579	-1.940254	13.680902	-4.444220	-6.590038
0.106011	-1.944100	13.687101	-4.467779	-6.687025
0.104554	-1.944094	13.692261	-4.491154	-6.784118
0.103197	-1.940313	13.696396	-4.514345	-6.881304
0.101934	-1.932855	13.699521	-4.537347	-6.978572
0.100758	-1.922838	13.701647	-4.560155	-7.075913
0.099668	-1.909398	13.702789	-4.582757	-7.173319
0.098660	-1.891688	13.702960	-4.605141	-7.270781
0.097733	-1.871880	13.702174	-4.627291	-7.368294
0.096887	-1.849159	13.700445	-4.649188	-7.465852
0.096119	-1.823724	13.697787	-4.670812	-7.563450
0.095429	-1.796786	13.694216	-4.692141	-7.661083
0.094813	-1.766569	13.689745	-4.713150	-7.758749
0.094270	-1.735302	13.684392	-4.733814	-7.856444
0.093792	-1.701219	13.678174	-4.754106	-7.954166
0.093376	-1.666558	13.671107	-4.773998	-8.051913
0.093011	-1.631555	13.663211	-4.793462	-8.149682
0.092690	-1.595442	13.654504	-4.812469	-8.247472
0.092399	-1.559447	13.645008	-4.830992	-8.345282
0.092128	-1.524789	13.634743	-4.849004	-8.443109
0.091861	-1.490651	13.623729	-4.866477	-8.540953
0.091591	-1.458107	13.611989	-4.883389	-8.638811
0.091311	-1.426202	13.599544	-4.899716	-8.736681
0.091013	-1.396974	13.586416	-4.915438	-8.834560
0.090689	-1.369461	13.572625	-4.930536	-8.932447
0.090333	-1.344697	13.558192	-4.944993	-9.030339
0.089935	-1.320713	13.543137	-4.958795	-9.128231
0.089489	-1.299538	13.527479	-4.971930	-9.226120
0.088987	-1.279203	13.511236	-4.984388	-9.324002
0.088420	-1.261735	13.494426	-4.996160	-9.421874
0.087782	-1.246164	13.477067	-5.007239	-9.519730
0.087064	-1.232520	13.459172	-5.017623	-9.617567
0.086259	-1.219838	13.440759	-5.027309	-9.715379
0.085360	-1.209156	13.421840	-5.036295	-9.813161
0.084360	-1.200516	13.402431	-5.044584	-9.910908
0.083251	-1.192969	13.382544	-5.052179	-10.008616
0.082028	-1.186574	13.362193	-5.059084	-10.106279
0.080682	-1.182401	13.341388	-5.065308	-10.203893
0.079209	-1.178535	13.320142	-5.070858	-10.301452
0.077602	-1.177079	13.298468	-5.075745	-10.398953
0.075859	-1.176134	13.276375	-5.079981	-10.496390
0.073987	-1.176729	13.253874	-5.083581	-10.593759
0.072000	-1.178891	13.230978	-5.086560	-10.691057
0.069908	-1.181660	13.207696	-5.088935	-10.788280
0.067724	-1.187098	13.184040	-5.090726	-10.885425
0.065461	-1.193281	13.160019	-5.091951	-10.982489
0.063133	-1.201308	13.135642	-5.092633	-11.079471
0.060754	-1.211297	13.110921	-5.092794	-11.176366
0.058337	-1.223385	13.085863	-5.092456	-11.273175
0.055899	-1.237733	13.060477	-5.091643	-11.369896
0.053454	-1.254520	13.034772	-5.090381	-11.466528
0.051018	-1.272948	13.008756	-5.088693	-11.563070
0.048607	-1.295232	12.982435	-5.086606	-11.659521
0.046238	-1.320601	12.955818	-5.084145	-11.755882
0.043930	-1.348285	12.928909	-5.081336	-11.852153
0.041698	-1.380504	12.901717	-5.078204	-11.948334
0.039561	-1.415445	12.874245	-5.074776	-12.044425
0.037537	-1.455237	12.846500	-5.071075	-12.140428
0.035643	-1.497916	12.818486	-5.067128	-12.236343
0.033894	-1.545380	12.790208	-5.062959	-12.332170
0.032305	-1.595400	12.761669	-5.058591	-12.427912
0.030880	-1.649776	12.732872	-5.054047	-12.523568
0.029623	-1.707212	12.703822	-5.049349	-12.619140
0.028536	-1.766257	12.674520	-5.044518	-12.714629
0.027618	-1.828307	12.644970	-5.039574	-12.810035
0.026866	-1.891619	12.615172	-5.034538	-12.905359
0.026276	-1.955349	12.585130	-5.029427	-13.000603
0.025838	-2.018599	12.554843	-5.024260	-13.095766
0.025541	-2.080481	12.524314	-5.019054	-13.190850
0.025374	-2.140169	12.493544	-5.013824	-13.285854
0.025321	-2.196951	12.462532	-5.008587	-13.380779
0.025366	-2.250255	12.431280	-5.003356	-13.475626
0.025495	-2.299663	12.399787	-4.998145	-13.570395
0.025691	-2.345903	12.368054	-4.992967	-13.665085
0.025940	-2.386834	12.336080	-4.987833	-13.759696
0.026228	-2.424422	12.303866	-4.982755	-13.854229
0.026542	-2.457712	12.271410	-4.977743	-13.948683
0.026872	-2.485806	12.238712	-4.972806	-14.043057
0.027207	-2.510843	12.205772	-4.967952	-14.137351
0.027540	-2.532977	12.172588	-4.963189	-14.231564
0.027864	-2.550401	12.139160	-4.958523	-14.325696
0.028173	-2.564426	12.105487	-4.953961	-14.419746
0.028464	-2.576375	12.071567	-4.949507	-14.513712
0.028737	-2.584548	12.037400	-4.945166	-14.607593
0.028989	-2.591223	12.002985	-4.940940	-14.701389
0.029220	-2.595657	11.968319	-4.936833	-14.795099
0.029430	-2.597089	11.933402	-4.932847	-14.888720
0.029620	-2.597743	11.898233	-4.928982	-14.982252
0.029790	-2.595829	11.862810	-4.925241	-15.075693
0.029942	-2.593547	11.827132	-4.921623	-15.169041
0.030077	-2.589085	11.791198	-4.918128	-15.262297
0.030196	-2.583627	11.755006	-4.914755	-15.355456
0.030299	-2.577350	11.718555	-4.911505	-15.448520
0.030389	-2.570426	11.681844	-4.908374	-15.541485
0.030465	-2.563026	11.644871	-4.905363	-15.634350
0.030530	-2.554315	11.607637	-4.902468	-15.727114
0.030583	-2.546459	11.570138	-4.899688	-15.819776
0.030625	-2.536622	11.532375	-4.897022	-15.912333
0.030657	-2.527969	11.494347	-4.894465	-16.004785
0.030678	-2.518662	11.456052	-4.892016	-16.097129
0.030690	-2.509839	11.417491	-4.889673	-16.189366
0.030692	-2.500533	11.378662	-4.887432	-16.281492
0.030685	-2.492749	11.339565	-4.885292	-16.373508
0.030670	-2.484495	11.300199	-4.883249	-16.465411
0.030647	-2.475782	11.260565	-4.881302	-16.557201
0.030616	-2.468619	11.220663	-4.879448	-16.648876
0.030579	-2.461020	11.180492	-4.877684	-16.740435
0.030536	-2.453997	11.140052	-4.876009	-16.831879
0.030488	-2.447564	11.099344	-4.874420	-16.923204
0.030434	-2.441736	11.058368	-4.872915	-17.014411
0.030377	-2.437531	11.017125	-4.871493	-17.105499
0.030317	-2.432964	10.975614	-4.870152	-17.196466
0.030254	-2.429052	10.933837	-4.868890	-17.287313
0.030189	-2.425815	10.891795	-4.867706	-17.378038
0.030124	-2.424271	10.849487	-4.866600	-17.468640
0.030059	-2.422437	10.806915	-4.865570	-17.559120
0.029995	-2.422332	10.764080	-4.864616	-17.649476
0.029933	-2.422974	10.720983	-4.863738	-17.739708
0.029875	-2.425380	10.677624	-4.862935	-17.829816
0.029820	-2.428568	10.634004	-4.862208	-17.919798
0.029771	-2.432536	10.590126	-4.861559	-18.009655
0.029727	-2.437222	10.545989	-4.860987	-18.099386
0.029687	-2.443547	10.501595	-4.860495	-18.188990
0.029651	-2.450430	10.456945	-4.860084	-18.278468
0.029618	-2.457792	10.412041	-4.859756	-18.367818
0.029587	-2.466554	10.366883	-4.859512	-18.457041
0.029558	-2.475637	10.321473	-4.859356	-18.546136
0.029529	-2.484963	10.275812	-4.859289	-18.635103
0.029500	-2.494457	10.229902	-4.859315	-18.723941
0.029469	-2.505040	10.183743	-4.859436	-18.812651
0.029436	-2.514640	10.137339	-4.859654	-18.901231
0.029399	-2.525183	10.090689	-4.859972	-18.989683
0.029357	-2.535595	10.043797	-4.860394	-19.078006
0.029308	-2.544807	9.996663	-4.860921	-19.166199
0.029252	-2.554748	9.949289	-4.861556	-19.254264
0.029186	-2.564349	9.901677	-4.862302	-19.342199
0.029110	-2.573541	9.853829	-4.863160	-19.430004
0.029020	-2.582255	9.805746	-4.864134	-19.517681
0.028917	-2.590423	9.757432	-4.865224	-19.605228
0.028797	-2.597973	9.708888	-4.866434	-19.692647
0.028661	-2.604852	9.660116	-4.867763	-19.779936
0.028508	-2.611065	9.611118	-4.869214	-19.867098
0.028339	-2.615636	9.561897	-4.870787	-19.954131
0.028157	-2.620583	9.512454	-4.872483	-20.041037
0.027962	-2.623922	9.462793	-4.874302	-20.127815
0.027755	-2.627668	9.412915	-4.876245	-20.214466
0.027539	-2.629834	9.362824	-4.878310	-20.300991
0.027315	-2.632432	9.312520	-4.880499	-20.387390
0.027084	-2.633471	9.262007	-4.882809	-20.473663
0.026848	-2.633962	9.211286	-4.885241	-20.559811
0.026608	-2.633913	9.160361	-4.887794	-20.645835
0.026366	-2.633334	9.109232	-4.890467	-20.731735
0.026124	-2.632233	9.057903	-4.893257	-20.817511
0.025882	-2.630621	9.006376	-4.896165	-20.903164
0.025644	-2.627507	8.954652	-4.899188	-20.988694
0.025410	-2.624902	8.902733	-4.902325	-21.074103
0.025182	-2.620821	8.850621	-4.905573	-21.159390
0.024961	-2.617278	8.798318	-4.908932	-21.244555
0.024750	-2.612290	8.745825	-4.912399	-21.329599
0.024551	-2.606878	8.693145	-4.915972	-21.414522
0.024363	-2.601072	8.640277	-4.919649	-21.499325
0.024189	-2.594941	8.587224	-4.923428	-21.584007
0.024026	-2.588562	8.533987	-4.927307	-21.668569
0.023875	-2.582019	8.480566	-4.931284	-21.753011
0.023736	-2.575395	8.426962	-4.935357	-21.837332
0.023608	-2.568775	8.373177	-4.939524	-21.921533
0.023490	-2.561248	8.319210	-4.943782	-22.005613
0.023383	-2.554901	8.265063	-4.948130	-22.089573
0.023285	-2.548825	8.210736	-4.952566	-22.173412
0.023195	-2.543108	8.156230	-4.957088	-22.257129
0.023115	-2.537841	8.101546	-4.961694	-22.340726
0.023041	-2.533113	8.046683	-4.966384	-22.424200
0.022975	-2.529013	7.991642	-4.971155	-22.507554
0.022915	-2.525631	7.936424	-4.976008	-22.590785
0.022860	-2.524056	7.881029	-4.980939	-22.673894
0.022811	-2.522374	7.825459	-4.985951	-22.756881
0.022766	-2.522674	7.769712	-4.991040	-22.839745
0.022726	-2.524043	7.713791	-4.996208	-22.922486
0.022689	-2.526567	7.657696	-5.001455	-23.005104
0.022655	-2.531332	7.601427	-5.006781	-23.087599
0.022624	-2.536393	7.544985	-5.012186	-23.169971
0.022596	-2.543676	7.488372	-5.017673	-23.252220
0.022570	-2.553074	7.431589	-5.023241	-23.334346
0.022547	-2.562482	7.374635	-5.028894	-23.416348
0.022525	-2.573793	7.317514	-5.034633	-23.498227
0.022504	-2.585900	7.260226	-5.040459	-23.579984
0.022485	-2.598697	7.202772	-5.046376	-23.661617
0.022466	-2.612080	7.145154	-5.052386	-23.743128
0.022446	-2.625944	7.087374	-5.058492	-23.824517
0.022426	-2.640186	7.029433	-5.064696	-23.905785
0.022405	-2.655706	6.971332	-5.071002	-23.986930
0.022381	-2.670403	6.913075	-5.077411	-24.067955
0.022353	-2.685180	6.854662	-5.083927	-24.148859
0.022321	-2.700943	6.796095	-5.090552	-24.229643
0.022283	-2.715597	6.737377	-5.097290	-24.310308
0.022238	-2.730053	6.678510	-5.104142	-24.390854
0.022185	-2.744220	6.619495	-5.111113	-24.471281
0.022122	-2.759011	6.560334	-5.118202	-24.551592
0.022047	-2.772340	6.501031	-5.125414	-24.631786
0.021958	-2.785120	6.441586	-5.132750	-24.711865
0.021855	-2.796297	6.382003	-5.140212	-24.791828
0.021737	-2.807937	6.322284	-5.147801	-24.871678
0.021602	-2.819141	6.262430	-5.155518	-24.951415
0.021452	-2.829007	6.202445	-5.163365	-25.031041
0.021286	-2.839636	6.142330	-5.171342	-25.110555
0.021105	-2.849129	6.082088	-5.179451	-25.189960
0.020907	-2.858593	6.021722	-5.187691	-25.269257
0.020694	-2.868135	5.961233	-5.196062	-25.348447
0.020465	-2.876869	5.900625	-5.204566	-25.427531
0.020221	-2.886912	5.839899	-5.213201	-25.506511
0.019962	-2.897389	5.779060	-5.221968	-25.585389
0.019688	-2.907434	5.718109	-5.230866	-25.664166
0.019401	-2.918186	5.657050	-5.239896	-25.742844
0.019101	-2.929800	5.595885	-5.249057	-25.821425
0.018788	-2.942437	5.534618	-5.258347	-25.899911
0.018464	-2.956276	5.473252	-5.267768	-25.978304
0.018130	-2.970509	5.411790	-5.277318	-26.056607
0.017786	-2.987345	5.350237	-5.286997	-26.134821
0.017436	-3.005011	5.288595	-5.296804	-26.212950
0.017080	-3.024750	5.226868	-5.306740	-26.290995
0.016722	-3.046761	5.165061	-5.316802	-26.368961
0.016366	-3.069974	5.103178	-5.326993	-26.446849
0.016015	-3.096223	5.041222	-5.337310	-26.524664
0.015674	-3.123303	4.979199	-5.347754	-26.602407
0.015347	3.130224	4.917113	-5.358324	-26.680083
0.015036	3.100288	4.854968	-5.369021	-26.757695
0.014744	3.069429	4.792769	-5.379844	-26.835246
0.014473	3.038054	4.730520	-5.390793	-26.912739
0.014224	3.006616	4.668226	-5.401869	-26.990178
0.013996	2.975611	4.605890	-5.413070	-27.067565
0.013789	2.945569	4.543517	-5.424397	-27.144904
0.013601	2.916041	4.481110	-5.435850	-27.222197
0.013431	2.889593	4.418673	-5.447429	-27.299447
0.013276	2.865799	4.356209	-5.459132	-27.376656
0.013133	2.844229	4.293720	-5.470960	-27.453827
0.012999	2.827456	4.231211	-5.482913	-27.530961
0.012871	2.814049	4.168681	-5.494989	-27.608060
0.012746	2.805582	4.106134	-5.507188	-27.685124
0.012623	2.802642	4.043569	-5.519508	-27.762156
0.012500	2.804829	3.980988	-5.531950	-27.839155
0.012379	2.813552	3.918391	-5.544511	-27.916122
0.012271	2.828330	3.855777	-5.557190	-27.993055
0.012187	2.848376	3.793145	-5.569986	-28.069954
0.012139	2.872750	3.730493	-5.582897	-28.146818
0.012139	2.899346	3.667820	-5.595921	-28.223645
0.012198	2.927890	3.605122	-5.609058	-28.300433
0.012326	2.956982	3.542398	-5.622306	-28.377180
0.012529	2.986170	3.479644	-5.635666	-28.453884
0.012814	3.011045	3.416857	-5.649138	-28.530541
0.013185	3.033336	3.354034	-5.662722	-28.607150
0.013647	3.050991	3.291173	-5.676421	-28.683705
0.014201	3.063230	3.228270	-5.690238	-28.760206
0.014852	3.069563	3.165323	-5.704176	-28.836648
0.015603	3.069782	3.102329	-5.718241	-28.913028
0.016460	3.063932	3.039285	-5.732438	-28.989342
0.017430	3.053278	2.976190	-5.746776	-29.065588
0.018523	3.036256	2.913043	-5.761264	-29.141763
0.019751	3.014434	2.849841	-5.775913	-29.217861
0.021126	2.989474	2.786587	-5.790734	-29.293882
0.022663	2.961089	2.723278	-5.805744	-29.369822
0.024377	2.930159	2.659918	-5.820957	-29.445677
0.026266	2.898036	2.596507	-5.836392	-29.521445
0.028327	2.865874	2.533050	-5.852069	-29.597124
0.030553	2.835500	2.469548	-5.868012	-29.672711
0.032934	2.806467	2.406007	-5.884241	-29.748204
0.035461	2.779113	2.342431	-5.900784	-29.823600
0.038120	2.752618	2.278827	-5.917666	-29.898895
0.040898	2.729047	2.215200	-5.934914	-29.974089
0.043783	2.708389	2.151557	-5.952557	-30.049178
0.046758	2.688583	2.087905	-5.970625	-30.124158
0.049809	2.670539	2.024252	-5.989146	-30.199026
0.052922	2.654149	1.960607	-6.008152	-30.273780
0.056079	2.639302	1.896979	-6.027673	-30.348415
0.059266	2.626886	1.833376	-6.047741	-30.422926
0.062466	2.614794	1.769809	-6.068387	-30.497310
0.065665	2.603925	1.706286	-6.089641	-30.571561
0.068847	2.594187	1.642820	-6.111535	-30.645673
0.071995	2.586497	1.579420	-6.134098	-30.719642
0.075095	2.578778	1.516097	-6.157362	-30.793459
0.078130	2.571966	1.452862	-6.181354	-30.867118
0.081087	2.564990	1.389727	-6.206103	-30.940613
0.083958	2.559748	1.326703	-6.231637	-31.013935
0.086741	2.555145	1.263803	-6.257981	-31.087076
0.089429	2.551100	1.201039	-6.285161	-31.160027
0.092019	2.546543	1.138422	-6.313200	-31.232779
0.094506	2.543416	1.075964	-6.342121	-31.305323
0.096886	2.539668	1.013679	-6.371945	-31.377649
0.099155	2.537254	0.951578	-6.402693	-31.449747
0.101308	2.534137	0.889675	-6.434382	-31.521606
0.103342	2.531282	0.827981	-6.467031	-31.593216
0.105253	2.529661	0.766510	-6.500655	-31.664566
0.107035	2.527247	0.705275	-6.535268	-31.735644
0.108687	2.526016	0.644287	-6.570884	-31.806440
0.110202	2.523947	0.583560	-6.607512	-31.876942
0.111578	2.523023	0.523105	-6.645164	-31.947138
0.112811	2.521225	0.462934	-6.683848	-32.017017
0.113896	2.520539	0.403060	-6.723569	-32.086569
0.114829	2.519949	0.343494	-6.764332	-32.155780
0.115607	2.518442	0.284247	-6.806142	-32.224640
0.116226	2.518007	0.225329	-6.848998	-32.293138
0.116684	2.517631	0.166752	-6.892902	-32.361264
0.116989	2.517303	0.108524	-6.937851	-32.429007
0.117151	2.518013	0.050655	-6.983842	-32.496358
0.117180	2.517751	-0.006847	-7.030870	-32.563305
0.117087	2.517509	-0.063974	-7.078929	-32.629839
0.116880	2.517278	-0.120718	-7.128011	-32.695953
0.116571	2.518051	-0.177073	-7.178108	-32.761638
0.116169	2.517821	-0.233031	-7.229210	-32.826885
0.115684	2.518580	-0.288587	-7.281308	-32.891687
0.115128	2.518322	-0.343736	-7.334389	-32.956038
0.114509	2.518040	-0.398472	-7.388442	-33.019930
0.113837	2.518728	-0.452790	-7.443455	-33.083359
0.113124	2.518379	-0.506685	-7.499415	-33.146318
0.112379	2.517989	-0.560154	-7.556309	-33.208801
0.111611	2.518551	-0.613191	-7.614123	-33.270806
0.110832	2.518061	-0.665794	-7.672844	-33.332326
0.110051	2.517514	-0.717959	-7.732459	-33.393358
0.109279	2.516904	-0.769682	-7.792953	-33.453899
0.108525	2.516229	-0.820959	-7.854314	-33.513944
0.107799	2.515485	-0.871788	-7.916528	-33.573492
0.107110	2.514671	-0.922164	-7.979582	-33.632538
0.106457	2.512796	-0.972084	-8.043464	-33.691079
0.105836	2.511868	-1.021543	-8.108161	-33.749115
0.105244	2.509899	-1.070538	-8.173661	-33.806640
0.104678	2.508898	-1.119064	-8.239953	-33.863654
0.104134	2.506875	-1.167119	-8.307024	-33.920154
0.103610	2.505841	-1.214697	-8.374864	-33.976137
0.103102	2.503806	-1.261795	-8.443461	-34.031600
0.102607	2.501780	-1.308409	-8.512805	-34.086543
0.102122	2.500773	-1.354534	-8.582883	-34.140962
0.101644	2.498795	-1.400168	-8.653686	-34.194855
0.101168	2.496855	-1.445306	-8.725203	-34.248222
0.100693	2.495964	-1.489944	-8.797422	-34.301058
0.100214	2.494131	-1.534081	-8.870334	-34.353364
0.099729	2.493366	-1.577712	-8.943927	-34.405136
0.099234	2.491679	-1.620834	-9.018192	-34.456373
0.098726	2.491078	-1.663446	-9.093116	-34.507074
0.098201	2.490575	-1.705544	-9.168690	-34.557237
0.097657	2.490179	-1.747128	-9.244902	-34.606860
0.097090	2.489899	-1.788195	-9.321743	-34.655942
0.096497	2.489743	-1.828746	-9.399200	-34.704481
0.095880	2.489705	-1.868778	-9.477263	-34.752477
0.095241	2.490777	-1.908291	-9.555922	-34.799927
0.094582	2.490950	-1.947287	-9.635163	-34.846832
0.093905	2.492215	-1.985765	-9.714978	-34.893190
0.093211	2.493564	-2.023727	-9.795354	-34.939001
0.092504	2.493989	-2.061174	-9.876280	-34.984263
0.091785	2.495479	-2.098107	-9.957746	-35.028977
0.091056	2.497027	-2.134527	-10.039740	-35.073142
0.090319	2.498623	-2.170438	-10.122251	-35.116758
0.089577	2.500257	-2.205841	-10.205268	-35.159825
0.088831	2.501919	-2.240738	-10.288781	-35.202342
0.088084	2.503601	-2.275133	-10.372779	-35.244311
0.087337	2.505290	-2.309027	-10.457251	-35.285732
0.086593	2.506977	-2.342424	-10.542186	-35.326605
0.085853	2.508651	-2.375327	-10.627576	-35.366930
0.085121	2.510299	-2.407737	-10.713408	-35.406708
0.084397	2.511912	-2.439659	-10.799674	-35.445941
0.083684	2.513475	-2.471095	-10.886363	-35.484629
0.082985	2.514977	-2.502048	-10.973466	-35.522774
0.082300	2.515408	-2.532520	-11.060973	-35.560375
0.081628	2.516765	-2.562515	-11.148876	-35.597436
0.080968	2.517048	-2.592034	-11.237164	-35.633957
0.080318	2.518256	-2.621080	-11.325830	-35.669939
0.079677	2.518389	-2.649656	-11.414864	-35.705385
0.079042	2.518448	-2.677762	-11.504257	-35.740297
0.078413	2.519431	-2.705403	-11.594002	-35.774676
0.077787	2.519338	-2.732579	-11.684089	-35.808524
0.077162	2.519169	-2.759293	-11.774512	-35.841843
0.076538	2.519923	-2.785547	-11.865261	-35.874635
0.075912	2.519600	-2.811344	-11.956328	-35.906903
0.075282	2.520198	-2.836686	-12.047706	-35.938649
0.074648	2.519716	-2.861575	-12.139388	-35.969876
0.074007	2.520154	-2.886013	-12.231364	-36.000585
0.073358	2.519510	-2.910004	-12.323628	-36.030781
0.072698	2.519781	-2.933549	-12.416173	-36.060465
0.072027	2.519967	-2.956652	-12.508990	-36.089641
0.071343	2.520064	-2.979315	-12.602073	-36.118312
0.070644	2.520071	-3.001542	-12.695413	-36.146481
0.069928	2.519983	-3.023336	-12.789005	-36.174152
0.069194	2.520798	-3.044699	-12.882840	-36.201328
0.068444	2.520518	-3.065636	-12.976912	-36.228013
0.067679	2.521146	-3.086151	-13.071214	-36.254211
0.066901	2.520686	-3.106247	-13.165738	-36.279926
0.066112	2.521140	-3.125928	-13.260479	-36.305163
0.065312	2.521512	-3.145199	-13.355428	-36.329926
0.064505	2.521807	-3.164063	-13.450581	-36.354219
0.063692	2.522029	-3.182526	-13.545929	-36.378047
0.062873	2.522184	-3.200591	-13.641468	-36.401416
0.062052	2.522276	-3.218263	-13.737190	-36.424329
0.061230	2.522313	-3.235546	-13.833089	-36.446792
0.060408	2.522300	-3.252445	-13.929160	-36.468811
0.059588	2.522247	-3.268965	-14.025396	-36.490389
0.058772	2.522160	-3.285110	-14.121793	-36.511533
0.057961	2.522050	-3.300884	-14.218344	-36.532247
0.057158	2.520927	-3.316293	-14.315044	-36.552537
0.056363	2.520800	-3.331340	-14.411888	-36.572409
0.055578	2.519684	-3.346029	-14.508870	-36.591868
0.054806	2.519590	-3.360365	-14.605986	-36.610919
0.054047	2.518533	-3.374353	-14.703231	-36.629567
0.053303	2.517525	-3.387995	-14.800600	-36.647818
0.052573	2.516568	-3.401297	-14.898090	-36.665677
0.051858	2.515660	-3.414261	-14.995694	-36.683150
0.051157	2.513799	-3.426893	-15.093410	-36.700241
0.050469	2.512981	-3.439195	-15.191232	-36.716956
0.049794	2.511206	-3.451171	-15.289158	-36.733299
0.049132	2.510469	-3.462824	-15.387183	-36.749277
0.048481	2.508767	-3.474159	-15.485304	-36.764892
0.047843	2.507096	-3.485178	-15.583517	-36.780152
0.047216	2.506453	-3.495886	-15.681818	-36.795059
0.046599	2.504833	-3.506285	-15.780204	-36.809620
0.045994	2.503232	-3.516378	-15.878672	-36.823837
0.045398	2.502644	-3.526170	-15.977219	-36.837718
0.044812	2.501064	-3.535663	-16.075841	-36.851264
0.044235	2.500487	-3.544860	-16.174537	-36.864482
0.043667	2.498905	-3.553766	-16.273301	-36.877374
0.043108	2.498312	-3.562383	-16.372133	-36.889946
0.042556	2.496701	-3.570714	-16.471029	-36.902202
0.042013	2.496065	-3.578763	-16.569986	-36.914145
0.041476	2.495395	-3.586532	-16.669003	-36.925780
0.040947	2.494683	-3.594026	-16.768076	-36.937111
0.040424	2.494919	-3.601246	-16.867203	-36.948141
0.039908	2.494094	-3.608197	-16.966382	-36.958875
0.039398	2.494197	-3.614882	-17.065611	-36.969315
0.038894	2.493216	-3.621303	-17.164887	-36.979466
0.038396	2.493141	-3.627465	-17.264208	-36.989331
0.037904	2.492958	-3.633369	-17.363572	-36.998915
0.037416	2.492655	-3.639020	-17.462978	-37.008219
0.036934	2.492218	-3.644421	-17.562423	-37.017249
0.036457	2.491633	-3.649574	-17.661906	-37.026007
0.035985	2.490885	-3.654482	-17.761424	-37.034497
0.035517	2.489958	-3.659149	-17.860975	-37.042722
0.035054	2.488836	-3.663576	-17.960559	-37.050687
0.034595	2.487501	-3.667768	-18.060174	-37.058394
0.034141	2.485936	-3.671727	-18.159817	-37.065848
0.033690	2.484120	-3.675454	-18.259488	-37.073051
0.033243	2.482034	-3.678954	-18.359184	-37.080008
0.032800	2.478657	-3.682227	-18.458905	-37.086722
0.032360	2.475967	-3.685278	-18.558648	-37.093197
0.031925	2.471940	-3.688107	-18.658413	-37.099437
0.031492	2.468562	-3.690716	-18.758198	-37.105445
0.031063	2.463859	-3.693109	-18.858002	-37.111227
0.030635	2.458871	-3.695287	-18.957824	-37.116784
0.030208	2.453635	-3.697251	-19.057662	-37.122123
0.029781	2.448193	-3.699004	-19.157516	-37.127246
0.029354	2.441587	-3.700547	-19.257383	-37.132159
0.028925	2.435861	-3.701882	-19.357263	-37.136864
0.028493	2.429060	-3.703011	-19.457155	-37.141368
0.028057	2.423230	-3.703936	-19.557058	-37.145673
0.027616	2.416420	-3.704658	-19.656971	-37.149784
0.027168	2.409680	-3.705179	-19.756893	-37.153705
0.026713	2.403062	-3.705502	-19.856823	-37.157441
0.026250	2.396621	-3.705628	-19.956760	-37.160997
0.025777	2.390414	-3.705561	-20.056702	-37.164376
0.025292	2.384503	-3.705301	-20.156651	-37.167583
0.024794	2.378951	-3.704852	-20.256604	-37.170621
0.024283	2.373830	-3.704217	-20.356560	-37.173497
0.023756	2.369215	-3.703398	-20.456520	-37.176213
0.023212	2.366190	-3.702400	-20.556482	-37.178774
0.022651	2.362848	-3.701225	-20.656446	-37.181185
0.022069	2.360272	-3.699877	-20.756412	-37.183449
0.021470	2.358467	-3.698361	-20.856378	-37.185570
0.020853	2.357422	-3.696681	-20.956344	-37.187553
0.020220	2.357129	-3.694841	-21.056310	-37.189402
0.019573	2.358581	-3.692846	-21.156275	-37.191120
0.018912	2.359776	-3.690702	-21.256240	-37.192713
0.018240	2.361715	-3.688413	-21.356203	-37.194183
0.017558	2.365401	-3.685985	-21.456164	-37.195536
0.016866	2.369839	-3.683424	-21.556123	-37.196774
0.016168	2.374039	-3.680734	-21.656081	-37.197903
0.015463	2.380012	-3.677923	-21.756036	-37.198925
0.014754	2.386773	-3.674996	-21.855989	-37.199845
0.014043	2.394337	-3.671959	-21.955940	-37.200667
0.013329	2.403725	-3.668818	-22.055888	-37.201394
0.012617	2.412958	-3.665579	-22.155833	-37.202031
0.011905	2.424058	-3.662248	-22.255776	-37.202582
0.011197	2.435051	-3.658831	-22.355717	-37.203050
0.010494	2.447961	-3.655335	-22.455655	-37.203439
0.009796	2.461814	-3.651764	-22.555591	-37.203754
0.009106	2.477632	-3.648126	-22.655524	-37.203999
0.008425	2.493460	-3.644426	-22.755456	-37.204177
0.007753	2.511465	-3.640669	-22.855385	-37.204292
0.007093	2.530889	-3.636861	-22.955312	-37.204349
0.006446	2.552049	-3.633008	-23.055238	-37.204352
0.005813	2.575365	-3.629114	-23.155162	-37.204304
0.005196	2.602409	-3.625185	-23.255085	-37.204210
0.004597	2.631986	-3.621226	-23.355007	-37.204074
0.004016	2.667264	-3.617240	-23.454927	-37.203900
0.003457	2.709012	-3.613234	-23.554847	-37.203693
0.002920	2.760037	-3.609210	-23.654765	-37.203455
0.002409	2.825062	-3.605173	-23.754684	-37.203191
0.001929	2.912613	-3.601127	-23.854601	-37.202905
0.001485	3.039367	-3.597074	-23.954519	-37.202600
0.001094	-3.042774	-3.593019	-24.054436	-37.202281
0.000790	-2.696604	-3.588964	-24.154353	-37.201951
0.000648	-2.145070	-3.584912	-24.254270	-37.201614
0.000719	-1.580542	-3.580864	-24.354188	-37.201273
0.000922	-1.215981	-3.576824	-24.454106	-37.200931
0.001165	-1.000500	-3.572793	-24.554024	-37.200591
0.001406	-0.861218	-3.568772	-24.653943	-37.200257
0.001630	-0.758869	-3.564763	-24.753862	-37.199931
0.001833	-0.678320	-3.560766	-24.853781	-37.199616
0.002016	-0.610281	-3.556781	-24.953701	-37.199314
0.002179	-0.550423	-3.552810	-25.053622	-37.199027
0.002325	-0.496385	-3.548851	-25.153543	-37.198758
0.002456	-0.446873	-3.544905	-25.253465	-37.198509
0.002573	-0.401220	-3.540972	-25.353388	-37.198280
0.002680	-0.359157	-3.537050	-25.453311	-37.198074
0.002777	-0.320671	-3.533141	-25.553234	-37.197893
0.002867	-0.285930	-3.529242	-25.653158	-37.197737
0.002950	-0.254224	-3.525354	-25.753082	-37.197607
0.003028	-0.227930	-3.521475	-25.853007	-37.197506
0.003103	-0.206483	-3.517606	-25.952932	-37.197433
0.003175	-0.189351	-3.513746	-26.052858	-37.197390
0.003247	-0.179009	-3.509895	-26.152783	-37.197377
0.003319	-0.173921	-3.506052	-26.252710	-37.197396
0.003394	-0.174510	-3.502217	-26.352636	-37.197447
0.003474	-0.183122	-3.498392	-26.452563	-37.197531
0.003563	-0.197982	-3.494576	-26.552490	-37.197648
0.003663	-0.220147	-3.490769	-26.652417	-37.197799
0.003779	-0.248245	-3.486974	-26.752345	-37.197985
0.003914	-0.281928	-3.483192	-26.852273	-37.198207
0.004070	-0.319633	-3.479423	-26.952202	-37.198466
0.004249	-0.358860	-3.475670	-27.052131	-37.198761
0.004452	-0.399229	-3.471936	-27.152061	-37.199095
0.004681	-0.439535	-3.468223	-27.251991	-37.199469
0.004936	-0.478784	-3.464533	-27.351922	-37.199883
0.005215	-0.515207	-3.460870	-27.451854	-37.200338
0.005519	-0.549250	-3.457236	-27.551787	-37.200837
0.005847	-0.580557	-3.453635	-27.651721	-37.201380
0.006195	-0.608932	-3.450070	-27.751656	-37.201969
0.006564	-0.633309	-3.446545	-27.851591	-37.202605
0.006950	-0.655713	-3.443063	-27.951528	-37.203291
0.007351	-0.674236	-3.439628	-28.051467	-37.204028
0.007766	-0.691010	-3.436244	-28.151406	-37.204818
0.008192	-0.704190	-3.432914	-28.251347	-37.205663
0.008626	-0.715942	-3.429643	-28.351290	-37.206566
0.009067	-0.724430	-3.426433	-28.451234	-37.207529
0.009513	-0.731813	-3.423290	-28.551179	-37.208554
0.009961	-0.737241	-3.420215	-28.651126	-37.209644
0.010409	-0.740873	-3.417214	-28.751074	-37.210802
0.010857	-0.742939	-3.414290	-28.851024	-37.212031
0.011304	-0.743654	-3.411446	-28.950975	-37.213332
0.011751	-0.744199	-3.408685	-29.050927	-37.214710
0.012197	-0.742731	-3.406011	-29.150881	-37.216167
0.012641	-0.741381	-3.403427	-29.250836	-37.217706
0.013085	-0.738264	-3.400937	-29.350791	-37.219330
0.013528	-0.735478	-3.398542	-29.450748	-37.221043
0.013970	-0.731110	-3.396247	-29.550706	-37.222849
0.014411	-0.726234	-3.394054	-29.650663	-37.224749
0.014852	-0.721916	-3.391965	-29.750622	-37.226749
0.015291	-0.716214	-3.389984	-29.850580	-37.228851
0.015730	-0.710180	-3.388113	-29.950538	-37.231060
0.016168	-0.703859	-3.386355	-30.050496	-37.233378
0.016605	-0.696291	-3.384712	-30.150453	-37.235809
0.017042	-0.688513	-3.383185	-30.250409	-37.238359
0.017478	-0.680557	-3.381779	-30.350363	-37.241029
0.017914	-0.671453	-3.380494	-30.450316	-37.243826
0.018350	-0.662227	-3.379332	-30.550266	-37.246752
0.018786	-0.651903	-3.378295	-30.650214	-37.249813
0.000000	0.000000	-3.378295	-30.650214	-37.249813
