0.050694	-0.820962	0.000000	0.000000	0.000000
0.046369	-0.780230	0.099999	0.000345	-0.000371
0.042132	-0.732434	0.199994	0.001021	-0.001068
0.038014	-0.675922	0.299984	0.002009	-0.002047
0.034054	-0.608523	0.399969	0.003294	-0.003264
0.030297	-0.527402	0.499946	0.004858	-0.004675
0.026800	-0.429943	0.599918	0.006684	-0.006239
0.023632	-0.309795	0.699882	0.008753	-0.007914
0.020881	-0.164400	0.799841	0.011048	-0.009661
0.018648	0.010431	0.899793	0.013548	-0.011443
0.017037	0.213538	0.999741	0.016235	-0.013222
0.016115	0.436260	1.099686	0.019088	-0.014965
0.015878	0.662899	1.199627	0.022087	-0.016641
0.016227	0.876949	1.299565	0.025212	-0.018218
0.017003	1.067137	1.399503	0.028440	-0.019671
0.018038	1.232154	1.499439	0.031750	-0.020974
0.019186	1.375907	1.599376	0.035120	-0.022108
0.020339	1.501326	1.699314	0.038527	-0.023053
0.021421	1.614516	1.799252	0.041948	-0.023796
0.022382	1.720072	1.899193	0.045360	-0.024324
0.023195	1.821996	1.999135	0.048739	-0.024631
0.023860	1.923620	2.099080	0.052059	-0.024713
0.024422	2.026998	2.199027	0.055298	-0.024572
0.024939	2.132201	2.298978	0.058428	-0.024211
0.025474	2.241504	2.398931	0.061426	-0.023640
0.026090	2.352415	2.498888	0.064266	-0.022869
0.026844	2.465750	2.598848	0.066921	-0.021912
0.027783	2.577787	2.698812	0.069367	-0.020788
0.028943	2.688522	2.798779	0.071579	-0.019516
0.030341	2.793976	2.898750	0.073530	-0.018117
0.031982	2.893464	2.998725	0.075195	-0.016615
0.033853	2.986765	3.098704	0.076551	-0.015034
0.035932	3.071172	3.198685	0.077572	-0.013402
0.038189	-3.135741	3.298669	0.078234	-0.011744
0.040589	-3.067490	3.398655	0.078515	-0.010089
0.043094	-3.005906	3.498642	0.078391	-0.008465
0.045666	-2.952505	3.598628	0.077840	-0.006899
0.048266	-2.905746	3.698612	0.076841	-0.005419
0.050858	-2.865093	3.798592	0.075373	-0.004053
0.053405	-2.829047	3.898565	0.073415	-0.002825
0.055872	-2.799167	3.998529	0.070950	-0.001763
0.058232	-2.773974	4.098481	0.067958	-0.000889
0.060472	-2.751684	4.198416	0.064424	-0.000225
0.062592	-2.733577	4.298331	0.060331	0.000208
0.064589	-2.718068	4.398222	0.055664	0.000393
0.066468	-2.704679	4.498084	0.050410	0.000311
0.068232	-2.692011	4.597912	0.044555	-0.000053
0.069885	-2.681728	4.697700	0.038087	-0.000714
0.071435	-2.672545	4.797444	0.030994	-0.001687
0.072887	-2.663214	4.897136	0.023267	-0.002983
0.074250	-2.655515	4.996772	0.014896	-0.004615
0.075529	-2.648254	5.096344	0.005871	-0.006594
0.076734	-2.640256	5.195847	-0.003815	-0.008932
0.077873	-2.633361	5.295272	-0.014169	-0.011639
0.078954	-2.625420	5.394614	-0.025198	-0.014725
0.079986	-2.618297	5.493866	-0.036907	-0.018201
0.080977	-2.609865	5.593019	-0.049303	-0.022076
0.081937	-2.602003	5.692066	-0.062389	-0.026362
0.082877	-2.592600	5.791000	-0.076169	-0.031067
0.083804	-2.583550	5.889813	-0.090646	-0.036204
0.084731	-2.572757	5.988497	-0.105824	-0.041783
0.085666	-2.561161	6.087044	-0.121703	-0.047817
0.086611	-2.549819	6.185445	-0.138285	-0.054319
0.087568	-2.536815	6.283692	-0.155571	-0.061300
0.088537	-2.523230	6.381776	-0.173561	-0.068776
0.089518	-2.509140	6.479688	-0.192255	-0.076761
0.090512	-2.495621	6.577419	-0.211651	-0.085271
0.091518	-2.480742	6.674960	-0.231749	-0.094320
0.092538	-2.466572	6.772301	-0.252547	-0.103924
0.093570	-2.451176	6.869432	-0.274041	-0.114099
0.094614	-2.436613	6.966343	-0.296230	-0.124863
0.095669	-2.420944	7.063025	-0.319110	-0.136230
0.096734	-2.406221	7.159466	-0.342677	-0.148217
0.097807	-2.391498	7.255656	-0.366926	-0.160843
0.098888	-2.375822	7.351584	-0.391855	-0.174122
0.099973	-2.361239	7.447240	-0.417457	-0.188072
0.101062	-2.347792	7.542611	-0.443726	-0.202710
0.102152	-2.333518	7.637686	-0.470658	-0.218050
0.103239	-2.319456	7.732454	-0.498248	-0.234110
0.104322	-2.306637	7.826902	-0.526487	-0.250906
0.105398	-2.293095	7.921018	-0.555372	-0.268451
0.106463	-2.280850	8.014790	-0.584894	-0.286762
0.107516	-2.268896	8.108205	-0.615046	-0.305852
0.108556	-2.257220	8.201250	-0.645823	-0.325737
0.109583	-2.245810	8.293913	-0.677217	-0.346428
0.110595	-2.234654	8.386179	-0.709219	-0.367939
0.111591	-2.224739	8.478036	-0.741824	-0.390284
0.112570	-2.214054	8.569470	-0.775023	-0.413472
0.113532	-2.203589	8.660467	-0.808807	-0.437517
0.114476	-2.194333	8.751013	-0.843169	-0.462429
0.115401	-2.184276	8.841095	-0.878100	-0.488220
0.116306	-2.175408	8.930697	-0.913591	-0.514898
0.117190	-2.165719	9.019807	-0.949633	-0.542474
0.118053	-2.156200	9.108409	-0.986217	-0.570958
0.118894	-2.146841	9.196490	-1.023331	-0.600357
0.119713	-2.137636	9.284034	-1.060966	-0.630681
0.120508	-2.128574	9.371028	-1.099111	-0.661938
0.121278	-2.119648	9.457458	-1.137754	-0.694136
0.122025	-2.110849	9.543308	-1.176885	-0.727281
0.122746	-2.102171	9.628564	-1.216491	-0.761381
0.123441	-2.092605	9.713212	-1.256560	-0.796440
0.124109	-2.083146	9.797237	-1.297080	-0.832466
0.124750	-2.073797	9.880627	-1.338035	-0.869464
0.125361	-2.064563	9.963365	-1.379414	-0.907439
0.125942	-2.055447	10.045440	-1.421200	-0.946396
0.126491	-2.046455	10.126837	-1.463380	-0.986339
0.127006	-2.036589	10.207542	-1.505939	-1.027270
0.127486	-2.026854	10.287543	-1.548862	-1.069194
0.127929	-2.018252	10.366826	-1.592130	-1.112113
0.128334	-2.007788	10.445378	-1.635731	-1.156028
0.128699	-1.998464	10.523188	-1.679644	-1.200942
0.129022	-1.989283	10.600242	-1.723855	-1.246855
0.129303	-1.979249	10.676530	-1.768346	-1.293767
0.129539	-1.970365	10.752040	-1.813098	-1.341678
0.129728	-1.960632	10.826761	-1.858096	-1.390586
0.129869	-1.951055	10.900682	-1.903320	-1.440491
0.129961	-1.941636	10.973793	-1.948752	-1.491390
0.130001	-1.932378	11.046085	-1.994374	-1.543279
0.129987	-1.922284	11.117549	-2.040168	-1.596155
0.129919	-1.913357	11.188175	-2.086114	-1.650014
0.129794	-1.904601	11.257957	-2.132195	-1.704851
0.129612	-1.895010	11.326886	-2.178393	-1.760659
0.129383	-1.885544	11.394956	-2.224688	-1.817433
0.129117	-1.876156	11.462160	-2.271061	-1.875166
0.128825	-1.866801	11.528494	-2.317495	-1.933849
0.128519	-1.857436	11.593951	-2.363971	-1.993476
0.128211	-1.848017	11.658527	-2.410470	-2.054039
0.127911	-1.838505	11.722217	-2.456974	-2.115528
0.127631	-1.827860	11.785018	-2.503464	-2.177936
0.127383	-1.817045	11.846925	-2.549921	-2.241255
0.127179	-1.807025	11.907935	-2.596326	-2.305476
0.127031	-1.794766	11.968044	-2.642659	-2.370593
0.126950	-1.783239	12.027249	-2.688899	-2.436597
0.126949	-1.771417	12.085547	-2.735026	-2.503482
0.127041	-1.758276	12.142934	-2.781020	-2.571242
0.127237	-1.744797	12.199407	-2.826858	-2.639869
0.127551	-1.730965	12.254962	-2.872517	-2.709359
0.127995	-1.715771	12.309595	-2.917975	-2.779707
0.128582	-1.700209	12.363302	-2.963205	-2.850909
0.129325	-1.684282	12.416079	-3.008182	-2.922963
0.130237	-1.666996	12.467921	-3.052880	-2.995864
0.131326	-1.649392	12.518822	-3.097269	-3.069611
0.132573	-1.631618	12.568777	-3.141318	-3.144204
0.133953	-1.612839	12.617780	-3.184998	-3.219642
0.135440	-1.595205	12.665824	-3.228274	-3.295924
0.137008	-1.576854	12.712902	-3.271115	-3.373049
0.138630	-1.558907	12.759007	-3.313486	-3.451018
0.140277	-1.542474	12.804133	-3.355352	-3.529827
0.141923	-1.525651	12.848271	-3.396681	-3.609475
0.143538	-1.511524	12.891414	-3.437438	-3.689958
0.145094	-1.498171	12.933554	-3.477592	-3.771271
0.146562	-1.486663	12.974681	-3.517112	-3.853409
0.147913	-1.477066	13.014788	-3.555970	-3.936364
0.149118	-1.469445	13.053865	-3.594140	-4.020126
0.150149	-1.464864	13.091900	-3.631599	-4.104685
0.150977	-1.462393	13.128883	-3.668327	-4.190027
0.151574	-1.463103	13.164801	-3.704311	-4.276138
0.151914	-1.466079	13.199642	-3.739538	-4.363000
0.151969	-1.472414	13.233392	-3.774004	-4.450596
0.151715	-1.481219	13.266038	-3.807708	-4.538905
0.151127	-1.492625	13.297565	-3.840653	-4.627903
0.150191	-1.507741	13.327960	-3.872849	-4.717566
0.148933	-1.525508	13.357211	-3.904311	-4.807868
0.147390	-1.545834	13.385306	-3.935061	-4.898781
0.145597	-1.566630	13.412234	-3.965124	-4.990275
0.143590	-1.589810	13.437986	-3.994526	-5.082320
0.141405	-1.614287	13.462557	-4.023300	-5.174886
0.139076	-1.638961	13.485943	-4.051479	-5.267940
0.136637	-1.663724	13.508141	-4.079096	-5.361452
0.134121	-1.689448	13.529153	-4.106186	-5.455392
0.131559	-1.715987	13.548983	-4.132784	-5.549728
0.128980	-1.741166	13.567634	-4.158926	-5.644431
0.126411	-1.766783	13.585114	-4.184647	-5.739473
0.123877	-1.792602	13.601432	-4.209979	-5.834825
0.121400	-1.816353	13.616597	-4.234957	-5.930460
0.118999	-1.839728	13.630621	-4.259610	-6.026354
0.116691	-1.861381	13.643517	-4.283968	-6.122481
0.114490	-1.881929	13.655297	-4.308055	-6.218819
0.112409	-1.898953	13.665974	-4.331898	-6.315346
0.110457	-1.914005	13.675564	-4.355514	-6.412043
0.108645	-1.925605	13.684080	-4.378922	-6.508891
0.106976	-1.933342	13.691536	-4.402133	-6.605874
0.105440	-1.937159	13.697945	-4.425156	-6.702977
0.104022	-1.937111	13.703322	-4.447994	-6.800185
0.102711	-1.933276	13.707679	-4.470649	-6.897488
0.101501	-1.925755	13.711030	-4.493115	-6.994874
0.100384	-1.915672	13.713388	-4.515386	-7.092334
0.099356	-1.902168	13.714765	-4.537452	-7.189859
0.098415	-1.884403	13.715175	-4.559299	-7.287442
0.097559	-1.864553	13.714630	-4.580912	-7.385078
0.096784	-1.841809	13.713145	-4.602272	-7.482758
0.096090	-1.816375	13.710732	-4.623358	-7.580480
0.095473	-1.789468	13.707405	-4.644148	-7.678239
0.094930	-1.759311	13.703180	-4.664617	-7.776030
0.094458	-1.728136	13.698071	-4.684740	-7.873851
0.094049	-1.694176	13.692095	-4.704490	-7.971699
0.093697	-1.659668	13.685269	-4.723838	-8.069572
0.093393	-1.624843	13.677611	-4.742756	-8.167467
0.093126	-1.588928	13.669140	-4.761216	-8.265383
0.092884	-1.553143	13.659875	-4.779189	-8.363317
0.092653	-1.518700	13.649836	-4.796648	-8.461268
0.092420	-1.484774	13.639045	-4.813566	-8.559234
0.092177	-1.452434	13.627523	-4.829920	-8.657213
0.091916	-1.420720	13.615291	-4.845685	-8.755202
0.091631	-1.391668	13.602370	-4.860842	-8.853198
0.091315	-1.364312	13.588781	-4.875371	-8.951200
0.090961	-1.339686	13.574546	-4.889256	-9.049203
0.090562	-1.315818	13.559683	-4.902483	-9.147203
0.090110	-1.294737	13.544211	-4.915039	-9.245198
0.089598	-1.274473	13.528149	-4.926913	-9.343183
0.089019	-1.257054	13.511516	-4.938099	-9.441154
0.088365	-1.241510	13.494327	-4.948588	-9.539105
0.087631	-1.227874	13.476599	-4.958378	-9.637033
0.086808	-1.215179	13.458348	-4.967466	-9.734933
0.085890	-1.204466	13.439587	-4.975852	-9.832798
0.084870	-1.195779	13.420331	-4.983537	-9.930625
0.083741	-1.188170	13.400593	-4.990524	-10.028409
0.082498	-1.181701	13.380386	-4.996820	-10.126144
0.081134	-1.177444	13.359723	-5.002430	-10.223825
0.079643	-1.173485	13.338616	-5.007365	-10.321447
0.078019	-1.171931	13.317075	-5.011633	-10.419006
0.076262	-1.170884	13.295114	-5.015249	-10.516498
0.074377	-1.171374	13.272743	-5.018225	-10.613918
0.072379	-1.173428	13.249972	-5.020578	-10.711263
0.070277	-1.176087	13.226814	-5.022325	-10.808528
0.068084	-1.181410	13.203278	-5.023485	-10.905712
0.065815	-1.187477	13.179375	-5.024078	-11.002812
0.063480	-1.195384	13.155115	-5.024125	-11.099825
0.061096	-1.205248	13.130507	-5.023649	-11.196748
0.058675	-1.217207	13.105561	-5.022671	-11.293582
0.056234	-1.231419	13.080285	-5.021217	-11.390324
0.053785	-1.248063	13.054688	-5.019311	-11.486974
0.051347	-1.266337	13.028777	-5.016978	-11.583530
0.048935	-1.288456	13.002561	-5.014243	-11.679994
0.046565	-1.313646	12.976045	-5.011133	-11.776364
0.044255	-1.341135	12.949237	-5.007672	-11.872642
0.042022	-1.373139	12.922142	-5.003886	-11.968827
0.039885	-1.407844	12.894767	-4.999802	-12.064920
0.037861	-1.447377	12.867116	-4.995444	-12.160923
0.035966	-1.489772	12.839194	-4.990837	-12.256835
0.034218	-1.536929	12.811006	-4.986006	-12.352658
0.032628	-1.586621	12.782555	-4.980974	-12.448393
0.031204	-1.640645	12.753845	-4.975764	-12.544041
0.029947	-1.697700	12.724878	-4.970399	-12.639604
0.028861	-1.756335	12.695657	-4.964899	-12.735081
0.027943	-1.817945	12.666185	-4.959285	-12.830474
0.027193	-1.880793	12.636464	-4.953576	-12.925785
0.026603	-1.944041	12.606495	-4.947791	-13.021013
0.026165	-2.006804	12.576279	-4.941949	-13.116159
0.025869	-2.068206	12.545818	-4.936066	-13.211225
0.025701	-2.127434	12.515112	-4.930158	-13.306211
0.025647	-2.183789	12.484162	-4.924241	-13.401117
0.025691	-2.236708	12.452968	-4.918330	-13.495943
0.025818	-2.285781	12.421530	-4.912438	-13.590690
0.026011	-2.331740	12.389849	-4.906577	-13.685357
0.026255	-2.372448	12.357924	-4.900760	-13.779946
0.026538	-2.409868	12.325755	-4.894998	-13.874455
0.026845	-2.443046	12.293341	-4.889300	-13.968884
0.027167	-2.471081	12.260682	-4.883677	-14.063233
0.027492	-2.496107	12.227777	-4.878137	-14.157502
0.027813	-2.518276	12.194625	-4.872687	-14.251689
0.028121	-2.535775	12.161226	-4.867333	-14.345795
0.028414	-2.549904	12.127578	-4.862083	-14.439817
0.028687	-2.561978	12.093681	-4.856940	-14.533756
0.028939	-2.570285	12.059534	-4.851908	-14.627611
0.029169	-2.577093	12.025135	-4.846992	-14.721380
0.029376	-2.581648	11.990484	-4.842194	-14.815062
0.029562	-2.583180	11.955580	-4.837515	-14.908656
0.029726	-2.583903	11.920421	-4.832958	-15.002160
0.029870	-2.582018	11.885007	-4.828522	-15.095574
0.029995	-2.579716	11.849336	-4.824209	-15.188896
0.030102	-2.575178	11.813408	-4.820018	-15.282125
0.030193	-2.569581	11.777221	-4.815948	-15.375259
0.030268	-2.563094	11.740774	-4.811998	-15.468297
0.030331	-2.555884	11.704067	-4.808166	-15.561237
0.030380	-2.548115	11.667097	-4.804452	-15.654078
0.030419	-2.538951	11.629865	-4.800853	-15.746819
0.030447	-2.530553	11.592370	-4.797366	-15.839458
0.030466	-2.520082	11.554610	-4.793990	-15.931993
0.030477	-2.510700	11.516585	-4.790721	-16.024424
0.030479	-2.500569	11.478294	-4.787557	-16.116748
0.030473	-2.490828	11.439737	-4.784495	-16.208965
0.030461	-2.480527	11.400913	-4.781532	-16.301074
0.030441	-2.471694	11.361822	-4.778665	-16.393072
0.030416	-2.462358	11.322463	-4.775892	-16.484959
0.030385	-2.452550	11.282837	-4.773210	-16.576733
0.030350	-2.444302	11.242943	-4.770616	-16.668395
0.030311	-2.435647	11.202781	-4.768107	-16.759941
0.030268	-2.427619	11.162352	-4.765681	-16.851372
0.030222	-2.420254	11.121655	-4.763336	-16.942686
0.030175	-2.413587	11.080691	-4.761068	-17.033883
0.030126	-2.408656	11.039460	-4.758877	-17.124961
0.030076	-2.403499	10.997963	-4.756761	-17.215920
0.030027	-2.399154	10.956199	-4.754717	-17.306758
0.029979	-2.395659	10.914171	-4.752745	-17.397476
0.029933	-2.394053	10.871877	-4.750844	-17.488072
0.029889	-2.392374	10.829320	-4.749012	-17.578546
0.029850	-2.392661	10.786499	-4.747250	-17.668897
0.029816	-2.393949	10.743416	-4.745557	-17.759124
0.029789	-2.397274	10.700070	-4.743934	-17.849227
0.029769	-2.401670	10.656464	-4.742382	-17.939205
0.029759	-2.407143	10.612597	-4.740901	-18.029058
0.029758	-2.413598	10.568470	-4.739494	-18.118785
0.029764	-2.421914	10.524085	-4.738162	-18.208385
0.029778	-2.430972	10.479443	-4.736908	-18.297859
0.029799	-2.440652	10.434543	-4.735734	-18.387204
0.029825	-2.451835	10.389388	-4.734643	-18.476422
0.029855	-2.463405	10.343978	-4.733639	-18.565512
0.029889	-2.475245	10.298314	-4.732725	-18.654472
0.029925	-2.487245	10.252397	-4.731904	-18.743303
0.029962	-2.500294	10.206228	-4.731180	-18.832005
0.029997	-2.512286	10.159809	-4.730556	-18.920576
0.030029	-2.525118	10.113141	-4.730037	-19.009017
0.030057	-2.537691	10.066225	-4.729626	-19.097328
0.030077	-2.548907	10.019062	-4.729326	-19.185507
0.030088	-2.560673	9.971654	-4.729141	-19.273555
0.030088	-2.571897	9.924003	-4.729074	-19.361472
0.030074	-2.582489	9.876109	-4.729128	-19.449257
0.030043	-2.592361	9.827976	-4.729306	-19.536911
0.029993	-2.601424	9.779604	-4.729611	-19.624432
0.029922	-2.609588	9.730995	-4.730044	-19.711822
0.029827	-2.616786	9.682151	-4.730608	-19.799081
0.029709	-2.623045	9.633075	-4.731305	-19.886207
0.029569	-2.627410	9.583768	-4.732134	-19.973202
0.029408	-2.631924	9.534233	-4.733098	-20.060066
0.029228	-2.634625	9.484471	-4.734196	-20.146799
0.029029	-2.637549	9.434485	-4.735428	-20.233401
0.028814	-2.638729	9.384277	-4.736794	-20.319872
0.028585	-2.640197	9.333849	-4.738293	-20.406213
0.028341	-2.639981	9.283203	-4.739925	-20.492425
0.028086	-2.639110	9.232343	-4.741689	-20.578507
0.027821	-2.637613	9.181269	-4.743582	-20.664460
0.027547	-2.635517	9.129985	-4.745604	-20.750284
0.027267	-2.632851	9.078492	-4.747752	-20.835981
0.026981	-2.629644	9.026793	-4.750025	-20.921550
0.026692	-2.624927	8.974890	-4.752420	-21.006992
0.026402	-2.620733	8.922785	-4.754936	-21.092307
0.026112	-2.615095	8.870480	-4.757569	-21.177497
0.025823	-2.610052	8.817977	-4.760318	-21.262561
0.025539	-2.603644	8.765278	-4.763179	-21.347500
0.025259	-2.596915	8.712385	-4.766150	-21.432315
0.024986	-2.589915	8.659300	-4.769228	-21.517005
0.024721	-2.582705	8.606024	-4.772411	-21.601572
0.024464	-2.575352	8.552560	-4.775696	-21.686016
0.024215	-2.567926	8.498908	-4.779079	-21.770338
0.023976	-2.560502	8.445071	-4.782559	-21.854537
0.023747	-2.553159	8.391050	-4.786132	-21.938614
0.023528	-2.544976	8.336847	-4.789797	-22.022570
0.023319	-2.538040	8.282462	-4.793550	-22.106404
0.023121	-2.531437	8.227898	-4.797389	-22.190118
0.022935	-2.525258	8.173155	-4.801312	-22.273711
0.022760	-2.519594	8.118234	-4.805318	-22.357184
0.022598	-2.514539	8.063138	-4.809403	-22.440537
0.022447	-2.510189	8.007867	-4.813567	-22.523770
0.022309	-2.506639	7.952422	-4.817808	-22.606884
0.022183	-2.504985	7.896805	-4.822125	-22.689879
0.022071	-2.503321	7.841016	-4.826517	-22.772754
0.021972	-2.503740	7.785056	-4.830983	-22.855510
0.021887	-2.505335	7.728928	-4.835524	-22.938148
0.021817	-2.508192	7.672631	-4.840138	-23.020667
0.021762	-2.513397	7.616166	-4.844826	-23.103067
0.021723	-2.518996	7.559536	-4.849590	-23.185349
0.021698	-2.526907	7.502740	-4.854430	-23.267512
0.021687	-2.537010	7.445779	-4.859348	-23.349557
0.021689	-2.547184	7.388656	-4.864345	-23.431484
0.021701	-2.559306	7.331370	-4.869424	-23.513292
0.021723	-2.572253	7.273923	-4.874587	-23.594981
0.021754	-2.585904	7.216315	-4.879837	-23.676552
0.021792	-2.600139	7.158549	-4.885177	-23.758005
0.021836	-2.614843	7.100625	-4.890609	-23.839339
0.021883	-2.629904	7.042544	-4.896137	-23.920556
0.021933	-2.646214	6.984308	-4.901763	-24.001654
0.021983	-2.661672	6.925917	-4.907491	-24.082634
0.022031	-2.677182	6.867374	-4.913325	-24.163496
0.022076	-2.693655	6.808679	-4.919267	-24.244240
0.022116	-2.709005	6.749835	-4.925321	-24.324867
0.022147	-2.724154	6.690842	-4.931490	-24.405377
0.022168	-2.739029	6.631703	-4.937777	-24.485770
0.022177	-2.754562	6.572418	-4.944184	-24.566046
0.022170	-2.768688	6.512991	-4.950715	-24.646207
0.022145	-2.782348	6.453422	-4.957372	-24.726252
0.022100	-2.794508	6.393714	-4.964158	-24.806183
0.022034	-2.807227	6.333868	-4.971074	-24.885999
0.021946	-2.819588	6.273888	-4.978121	-24.965703
0.021838	-2.830673	6.213774	-4.985303	-25.045294
0.021707	-2.842564	6.153529	-4.992619	-25.124774
0.021554	-2.853344	6.093156	-5.000072	-25.204144
0.021379	-2.864097	6.032657	-5.007661	-25.283405
0.021182	-2.874910	5.972035	-5.015388	-25.362558
0.020963	-2.884874	5.911292	-5.023252	-25.441606
0.020721	-2.896084	5.850431	-5.031255	-25.520548
0.020458	-2.907641	5.789455	-5.039396	-25.599387
0.020173	-2.918653	5.728367	-5.047675	-25.678126
0.019867	-2.930236	5.667170	-5.056092	-25.756765
0.019539	-2.942517	5.605867	-5.064646	-25.835307
0.019192	-2.955635	5.544462	-5.073336	-25.913753
0.018824	-2.969745	5.482958	-5.082163	-25.992107
0.018437	-2.984017	5.421359	-5.091125	-26.070372
0.018032	-3.000642	5.359669	-5.100221	-26.148548
0.017609	-3.017837	5.297891	-5.109450	-26.226640
0.017171	-3.036842	5.236030	-5.118811	-26.304651
0.016720	-3.057894	5.174091	-5.128304	-26.382583
0.016263	-3.080087	5.112077	-5.137926	-26.460440
0.015807	-3.105456	5.049994	-5.147676	-26.538226
0.015359	-3.131997	4.987846	-5.157553	-26.615943
0.014927	3.121535	4.925637	-5.167556	-26.693597
0.014518	3.090900	4.863373	-5.177684	-26.771189
0.014139	3.058502	4.801058	-5.187936	-26.848725
0.013796	3.024665	4.738698	-5.198310	-26.926208
0.013495	2.989823	4.676296	-5.208805	-27.003641
0.013241	2.954528	4.613857	-5.219423	-27.081027
0.013038	2.919438	4.551385	-5.230161	-27.158371
0.012888	2.884300	4.488885	-5.241019	-27.235674
0.012794	2.851915	4.426360	-5.251999	-27.312940
0.012757	2.822103	4.363813	-5.263100	-27.390172
0.012777	2.794658	4.301248	-5.274323	-27.467371
0.012855	2.772305	4.238668	-5.285669	-27.544539
0.012991	2.753666	4.176074	-5.297139	-27.621678
0.013184	2.740233	4.113469	-5.308736	-27.698789
0.013435	2.732350	4.050853	-5.320461	-27.775873
0.013747	2.729204	3.988228	-5.332317	-27.852928
0.014120	2.731681	3.925594	-5.344308	-27.929956
0.014551	2.738968	3.862950	-5.356436	-28.006954
0.015032	2.750098	3.800296	-5.368706	-28.083920
0.015560	2.764159	3.737630	-5.381122	-28.160854
0.016130	2.779316	3.674949	-5.393689	-28.237752
0.016735	2.795838	3.612252	-5.406412	-28.314610
0.017371	2.813095	3.549536	-5.419295	-28.391427
0.018031	2.831567	3.486799	-5.432345	-28.468197
0.018708	2.847826	3.424037	-5.445566	-28.544918
0.019396	2.864534	3.361246	-5.458964	-28.621585
0.020086	2.880427	3.298425	-5.472544	-28.698195
0.020770	2.895299	3.235568	-5.486313	-28.774743
0.021441	2.908996	3.172675	-5.500275	-28.851224
0.022088	2.921399	3.109740	-5.514435	-28.927636
0.022705	2.932417	3.046761	-5.528799	-29.003973
0.023281	2.942975	2.983735	-5.543370	-29.080232
0.023808	2.951007	2.920661	-5.558154	-29.156410
0.024276	2.957448	2.857534	-5.573154	-29.232502
0.024677	2.963227	2.794354	-5.588375	-29.308507
0.025001	2.967262	2.731120	-5.603817	-29.384420
0.025243	2.969506	2.667829	-5.619486	-29.460241
0.025402	2.970115	2.604481	-5.635381	-29.535967
0.025483	2.969264	2.541077	-5.651505	-29.611598
0.025488	2.968100	2.477617	-5.667857	-29.687132
0.025422	2.965745	2.414101	-5.684439	-29.762569
0.025287	2.962303	2.350531	-5.701250	-29.837910
0.025088	2.956863	2.286907	-5.718288	-29.913154
0.024829	2.951506	2.223232	-5.735553	-29.988304
0.024512	2.946303	2.159507	-5.753042	-30.063359
0.024143	2.939323	2.095734	-5.770753	-30.138322
0.023723	2.931630	2.031917	-5.788683	-30.213194
0.023257	2.923291	1.968056	-5.806829	-30.287977
0.022749	2.914373	1.904156	-5.825187	-30.362675
0.022202	2.905950	1.840218	-5.843754	-30.437289
0.021618	2.896101	1.776246	-5.862524	-30.511822
0.021001	2.885918	1.712241	-5.881494	-30.586278
0.020355	2.875505	1.648208	-5.900658	-30.660659
0.019681	2.865986	1.584148	-5.920010	-30.734968
0.018983	2.855507	1.520065	-5.939546	-30.809208
0.018264	2.845241	1.455960	-5.959258	-30.883384
0.017524	2.834352	1.391836	-5.979141	-30.957498
0.016768	2.824831	1.327697	-5.999189	-31.031553
0.015998	2.815623	1.263543	-6.019395	-31.105553
0.015216	2.806674	1.199376	-6.039751	-31.179501
0.014425	2.796924	1.135200	-6.060251	-31.253401
0.013628	2.788311	1.071014	-6.080887	-31.327254
0.012828	2.778767	1.006821	-6.101653	-31.401066
0.012028	2.770213	0.942623	-6.122541	-31.474837
0.011230	2.760559	0.878420	-6.143543	-31.548573
0.010437	2.750700	0.814214	-6.164653	-31.622274
0.009653	2.741508	0.750005	-6.185862	-31.695946
0.008881	2.730824	0.685795	-6.207164	-31.769589
0.008123	2.720451	0.621585	-6.228550	-31.843208
0.007383	2.708135	0.557375	-6.250015	-31.916804
0.006663	2.695545	0.493166	-6.271551	-31.990380
0.005968	2.680243	0.428959	-6.293152	-32.063938
0.005300	2.663638	0.364754	-6.314810	-32.137482
0.004662	2.643918	0.300551	-6.336519	-32.211012
0.004058	2.618955	0.236352	-6.358274	-32.284532
0.003493	2.589151	0.172156	-6.380068	-32.358043
0.002968	2.551220	0.107963	-6.401896	-32.431548
0.002486	2.501732	0.043775	-6.423753	-32.505047
0.002047	2.436272	-0.020409	-6.445634	-32.578543
0.001654	2.344039	-0.084589	-6.467536	-32.652037
0.001313	2.211630	-0.148763	-6.489453	-32.725530
0.001033	2.017067	-0.212933	-6.511382	-32.799024
0.000835	1.737873	-0.277098	-6.533320	-32.872520
0.000739	1.380975	-0.341257	-6.555263	-32.946019
0.000748	1.025133	-0.405411	-6.577210	-33.019521
0.000830	0.745906	-0.469559	-6.599156	-33.093029
0.000946	0.554138	-0.533701	-6.621102	-33.166543
0.001069	0.427575	-0.597837	-6.643043	-33.240062
0.001186	0.342252	-0.661967	-6.664979	-33.313589
0.001289	0.284829	-0.726091	-6.686908	-33.387123
0.001375	0.247654	-0.790209	-6.708829	-33.460665
0.001444	0.223545	-0.854320	-6.730741	-33.534215
0.001495	0.210401	-0.918424	-6.752644	-33.607774
0.001529	0.206400	-0.982522	-6.774537	-33.681342
0.001546	0.210562	-1.046613	-6.796419	-33.754918
0.001547	0.222504	-1.110697	-6.818291	-33.828504
0.001533	0.242244	-1.174774	-6.840153	-33.902099
0.001507	0.268924	-1.238844	-6.862005	-33.975703
0.001469	0.304962	-1.302907	-6.883847	-34.049316
0.001423	0.349085	-1.366962	-6.905680	-34.122939
0.001370	0.404292	-1.431009	-6.927506	-34.196570
0.001313	0.469806	-1.495049	-6.949324	-34.270210
0.001255	0.548949	-1.559082	-6.971136	-34.343859
0.001199	0.640916	-1.623106	-6.992943	-34.417516
0.001150	0.747374	-1.687122	-7.014746	-34.491181
0.001112	0.868909	-1.751130	-7.036547	-34.564854
0.001088	1.001437	-1.815130	-7.058347	-34.638535
0.001081	1.141927	-1.879122	-7.080147	-34.712222
0.001095	1.285810	-1.943105	-7.101949	-34.785916
0.001128	1.425121	-2.007080	-7.123754	-34.859617
0.001180	1.556856	-2.071047	-7.145564	-34.933323
0.001247	1.675842	-2.135005	-7.167380	-35.007035
0.001326	1.782827	-2.198955	-7.189204	-35.080751
0.001414	1.877031	-2.262897	-7.211038	-35.154472
0.001508	1.959546	-2.326830	-7.232882	-35.228197
0.001604	2.031846	-2.390756	-7.254739	-35.301925
0.001699	2.095489	-2.454673	-7.276609	-35.375656
0.001793	2.151936	-2.518583	-7.298495	-35.449389
0.001884	2.203382	-2.582486	-7.320396	-35.523124
0.001972	2.248780	-2.646381	-7.342315	-35.596860
0.002055	2.290887	-2.710269	-7.364253	-35.670597
0.002134	2.329306	-2.774150	-7.386209	-35.744334
0.002208	2.363517	-2.838025	-7.408187	-35.818070
0.002276	2.395904	-2.901894	-7.430185	-35.891805
0.002338	2.425773	-2.965757	-7.452205	-35.965538
0.002394	2.453368	-3.029615	-7.474248	-36.039270
0.002444	2.478884	-3.093467	-7.496314	-36.112999
0.002486	2.502469	-3.157315	-7.518404	-36.186725
0.002521	2.524240	-3.221159	-7.540519	-36.260447
0.002549	2.544278	-3.284999	-7.562657	-36.334165
0.002569	2.562637	-3.348835	-7.584821	-36.407879
0.002581	2.579342	-3.412667	-7.607010	-36.481589
0.002584	2.594393	-3.476497	-7.629224	-36.555293
0.002579	2.607761	-3.540324	-7.651463	-36.628992
0.002565	2.619384	-3.604149	-7.673727	-36.702686
0.002541	2.629169	-3.667971	-7.696016	-36.776374
0.002508	2.636048	-3.731791	-7.718330	-36.850056
0.002467	2.642179	-3.795610	-7.740668	-36.923733
0.002416	2.645756	-3.859426	-7.763030	-36.997404
0.002357	2.648953	-3.923241	-7.785415	-37.071069
0.002290	2.649930	-3.987055	-7.807823	-37.144728
0.002216	2.649835	-4.050867	-7.830254	-37.218382
0.002134	2.649817	-4.114678	-7.852706	-37.292031
0.002046	2.648026	-4.178487	-7.875178	-37.365675
0.001952	2.645628	-4.242295	-7.897671	-37.439313
0.001852	2.643808	-4.306102	-7.920182	-37.512947
0.001746	2.640791	-4.369907	-7.942711	-37.586577
0.001636	2.638855	-4.433711	-7.965257	-37.660203
0.001521	2.636366	-4.497514	-7.987819	-37.733825
0.001402	2.635818	-4.561316	-8.010396	-37.807443
0.001278	2.635909	-4.625116	-8.032987	-37.881058
0.001152	2.639664	-4.688916	-8.055589	-37.954670
0.001023	2.647659	-4.752715	-8.078203	-38.028279
0.000891	2.662454	-4.816513	-8.100827	-38.101886
0.000757	2.688478	-4.880311	-8.123460	-38.175491
0.000623	2.734036	-4.944108	-8.146100	-38.249094
0.000490	2.816979	-5.007905	-8.168745	-38.322694
0.000363	2.972351	-5.071703	-8.191396	-38.396294
0.000257	-2.992023	-5.135502	-8.214049	-38.469891
0.000208	-2.395410	-5.199301	-8.236704	-38.543487
0.000252	-1.783690	-5.263102	-8.259360	-38.617082
0.000356	-1.449743	-5.326905	-8.282015	-38.690676
0.000482	-1.284462	-5.390710	-8.304668	-38.764268
0.000614	-1.194697	-5.454518	-8.327317	-38.837858
0.000748	-1.141714	-5.518329	-8.349961	-38.911448
0.000880	-1.108794	-5.582144	-8.372599	-38.985035
0.001010	-1.087887	-5.645964	-8.395229	-39.058622
0.001135	-1.074728	-5.709788	-8.417850	-39.132207
0.001255	-1.066884	-5.773618	-8.440462	-39.205790
0.001369	-1.062892	-5.837454	-8.463063	-39.279371
0.001477	-1.061838	-5.901296	-8.485652	-39.352951
0.001576	-1.064142	-5.965146	-8.508228	-39.426528
0.001667	-1.067437	-6.029002	-8.530790	-39.500103
0.001749	-1.073506	-6.092867	-8.553338	-39.573676
0.001821	-1.080236	-6.156739	-8.575871	-39.647246
0.001883	-1.089601	-6.220621	-8.598387	-39.720814
0.001933	-1.100586	-6.284512	-8.620888	-39.794378
0.001972	-1.112991	-6.348412	-8.643372	-39.867939
0.002002	-1.126611	-6.412322	-8.665840	-39.941497
0.002021	-1.142276	-6.476242	-8.688290	-40.015051
0.002031	-1.157843	-6.540173	-8.710724	-40.088602
0.002032	-1.175186	-6.604114	-8.733141	-40.162148
0.002024	-1.192185	-6.668066	-8.755541	-40.235690
0.002009	-1.210724	-6.732029	-8.777925	-40.309227
0.001985	-1.229684	-6.796003	-8.800293	-40.382759
0.001955	-1.247939	-6.859988	-8.822645	-40.456287
0.001917	-1.267354	-6.923985	-8.844982	-40.529809
0.001872	-1.286773	-6.987992	-8.867304	-40.603326
0.001820	-1.305021	-7.052011	-8.889612	-40.676838
0.001761	-1.323888	-7.116041	-8.911907	-40.750345
0.001696	-1.341121	-7.180081	-8.934189	-40.823845
0.001624	-1.358409	-7.244132	-8.956458	-40.897341
0.001546	-1.373355	-7.308193	-8.978716	-40.970831
0.001461	-1.387445	-7.372263	-9.000964	-41.044316
0.001370	-1.397982	-7.436343	-9.023201	-41.117796
0.001272	-1.404998	-7.500432	-9.045429	-41.191271
0.001167	-1.407325	-7.564529	-9.067648	-41.264742
0.001055	-1.403219	-7.628634	-9.089859	-41.338208
0.000936	-1.393647	-7.692745	-9.112064	-41.411671
0.000811	-1.374662	-7.756862	-9.134262	-41.485130
0.000679	-1.344411	-7.820985	-9.156454	-41.558586
0.000541	-1.292497	-7.885111	-9.178641	-41.632041
0.000398	-1.198455	-7.949241	-9.200824	-41.705493
0.000256	-0.991258	-8.013373	-9.223004	-41.778945
0.000143	-0.360378	-8.077506	-9.245182	-41.852397
0.000174	0.768118	-8.141639	-9.267359	-41.925849
0.000319	1.211858	-8.205771	-9.289535	-41.999302
0.000493	1.377461	-8.269900	-9.311711	-42.072757
0.000679	1.464905	-8.334026	-9.333890	-42.146215
0.000875	1.522290	-8.398146	-9.356072	-42.219676
0.001079	1.565562	-8.462260	-9.378258	-42.293142
0.001291	1.601379	-8.526367	-9.400450	-42.366612
0.001510	1.632971	-8.590465	-9.422650	-42.440088
0.001738	1.661073	-8.654552	-9.444859	-42.513570
0.001974	1.688690	-8.718628	-9.467078	-42.587059
0.002218	1.714428	-8.782691	-9.489311	-42.660555
0.002470	1.740547	-8.846739	-9.511557	-42.734060
0.002730	1.764799	-8.910771	-9.533821	-42.807573
0.002994	1.787980	-8.974786	-9.556104	-42.881096
0.003262	1.810015	-9.038783	-9.578408	-42.954629
0.003531	1.830899	-9.102759	-9.600735	-43.028172
0.003799	1.849677	-9.166714	-9.623089	-43.101725
0.004063	1.868414	-9.230647	-9.645471	-43.175289
0.004323	1.885188	-9.294555	-9.667884	-43.248865
0.004576	1.902084	-9.358439	-9.690331	-43.322452
0.004820	1.917188	-9.422297	-9.712813	-43.396050
0.005052	1.931582	-9.486127	-9.735334	-43.469661
0.005270	1.945351	-9.549930	-9.757895	-43.543283
0.005473	1.958573	-9.613704	-9.780498	-43.616918
0.005657	1.971327	-9.677449	-9.803146	-43.690564
0.005821	1.983690	-9.741163	-9.825840	-43.764222
0.005963	1.995739	-9.804846	-9.848582	-43.837892
0.006081	2.007553	-9.868499	-9.871374	-43.911573
0.006171	2.019213	-9.932120	-9.894217	-43.985265
0.006233	2.031807	-9.995710	-9.917112	-44.058968
0.006263	2.043431	-10.059269	-9.940060	-44.132682
0.006261	2.055192	-10.122797	-9.963061	-44.206406
0.006228	2.067189	-10.186294	-9.986116	-44.280139
0.006166	2.079516	-10.249762	-10.009225	-44.353881
0.006077	2.092259	-10.313200	-10.032388	-44.427631
0.005964	2.106506	-10.376610	-10.055604	-44.501389
0.005829	2.120343	-10.439993	-10.078873	-44.575154
0.005674	2.134860	-10.503349	-10.102193	-44.648925
0.005502	2.151146	-10.566680	-10.125564	-44.722701
0.005314	2.168299	-10.629988	-10.148985	-44.796482
0.005113	2.185418	-10.693274	-10.172453	-44.870267
0.004901	2.204604	-10.756538	-10.195968	-44.944055
0.004680	2.224964	-10.819784	-10.219528	-45.017846
0.004453	2.246602	-10.883011	-10.243132	-45.091637
0.004222	2.270621	-10.946222	-10.266776	-45.165430
0.003989	2.295109	-11.009418	-10.290460	-45.239223
0.003756	2.322139	-11.072600	-10.314182	-45.313015
0.003524	2.349747	-11.135771	-10.337939	-45.386806
0.003297	2.379914	-11.198931	-10.361730	-45.460595
0.003076	2.411540	-11.262082	-10.385553	-45.534382
0.002863	2.445402	-11.325225	-10.409405	-45.608165
0.002659	2.479196	-11.388362	-10.433285	-45.681946
0.002463	2.514832	-11.451494	-10.457190	-45.755722
0.002276	2.551283	-11.514621	-10.481120	-45.829495
0.002097	2.588527	-11.577744	-10.505071	-45.903263
0.001924	2.626548	-11.640865	-10.529043	-45.977027
0.001758	2.666343	-11.703985	-10.553034	-46.050786
0.001598	2.705934	-11.767103	-10.577041	-46.124541
0.001443	2.747380	-11.830221	-10.601064	-46.198291
0.001292	2.789806	-11.893338	-10.625101	-46.272037
0.001146	2.833444	-11.956457	-10.649149	-46.345779
0.001003	2.878710	-12.019576	-10.673208	-46.419516
0.000862	2.926349	-12.082696	-10.697277	-46.493249
0.000724	2.977748	-12.145817	-10.721353	-46.566979
0.000587	3.035664	-12.208939	-10.745436	-46.640706
0.000452	3.106260	-12.272063	-10.769523	-46.714429
0.000318	-3.076997	-12.335188	-10.793615	-46.788151
0.000187	-2.884580	-12.398314	-10.817709	-46.861871
0.000079	-2.153622	-12.461441	-10.841804	-46.935590
0.000122	-0.657752	-12.524569	-10.865899	-47.009308
0.000249	-0.305889	-12.587697	-10.889992	-47.083026
0.000387	-0.175124	-12.650824	-10.914084	-47.156746
0.000528	-0.101607	-12.713951	-10.938172	-47.230467
0.000672	-0.052367	-12.777077	-10.962255	-47.304190
0.000817	-0.017142	-12.840201	-10.986333	-47.377917
0.000965	0.008383	-12.903323	-11.010405	-47.451648
0.001113	0.026355	-12.966442	-11.034468	-47.525384
0.001261	0.037968	-13.029557	-11.058523	-47.599126
0.001410	0.043939	-13.092668	-11.082568	-47.672874
0.001558	0.044719	-13.155775	-11.106602	-47.746630
0.001707	0.040601	-13.218876	-11.130624	-47.820395
0.001855	0.032779	-13.281972	-11.154633	-47.894169
0.002003	0.019386	-13.345062	-11.178627	-47.967952
0.002151	0.001519	-13.408145	-11.202605	-48.041746
0.002301	-0.019737	-13.471222	-11.226567	-48.115551
0.002452	-0.046289	-13.534293	-11.250509	-48.189368
0.002607	-0.076020	-13.597357	-11.274431	-48.263197
0.002767	-0.108772	-13.660414	-11.298331	-48.337038
0.002933	-0.146323	-13.723466	-11.322208	-48.410893
0.003109	-0.186382	-13.786511	-11.346058	-48.484760
0.003297	-0.229571	-13.849552	-11.369882	-48.558641
0.003501	-0.274261	-13.912588	-11.393675	-48.632535
0.003721	-0.320157	-13.975621	-11.417436	-48.706442
0.003960	-0.366002	-14.038652	-11.441162	-48.780363
0.004220	-0.409779	-14.101682	-11.464851	-48.854296
0.004500	-0.451709	-14.164712	-11.488500	-48.928242
0.004800	-0.491231	-14.227744	-11.512105	-49.002200
0.005120	-0.527977	-14.290779	-11.535664	-49.076170
0.005459	-0.560741	-14.353820	-11.559173	-49.150152
0.005816	-0.590441	-14.416867	-11.582630	-49.224144
0.006188	-0.617091	-14.479923	-11.606029	-49.298147
0.006576	-0.640771	-14.542988	-11.629369	-49.372161
0.006976	-0.660605	-14.606066	-11.652645	-49.446184
0.007387	-0.678741	-14.669158	-11.675853	-49.520217
0.007807	-0.693339	-14.732265	-11.698989	-49.594259
0.008234	-0.706563	-14.795390	-11.722050	-49.668310
0.008666	-0.716573	-14.858534	-11.745031	-49.742369
0.009102	-0.725520	-14.921698	-11.767928	-49.816437
0.009539	-0.731543	-14.984884	-11.790738	-49.890513
0.009975	-0.736772	-15.048094	-11.813455	-49.964597
0.010409	-0.740323	-15.111329	-11.836076	-50.038689
0.010839	-0.742320	-15.174591	-11.858597	-50.112790
0.011265	-0.742962	-15.237879	-11.881013	-50.186898
0.011686	-0.742433	-15.301197	-11.903321	-50.261015
0.012104	-0.741892	-15.364543	-11.925515	-50.335141
0.012517	-0.739470	-15.427921	-11.947593	-50.409276
0.012926	-0.737283	-15.491329	-11.969551	-50.483420
0.013331	-0.733429	-15.554769	-11.991383	-50.557573
0.013733	-0.729992	-15.618241	-12.013086	-50.631737
0.014131	-0.725047	-15.681746	-12.034656	-50.705912
0.014526	-0.719658	-15.745284	-12.056090	-50.780098
0.014918	-0.714883	-15.808856	-12.077382	-50.854295
0.015308	-0.708772	-15.872461	-12.098530	-50.928506
0.015695	-0.702370	-15.936100	-12.119529	-51.002730
0.016080	-0.695718	-15.999772	-12.140376	-51.076968
0.016463	-0.687850	-16.063478	-12.161065	-51.151221
0.016845	-0.679800	-16.127216	-12.181595	-51.225491
0.017226	-0.671597	-16.190988	-12.201960	-51.299777
0.017605	-0.662267	-16.254792	-12.222156	-51.374082
0.017984	-0.652835	-16.318627	-12.242181	-51.448407
0.018363	-0.642323	-16.382492	-12.262030	-51.522752
0.000000	0.000000	-16.382492	-12.262030	-51.522752
