0.050841	-0.913580	0.000000	0.000000	0.000000
0.046681	-0.862391	0.099999	0.000311	-0.000403
0.042655	-0.802585	0.199994	0.000925	-0.001159
0.038806	-0.732449	0.299984	0.001836	-0.002223
0.035183	-0.649961	0.399968	0.003035	-0.003546
0.031845	-0.552875	0.499945	0.004514	-0.005082
0.028857	-0.439995	0.599916	0.006264	-0.006786
0.026291	-0.307738	0.699879	0.008275	-0.008612
0.024220	-0.158082	0.799835	0.010537	-0.010517
0.022701	0.007343	0.899785	0.013038	-0.012461
0.021761	0.182700	0.999729	0.015766	-0.014403
0.021377	0.359823	1.099667	0.018707	-0.016305
0.021474	0.530507	1.199601	0.021849	-0.018132
0.021942	0.688850	1.299531	0.025176	-0.019850
0.022655	0.831229	1.399458	0.028672	-0.021429
0.023495	0.958822	1.499381	0.032320	-0.022840
0.024359	1.074538	1.599302	0.036104	-0.024059
0.025164	1.179074	1.699221	0.040003	-0.025064
0.025850	1.276363	1.799138	0.043999	-0.025836
0.026370	1.369331	1.899054	0.048069	-0.026361
0.026695	1.460864	1.998968	0.052192	-0.026627
0.026820	1.553753	2.098882	0.056344	-0.026628
0.026789	1.650232	2.198795	0.060500	-0.026361
0.026664	1.750975	2.298708	0.064635	-0.025826
0.026515	1.859089	2.398622	0.068722	-0.025030
0.026418	1.972966	2.498536	0.072733	-0.023979
0.026453	2.094083	2.598451	0.076641	-0.022685
0.026694	2.218884	2.698368	0.080417	-0.021162
0.027203	2.346835	2.798288	0.084031	-0.019427
0.028025	2.472759	2.898210	0.087454	-0.017497
0.029179	2.594371	2.998137	0.090658	-0.015394
0.030662	2.709839	3.098068	0.093612	-0.013140
0.032450	2.815161	3.198004	0.096288	-0.010757
0.034504	2.910271	3.297945	0.098656	-0.008270
0.036775	2.994910	3.397891	0.100689	-0.005705
0.039212	3.070398	3.497843	0.102357	-0.003086
0.041762	3.135400	3.597800	0.103635	-0.000440
0.044375	-3.091455	3.697761	0.104495	0.002208
0.047004	-3.042953	3.797726	0.104911	0.004833
0.049601	-3.000489	3.897692	0.104860	0.007411
0.052127	-2.965363	3.997659	0.104318	0.009919
0.054545	-2.935868	4.097625	0.103263	0.012335
0.056841	-2.910006	4.197586	0.101675	0.014638
0.059011	-2.888886	4.297539	0.099533	0.016810
0.061054	-2.870801	4.397482	0.096821	0.018833
0.062971	-2.855179	4.497410	0.093520	0.020691
0.064768	-2.840552	4.597320	0.089616	0.022370
0.066448	-2.828533	4.697206	0.085095	0.023856
0.068018	-2.817797	4.797065	0.079943	0.025135
0.069486	-2.807064	4.896892	0.074147	0.026196
0.070859	-2.798093	4.996680	0.067696	0.027028
0.072146	-2.789672	5.096425	0.060581	0.027619
0.073355	-2.780612	5.196120	0.052790	0.027959
0.074496	-2.772742	5.295761	0.044317	0.028038
0.075578	-2.763907	5.395339	0.035152	0.027847
0.076611	-2.755964	5.494851	0.025288	0.027376
0.077605	-2.746780	5.594288	0.014719	0.026614
0.078569	-2.738235	5.693644	0.003440	0.025551
0.079516	-2.728214	5.792912	-0.008557	0.024179
0.080454	-2.718613	5.892086	-0.021274	0.022485
0.081397	-2.707336	5.991157	-0.034717	0.020459
0.082353	-2.695324	6.090120	-0.048890	0.018090
0.083325	-2.683624	6.188965	-0.063795	0.015363
0.084314	-2.670309	6.287686	-0.079437	0.012267
0.085319	-2.656447	6.386273	-0.095818	0.008787
0.086341	-2.642106	6.484720	-0.112939	0.004908
0.087380	-2.628349	6.583018	-0.130804	0.000615
0.088436	-2.613235	6.681158	-0.149413	-0.004106
0.089508	-2.598823	6.779131	-0.168768	-0.009274
0.090597	-2.583166	6.876928	-0.188869	-0.014903
0.091702	-2.568317	6.974540	-0.209716	-0.021011
0.092821	-2.552324	7.071957	-0.231310	-0.027615
0.093954	-2.537232	7.169169	-0.253650	-0.034732
0.095100	-2.522084	7.266167	-0.276735	-0.042380
0.096257	-2.505919	7.362940	-0.300563	-0.050576
0.097424	-2.490775	7.459478	-0.325132	-0.059340
0.098599	-2.476684	7.555770	-0.350441	-0.068688
0.099780	-2.461679	7.651804	-0.376487	-0.078638
0.100966	-2.446788	7.747570	-0.403268	-0.089208
0.102153	-2.433036	7.843056	-0.430779	-0.100416
0.103339	-2.418449	7.938249	-0.459019	-0.112279
0.104523	-2.405043	8.033139	-0.487981	-0.124814
0.105702	-2.391827	8.127712	-0.517663	-0.138038
0.106876	-2.378806	8.221957	-0.548059	-0.151969
0.108042	-2.365983	8.315859	-0.579165	-0.166621
0.109200	-2.353361	8.409407	-0.610976	-0.182012
0.110349	-2.341943	8.502587	-0.643485	-0.198158
0.111486	-2.329730	8.595385	-0.676687	-0.215072
0.112611	-2.317724	8.687788	-0.710576	-0.232771
0.113721	-2.306927	8.779782	-0.745144	-0.251269
0.114815	-2.295338	8.871352	-0.780386	-0.270580
0.115892	-2.284959	8.962485	-0.816292	-0.290719
0.116950	-2.273788	9.053166	-0.852856	-0.311698
0.117987	-2.262826	9.143380	-0.890069	-0.333530
0.119002	-2.252071	9.233112	-0.927922	-0.356230
0.119993	-2.241522	9.322348	-0.966405	-0.379808
0.120957	-2.231179	9.411074	-1.005508	-0.404277
0.121894	-2.221040	9.499273	-1.045222	-0.429648
0.122801	-2.211103	9.586931	-1.085535	-0.455933
0.123677	-2.201366	9.674034	-1.126437	-0.483140
0.124520	-2.190827	9.760565	-1.167915	-0.511281
0.125328	-2.180485	9.846510	-1.209958	-0.540365
0.126099	-2.170339	9.931854	-1.252552	-0.570400
0.126832	-2.160387	10.016583	-1.295683	-0.601396
0.127526	-2.150630	10.100681	-1.339339	-0.633359
0.128178	-2.141066	10.184135	-1.383503	-0.666298
0.128788	-2.130694	10.266930	-1.428163	-0.700219
0.129353	-2.120516	10.349051	-1.473301	-0.735127
0.129872	-2.111528	10.430485	-1.518903	-0.771029
0.130344	-2.100732	10.511219	-1.564952	-0.807929
0.130766	-2.091127	10.591239	-1.611430	-0.845831
0.131137	-2.081712	10.670532	-1.658322	-0.884738
0.131455	-2.071487	10.749085	-1.705610	-0.924653
0.131719	-2.062452	10.826887	-1.753275	-0.965579
0.131927	-2.052608	10.903925	-1.801300	-1.007516
0.132078	-2.042955	10.980189	-1.849666	-1.050464
0.132169	-2.033492	11.055667	-1.898355	-1.094424
0.132199	-2.024222	11.130348	-1.947348	-1.139395
0.132166	-2.014144	11.204224	-1.996627	-1.185373
0.132069	-2.005260	11.277285	-2.046170	-1.232358
0.131905	-1.996573	11.349522	-2.095959	-1.280346
0.131676	-1.987073	11.420928	-2.145976	-1.329331
0.131392	-1.977716	11.491494	-2.196202	-1.379309
0.131064	-1.968450	11.561214	-2.246615	-1.430276
0.130705	-1.959224	11.630083	-2.297197	-1.482223
0.130329	-1.949989	11.698094	-2.347929	-1.535146
0.129947	-1.940697	11.765242	-2.398791	-1.589037
0.129574	-1.931302	11.831522	-2.449764	-1.643889
0.129221	-1.920760	11.896930	-2.500828	-1.699694
0.128902	-1.910028	11.961462	-2.551963	-1.756447
0.128630	-1.900066	12.025113	-2.603148	-1.814140
0.128419	-1.887836	12.087881	-2.654365	-1.872767
0.128283	-1.876303	12.149761	-2.705590	-1.932322
0.128235	-1.864436	12.210751	-2.756803	-1.992800
0.128289	-1.851207	12.270845	-2.807982	-2.054195
0.128459	-1.837594	12.330040	-2.859104	-2.116504
0.128760	-1.823580	12.388332	-2.910147	-2.179724
0.129206	-1.808154	12.445718	-2.961084	-2.243851
0.129811	-1.792311	12.502191	-3.011892	-2.308885
0.130591	-1.776052	12.557748	-3.062542	-2.374824
0.131560	-1.758387	12.612383	-3.113008	-2.441669
0.132726	-1.740362	12.666090	-3.163259	-2.509421
0.134071	-1.722139	12.718862	-3.213265	-2.578084
0.135569	-1.702897	12.770692	-3.262993	-2.647659
0.137191	-1.684801	12.821573	-3.312410	-2.718151
0.138910	-1.665999	12.871497	-3.361481	-2.789562
0.140698	-1.647624	12.920455	-3.410172	-2.861897
0.142524	-1.630791	12.968439	-3.458446	-2.935158
0.144360	-1.613604	13.015440	-3.506268	-3.009347
0.146174	-1.599153	13.061449	-3.553604	-3.084464
0.147936	-1.585519	13.106455	-3.600419	-3.160508
0.149615	-1.573775	13.150449	-3.646680	-3.237479
0.151181	-1.563988	13.193418	-3.692358	-3.315371
0.152602	-1.556223	13.235352	-3.737423	-3.394178
0.153849	-1.551545	13.276239	-3.781851	-3.473894
0.154892	-1.549022	13.316063	-3.825619	-3.554506
0.155700	-1.549727	13.354811	-3.868711	-3.636003
0.156245	-1.552741	13.392467	-3.911112	-3.718369
0.156498	-1.559158	13.429016	-3.952813	-3.801586
0.156433	-1.568089	13.464440	-3.993812	-3.885635
0.156024	-1.579662	13.498723	-4.034110	-3.970492
0.155256	-1.594985	13.531849	-4.073713	-4.056133
0.154156	-1.612988	13.563803	-4.112634	-4.142528
0.152758	-1.633568	13.594569	-4.150891	-4.229648
0.151101	-1.654625	13.624133	-4.188508	-4.317460
0.149220	-1.678062	13.652486	-4.225507	-4.405931
0.147149	-1.702780	13.679617	-4.261920	-4.495027
0.144926	-1.727672	13.705520	-4.297776	-4.584712
0.142582	-1.752617	13.730191	-4.333106	-4.674951
0.140150	-1.778481	13.753629	-4.367945	-4.765708
0.137662	-1.805107	13.775834	-4.402323	-4.856950
0.135145	-1.830315	13.796810	-4.436276	-4.948641
0.132625	-1.855898	13.816561	-4.469835	-5.040748
0.130128	-1.881616	13.835096	-4.503033	-5.133238
0.127672	-1.905200	13.852422	-4.535900	-5.226079
0.125278	-1.928343	13.868550	-4.568465	-5.319243
0.122960	-1.949707	13.883492	-4.600755	-5.412699
0.120732	-1.969915	13.897259	-4.632794	-5.506422
0.118604	-1.986560	13.909866	-4.664605	-5.600385
0.116585	-2.001203	13.921326	-4.696206	-5.694566
0.114685	-2.012379	13.931653	-4.727611	-5.788944
0.112906	-2.019687	13.940863	-4.758833	-5.883497
0.111239	-2.023077	13.948969	-4.789877	-5.978210
0.109673	-2.022610	13.955985	-4.820745	-6.073068
0.108200	-2.018363	13.961928	-4.851437	-6.168056
0.106813	-2.010435	13.966810	-4.881946	-6.263163
0.105511	-1.999944	13.970647	-4.912263	-6.358379
0.104290	-1.986024	13.973454	-4.942378	-6.453696
0.103151	-1.967827	13.975246	-4.972274	-6.549105
0.102095	-1.947521	13.976036	-5.001935	-6.644602
0.101122	-1.924292	13.975842	-5.031341	-6.740181
0.100232	-1.898340	13.974679	-5.060468	-6.835838
0.099426	-1.870880	13.972563	-5.089293	-6.931570
0.098703	-1.840139	13.969510	-5.117792	-7.027374
0.098060	-1.808352	13.965540	-5.145935	-7.123250
0.097495	-1.773766	13.960669	-5.173696	-7.219196
0.097001	-1.738628	13.954918	-5.201044	-7.315212
0.096572	-1.703189	13.948306	-5.227951	-7.411297
0.096199	-1.666696	13.940854	-5.254385	-7.507451
0.095870	-1.630394	13.932584	-5.280319	-7.603675
0.095574	-1.595519	13.923518	-5.305724	-7.699968
0.095296	-1.561270	13.913677	-5.330572	-7.796331
0.095027	-1.528722	13.903085	-5.354839	-7.892762
0.094757	-1.496915	13.891763	-5.378500	-7.989261
0.094478	-1.467884	13.879735	-5.401533	-8.085826
0.094181	-1.440659	13.867021	-5.423919	-8.182455
0.093857	-1.416267	13.853643	-5.445641	-8.279146
0.093496	-1.392731	13.839620	-5.466684	-8.375896
0.093089	-1.372072	13.824971	-5.487034	-8.472702
0.092629	-1.352309	13.809715	-5.506680	-8.569559
0.092106	-1.335461	13.793870	-5.525613	-8.666463
0.091511	-1.320546	13.777453	-5.543826	-8.763411
0.090836	-1.307584	13.760478	-5.561313	-8.860395
0.090074	-1.295596	13.742961	-5.578073	-8.957412
0.089215	-1.285609	13.724916	-5.594104	-9.054455
0.088252	-1.277651	13.706356	-5.609405	-9.151519
0.087177	-1.270760	13.687295	-5.623981	-9.248598
0.085984	-1.264978	13.667745	-5.637836	-9.345685
0.084664	-1.261360	13.647717	-5.650975	-9.442773
0.083213	-1.257971	13.627223	-5.663408	-9.539858
0.081622	-1.256893	13.606275	-5.675143	-9.636933
0.079888	-1.256207	13.584884	-5.686193	-9.733991
0.078022	-1.256939	13.563060	-5.696572	-9.831027
0.076033	-1.259113	13.540816	-5.706295	-9.928036
0.073934	-1.261767	13.518160	-5.715378	-10.025011
0.071739	-1.266958	13.495106	-5.723841	-10.121949
0.069459	-1.272758	13.471661	-5.731702	-10.218843
0.067108	-1.280256	13.447838	-5.738984	-10.315691
0.064701	-1.289559	13.423645	-5.745707	-10.412487
0.062251	-1.300794	13.399092	-5.751896	-10.509228
0.059773	-1.314107	13.374189	-5.757573	-10.605911
0.057283	-1.329661	13.348944	-5.762765	-10.702533
0.054795	-1.346640	13.323364	-5.767495	-10.799090
0.052327	-1.367243	13.297459	-5.771790	-10.895581
0.049895	-1.390679	13.271236	-5.775676	-10.992003
0.047516	-1.416166	13.244700	-5.779178	-11.088355
0.045208	-1.445914	13.217860	-5.782323	-11.184634
0.042988	-1.478112	13.190720	-5.785138	-11.280839
0.040875	-1.514905	13.163287	-5.787647	-11.376970
0.038886	-1.554366	13.135565	-5.789877	-11.473025
0.037038	-1.598461	13.107559	-5.791853	-11.569003
0.035345	-1.645049	13.079273	-5.793599	-11.664903
0.033815	-1.695994	13.050711	-5.795140	-11.760725
0.032453	-1.750067	13.021876	-5.796497	-11.856468
0.031261	-1.805900	12.992770	-5.797694	-11.952131
0.030242	-1.864977	12.963396	-5.798751	-12.047714
0.029394	-1.925642	12.933756	-5.799690	-12.143216
0.028714	-1.987123	12.903851	-5.800530	-12.238636
0.028194	-2.048578	12.873683	-5.801291	-12.333974
0.027826	-2.109140	12.843252	-5.801991	-12.429229
0.027598	-2.167977	12.812560	-5.802646	-12.524400
0.027495	-2.224342	12.781607	-5.803274	-12.619487
0.027502	-2.277604	12.750392	-5.803891	-12.714488
0.027602	-2.327274	12.718916	-5.804509	-12.809403
0.027779	-2.374005	12.687179	-5.805145	-12.904231
0.028018	-2.415581	12.655180	-5.805809	-12.998971
0.028302	-2.453902	12.622919	-5.806515	-13.093622
0.028618	-2.487952	12.590395	-5.807273	-13.188182
0.028953	-2.516786	12.557607	-5.808094	-13.282650
0.029295	-2.542500	12.524554	-5.808986	-13.377026
0.029635	-2.565214	12.491235	-5.809958	-13.471307
0.029963	-2.583097	12.457650	-5.811016	-13.565492
0.030275	-2.597463	12.423797	-5.812167	-13.659581
0.030567	-2.609643	12.389675	-5.813416	-13.753571
0.030836	-2.617945	12.355282	-5.814767	-13.847461
0.031083	-2.624653	12.320619	-5.816224	-13.941250
0.031306	-2.629032	12.285683	-5.817790	-14.034935
0.031505	-2.630325	12.250473	-5.819466	-14.128517
0.031682	-2.630762	12.214988	-5.821253	-14.221992
0.031837	-2.628560	12.179227	-5.823153	-14.315360
0.031971	-2.625921	12.143189	-5.825165	-14.408619
0.032087	-2.621044	12.106873	-5.827289	-14.501767
0.032185	-2.615115	12.070277	-5.829524	-14.594803
0.032267	-2.608319	12.033400	-5.831868	-14.687726
0.032333	-2.600836	11.996242	-5.834320	-14.780534
0.032387	-2.592842	11.958801	-5.836876	-14.873225
0.032427	-2.583514	11.921077	-5.839536	-14.965798
0.032456	-2.575026	11.883068	-5.842297	-15.058252
0.032475	-2.564552	11.844775	-5.845155	-15.150586
0.032482	-2.555265	11.806195	-5.848107	-15.242797
0.032480	-2.545342	11.767330	-5.851152	-15.334885
0.032468	-2.535929	11.728177	-5.854284	-15.426848
0.032447	-2.526067	11.688738	-5.857502	-15.518686
0.032418	-2.517770	11.649012	-5.860803	-15.610398
0.032381	-2.509054	11.608999	-5.864183	-15.701981
0.032338	-2.499937	11.568698	-5.867640	-15.793435
0.032290	-2.492438	11.528111	-5.871171	-15.884760
0.032238	-2.484578	11.487237	-5.874773	-15.975954
0.032182	-2.477379	11.446077	-5.878443	-16.067017
0.032125	-2.470863	11.404631	-5.882180	-16.157947
0.032066	-2.465055	11.362900	-5.885980	-16.248744
0.032007	-2.460978	11.320885	-5.889843	-16.339407
0.031949	-2.456658	11.278585	-5.893766	-16.429935
0.031893	-2.453119	11.236002	-5.897748	-16.520328
0.031841	-2.450386	11.193137	-5.901789	-16.610585
0.031794	-2.449484	11.149990	-5.905885	-16.700704
0.031754	-2.448435	11.106561	-5.910039	-16.790686
0.031722	-2.449262	11.062853	-5.914248	-16.880530
0.031699	-2.450984	11.018865	-5.918513	-16.970234
0.031687	-2.454620	10.974598	-5.922836	-17.059799
0.031688	-2.459184	10.930054	-5.927215	-17.149222
0.031704	-2.464667	10.885232	-5.931654	-17.238504
0.031733	-2.470982	10.840133	-5.936153	-17.327644
0.031774	-2.479017	10.794759	-5.940715	-17.416640
0.031827	-2.487664	10.749109	-5.945343	-17.505492
0.031889	-2.496815	10.703184	-5.950038	-17.594199
0.031960	-2.507364	10.656984	-5.954804	-17.682759
0.032038	-2.518208	10.610511	-5.959645	-17.771172
0.032120	-2.529245	10.563765	-5.964563	-17.859437
0.032206	-2.540380	10.516747	-5.969563	-17.947552
0.032293	-2.552519	10.469457	-5.974648	-18.035517
0.032379	-2.563571	10.421895	-5.979821	-18.123330
0.032462	-2.575452	10.374064	-5.985088	-18.210991
0.032540	-2.587079	10.325963	-5.990450	-18.298498
0.032609	-2.597374	10.277594	-5.995913	-18.385851
0.032669	-2.608261	10.228957	-6.001479	-18.473049
0.032715	-2.618669	10.180054	-6.007153	-18.560091
0.032746	-2.628526	10.130886	-6.012937	-18.646977
0.032758	-2.637765	10.081454	-6.018834	-18.733705
0.032749	-2.646317	10.031760	-6.024847	-18.820274
0.032716	-2.654114	9.981804	-6.030979	-18.906686
0.032657	-2.661106	9.931590	-6.037232	-18.992938
0.032571	-2.667314	9.881119	-6.043608	-19.079031
0.032461	-2.671772	9.830392	-6.050108	-19.164964
0.032327	-2.676514	9.779411	-6.056733	-19.250738
0.032171	-2.679566	9.728180	-6.063484	-19.336352
0.031994	-2.682955	9.676699	-6.070361	-19.421806
0.031797	-2.684704	9.624971	-6.077364	-19.507101
0.031583	-2.686832	9.572999	-6.084493	-19.592236
0.031352	-2.687358	9.520784	-6.091748	-19.677213
0.031106	-2.687300	9.468330	-6.099128	-19.762031
0.030847	-2.686672	9.415638	-6.106631	-19.846690
0.030576	-2.685491	9.362711	-6.114257	-19.931192
0.030295	-2.683770	9.309551	-6.122004	-20.015537
0.030006	-2.681523	9.256161	-6.129871	-20.099725
0.029710	-2.677765	9.202543	-6.137855	-20.183757
0.029408	-2.674510	9.148700	-6.145954	-20.267634
0.029104	-2.669774	9.094634	-6.154167	-20.351356
0.028798	-2.665572	9.040346	-6.162490	-20.434925
0.028491	-2.659923	8.985841	-6.170921	-20.518340
0.028187	-2.653846	8.931119	-6.179458	-20.601602
0.027886	-2.647370	8.876183	-6.188098	-20.684713
0.027590	-2.640553	8.821035	-6.196837	-20.767673
0.027299	-2.633465	8.765677	-6.205674	-20.850482
0.027016	-2.626180	8.710111	-6.214605	-20.933142
0.026742	-2.618776	8.654338	-6.223627	-21.015653
0.026476	-2.611336	8.598362	-6.232738	-21.098016
0.026222	-2.602949	8.542183	-6.241934	-21.180231
0.025978	-2.595705	8.485803	-6.251214	-21.262299
0.025747	-2.588701	8.429224	-6.260573	-21.344221
0.025530	-2.582036	8.372447	-6.270010	-21.425998
0.025326	-2.575814	8.315475	-6.279522	-21.507629
0.025137	-2.570140	8.258308	-6.289107	-21.589115
0.024964	-2.565123	8.200947	-6.298763	-21.670458
0.024808	-2.560871	8.143395	-6.308489	-21.751656
0.024668	-2.558494	8.085652	-6.318283	-21.832711
0.024547	-2.556100	8.027720	-6.328143	-21.913622
0.024445	-2.555797	7.969600	-6.338070	-21.994390
0.024362	-2.556689	7.911293	-6.348062	-22.075015
0.024300	-2.558875	7.852799	-6.358119	-22.155498
0.024261	-2.563448	7.794121	-6.368242	-22.235837
0.024244	-2.568462	7.735258	-6.378432	-22.316032
0.024248	-2.575822	7.676212	-6.388690	-22.396085
0.024271	-2.585397	7.616984	-6.399017	-22.475993
0.024312	-2.595050	7.557574	-6.409415	-22.555758
0.024367	-2.606646	7.497983	-6.419888	-22.635377
0.024434	-2.619050	7.438212	-6.430437	-22.714851
0.024512	-2.632132	7.378262	-6.441065	-22.794180
0.024598	-2.645763	7.318134	-6.451777	-22.873362
0.024689	-2.659824	7.257828	-6.462574	-22.952398
0.024783	-2.674197	7.197345	-6.473461	-23.031286
0.024877	-2.689775	7.136687	-6.484442	-23.110026
0.024969	-2.704458	7.075854	-6.495519	-23.188618
0.025055	-2.719151	7.014848	-6.506698	-23.267061
0.025132	-2.734769	6.953670	-6.517980	-23.345355
0.025198	-2.749232	6.892321	-6.529371	-23.423499
0.025249	-2.763470	6.830802	-6.540873	-23.501494
0.025281	-2.777415	6.769116	-6.552490	-23.579339
0.025292	-2.792008	6.707264	-6.564225	-23.657035
0.025277	-2.805193	6.645247	-6.576081	-23.734581
0.025233	-2.817916	6.583069	-6.588062	-23.811978
0.025158	-2.829152	6.520730	-6.600168	-23.889226
0.025051	-2.840963	6.458234	-6.612403	-23.966327
0.024913	-2.852430	6.395582	-6.624769	-24.043280
0.024747	-2.862633	6.332777	-6.637266	-24.120088
0.024552	-2.873648	6.269822	-6.649897	-24.196750
0.024331	-2.883551	6.206720	-6.662661	-24.273269
0.024085	-2.893417	6.143473	-6.675561	-24.349647
0.023815	-2.903322	6.080085	-6.688596	-24.425884
0.023524	-2.912343	6.016559	-6.701767	-24.501982
0.023211	-2.922558	5.952898	-6.715073	-24.577944
0.022880	-2.933051	5.889105	-6.728515	-24.653771
0.022531	-2.942906	5.825184	-6.742093	-24.729466
0.022167	-2.953212	5.761138	-6.755806	-24.805031
0.021790	-2.964063	5.696970	-6.769654	-24.880468
0.021400	-2.975559	5.632686	-6.783636	-24.955781
0.021001	-2.987804	5.568287	-6.797752	-25.030971
0.020594	-2.999909	5.503778	-6.812001	-25.106041
0.020181	-3.013990	5.439163	-6.826383	-25.180995
0.019765	-3.028172	5.374446	-6.840896	-25.255836
0.019349	-3.043583	5.309631	-6.855540	-25.330565
0.018934	-3.060323	5.244722	-6.870315	-25.405188
0.018525	-3.077361	5.179722	-6.885219	-25.479706
0.018125	-3.096610	5.114637	-6.900253	-25.554122
0.017738	-3.115959	5.049469	-6.915416	-25.628442
0.017368	-3.137266	4.984224	-6.930707	-25.702666
0.017018	3.124827	4.918906	-6.946126	-25.776799
0.016691	3.103163	4.853517	-6.961673	-25.850844
0.016389	3.081172	4.788063	-6.977347	-25.924804
0.016115	3.059140	4.722547	-6.993149	-25.998682
0.015870	3.037385	4.656972	-7.009079	-26.072480
0.015656	3.016254	4.591342	-7.025135	-26.146202
0.015474	2.995120	4.525659	-7.041320	-26.219849
0.015325	2.976369	4.459928	-7.057632	-26.293424
0.015209	2.959395	4.394150	-7.074072	-26.366929
0.015126	2.943589	4.328328	-7.090641	-26.440366
0.015077	2.931328	4.262464	-7.107339	-26.513735
0.015062	2.920965	4.196559	-7.124166	-26.587039
0.015080	2.913823	4.130615	-7.141123	-26.660277
0.015134	2.910183	4.064633	-7.158210	-26.733451
0.015223	2.909276	3.998612	-7.175429	-26.806559
0.015350	2.912161	3.932554	-7.192780	-26.879602
0.015517	2.918369	3.866457	-7.210263	-26.952578
0.015726	2.927279	3.800321	-7.227881	-27.025486
0.015980	2.938254	3.734144	-7.245633	-27.098325
0.016283	2.949651	3.667924	-7.263522	-27.171092
0.016636	2.961843	3.601660	-7.281548	-27.243784
0.017041	2.974228	3.535350	-7.299714	-27.316399
0.017500	2.987251	3.468990	-7.318022	-27.388933
0.018014	2.997412	3.402579	-7.336475	-27.461383
0.018585	3.007274	3.336113	-7.355075	-27.533746
0.019211	3.015473	3.269591	-7.373827	-27.606017
0.019894	3.021713	3.203009	-7.392735	-27.678193
0.020634	3.025768	3.136364	-7.411802	-27.750269
0.021431	3.027476	3.069654	-7.431036	-27.822240
0.022286	3.026733	3.002877	-7.450441	-27.894103
0.023199	3.024486	2.936030	-7.470025	-27.965852
0.024172	3.018727	2.869111	-7.489795	-28.037483
0.025207	3.010486	2.802118	-7.509760	-28.108991
0.026306	3.000824	2.735051	-7.529929	-28.180371
0.027473	2.988829	2.667907	-7.550312	-28.251619
0.028709	2.974690	2.600687	-7.570920	-28.322730
0.030014	2.958881	2.533389	-7.591766	-28.393699
0.031384	2.941885	2.466016	-7.612862	-28.464521
0.032816	2.925112	2.398567	-7.634223	-28.535192
0.034306	2.907904	2.331044	-7.655862	-28.605706
0.035849	2.890541	2.263447	-7.677796	-28.676060
0.037442	2.872249	2.195780	-7.700039	-28.746248
0.039078	2.855208	2.128045	-7.722609	-28.816266
0.040753	2.839555	2.060244	-7.745523	-28.886110
0.042460	2.823398	1.992381	-7.768796	-28.955773
0.044193	2.807812	1.924459	-7.792447	-29.025251
0.045945	2.792854	1.856481	-7.816494	-29.094539
0.047709	2.778557	1.788453	-7.840953	-29.163632
0.049479	2.765945	1.720378	-7.865843	-29.232526
0.051246	2.753027	1.652261	-7.891181	-29.301214
0.053004	2.740804	1.584108	-7.916985	-29.369692
0.054744	2.729270	1.515922	-7.943273	-29.437954
0.056460	2.719417	1.447711	-7.970060	-29.505996
0.058143	2.709230	1.379479	-7.997365	-29.573811
0.059786	2.699695	1.311232	-8.025202	-29.641394
0.061380	2.689787	1.242977	-8.053588	-29.708740
0.062922	2.681452	1.174721	-8.082538	-29.775844
0.064408	2.673635	1.106469	-8.112066	-29.842700
0.065834	2.666285	1.038228	-8.142187	-29.909303
0.067195	2.658357	0.970005	-8.172913	-29.975647
0.068489	2.651812	0.901808	-8.204256	-30.041729
0.069712	2.644611	0.833643	-8.236229	-30.107541
0.070859	2.638722	0.765518	-8.268842	-30.173080
0.071927	2.632114	0.697439	-8.302104	-30.238341
0.072913	2.625758	0.629416	-8.336026	-30.303318
0.073813	2.620627	0.561454	-8.370615	-30.368009
0.074623	2.614698	0.493562	-8.405878	-30.432408
0.075340	2.609947	0.425747	-8.441822	-30.496511
0.075961	2.604352	0.358017	-8.478452	-30.560314
0.076481	2.599892	0.290379	-8.515773	-30.623814
0.076897	2.594546	0.222840	-8.553787	-30.687007
0.077206	2.590295	0.155407	-8.592497	-30.749891
0.077405	2.586118	0.088088	-8.631904	-30.812463
0.077489	2.580997	0.020889	-8.672007	-30.874721
0.077456	2.576911	-0.046182	-8.712807	-30.936662
0.077303	2.572838	-0.113121	-8.754301	-30.998286
0.077036	2.568760	-0.179920	-8.796485	-31.059592
0.076662	2.565655	-0.246574	-8.839356	-31.120579
0.076188	2.561506	-0.313077	-8.882907	-31.181247
0.075620	2.557295	-0.379426	-8.927132	-31.241596
0.074966	2.553007	-0.445614	-8.972025	-31.301628
0.074233	2.549625	-0.511637	-9.017577	-31.361343
0.073427	2.545137	-0.577491	-9.063780	-31.420744
0.072555	2.541527	-0.643173	-9.110625	-31.479833
0.071625	2.536783	-0.708678	-9.158102	-31.538612
0.070643	2.531894	-0.774004	-9.206201	-31.597085
0.069617	2.527848	-0.839146	-9.254911	-31.655255
0.068553	2.522636	-0.904103	-9.304222	-31.713126
0.067459	2.517250	-0.968872	-9.354123	-31.770701
0.066341	2.512682	-1.033450	-9.404601	-31.827987
0.065206	2.506928	-1.097836	-9.455646	-31.884986
0.064061	2.500985	-1.162026	-9.507247	-31.941704
0.062913	2.494853	-1.226020	-9.559391	-31.998147
0.061770	2.488535	-1.289815	-9.612068	-32.054320
0.060637	2.482038	-1.353410	-9.665265	-32.110227
0.059522	2.475370	-1.416804	-9.718973	-32.165876
0.058424	2.467537	-1.479995	-9.773179	-32.221271
0.057344	2.460542	-1.542982	-9.827873	-32.276418
0.056283	2.452389	-1.605763	-9.883045	-32.331323
0.055241	2.445085	-1.668337	-9.938685	-32.385993
0.054217	2.436634	-1.730703	-9.994781	-32.440432
0.053212	2.429044	-1.792861	-10.051325	-32.494647
0.052226	2.420323	-1.854809	-10.108306	-32.548644
0.051259	2.411479	-1.916546	-10.165715	-32.602427
0.050311	2.403522	-1.978072	-10.223543	-32.656004
0.049383	2.394462	-2.039387	-10.281780	-32.709379
0.048473	2.385312	-2.100490	-10.340418	-32.762558
0.047583	2.377084	-2.161380	-10.399448	-32.815548
0.046711	2.367794	-2.222057	-10.458862	-32.868352
0.045859	2.359455	-2.282522	-10.518650	-32.920977
0.045026	2.350085	-2.342773	-10.578806	-32.973428
0.044212	2.341703	-2.402812	-10.639320	-33.025710
0.043416	2.333327	-2.462638	-10.700186	-33.077827
0.042640	2.324978	-2.522251	-10.761395	-33.129786
0.041882	2.316679	-2.581653	-10.822940	-33.181589
0.041142	2.308447	-2.640843	-10.884814	-33.233243
0.040418	2.300271	-2.699823	-10.947010	-33.284750
0.039708	2.293131	-2.758593	-11.009521	-33.336117
0.039009	2.285001	-2.817154	-11.072341	-33.387345
0.038320	2.277855	-2.875506	-11.135462	-33.438440
0.037637	2.270658	-2.933652	-11.198878	-33.489406
0.036960	2.262376	-2.991591	-11.262584	-33.540245
0.036285	2.254966	-3.049326	-11.326571	-33.590963
0.035611	2.247381	-3.106857	-11.390835	-33.641562
0.034936	2.239568	-3.164187	-11.455369	-33.692047
0.034258	2.231469	-3.221316	-11.520167	-33.742421
0.033575	2.223018	-3.278246	-11.585222	-33.792688
0.032886	2.214138	-3.334979	-11.650529	-33.842851
0.032188	2.204748	-3.391517	-11.716081	-33.892916
0.031480	2.194752	-3.447861	-11.781872	-33.942885
0.030761	2.184043	-3.504014	-11.847895	-33.992763
0.030029	2.172499	-3.559976	-11.914144	-34.042555
0.029284	2.159982	-3.615752	-11.980614	-34.092264
0.028523	2.146333	-3.671341	-12.047296	-34.141895
0.027748	2.131369	-3.726748	-12.114184	-34.191454
0.026958	2.113917	-3.781974	-12.181272	-34.240944
0.026161	2.095941	-3.837022	-12.248551	-34.290373
0.025365	2.075460	-3.891894	-12.316016	-34.339745
0.024578	2.054522	-3.946592	-12.383659	-34.389065
0.023810	2.031209	-4.001120	-12.451473	-34.438340
0.023067	2.006654	-4.055479	-12.519451	-34.487576
0.022356	1.982043	-4.109672	-12.587585	-34.536778
0.021685	1.955629	-4.163702	-12.655869	-34.585952
0.021059	1.928738	-4.217571	-12.724296	-34.635103
0.020483	1.902775	-4.271281	-12.792861	-34.684237
0.019962	1.876223	-4.324834	-12.861557	-34.733358
0.019500	1.851638	-4.378233	-12.930379	-34.782472
0.019098	1.827641	-4.431478	-12.999322	-34.831582
0.018760	1.806900	-4.484573	-13.068381	-34.880692
0.018486	1.788107	-4.537517	-13.137553	-34.929806
0.018278	1.773954	-4.590312	-13.206834	-34.978927
0.018138	1.764103	-4.642959	-13.276221	-35.028056
0.018066	1.759153	-4.695459	-13.345714	-35.077194
0.018068	1.759615	-4.747811	-13.415310	-35.126343
0.018146	1.765874	-4.800015	-13.485011	-35.175502
0.018306	1.779041	-4.852071	-13.554815	-35.224669
0.018549	1.796562	-4.903978	-13.624726	-35.273844
0.018879	1.819644	-4.955735	-13.694746	-35.323022
0.019296	1.845420	-5.007340	-13.764877	-35.372200
0.019804	1.874991	-5.058791	-13.835125	-35.421374
0.020403	1.906468	-5.110086	-13.905494	-35.470538
0.021095	1.939009	-5.161222	-13.975989	-35.519685
0.021879	1.971852	-5.212196	-14.046618	-35.568810
0.022753	2.004337	-5.263004	-14.117387	-35.617905
0.023715	2.035916	-5.313643	-14.188303	-35.666962
0.024761	2.066158	-5.364108	-14.259374	-35.715974
0.025886	2.094742	-5.414396	-14.330609	-35.764930
0.027084	2.121443	-5.464502	-14.402016	-35.813822
0.028349	2.146119	-5.514420	-14.473604	-35.862642
0.029675	2.168696	-5.564145	-14.545383	-35.911379
0.031054	2.188148	-5.613671	-14.617362	-35.960023
0.032480	2.206492	-5.662991	-14.689550	-36.008566
0.033946	2.221768	-5.712100	-14.761957	-36.056996
0.035444	2.236033	-5.760990	-14.834594	-36.105304
0.036968	2.247353	-5.809655	-14.907469	-36.153481
0.038512	2.256835	-5.858085	-14.980593	-36.201516
0.040067	2.264714	-5.906273	-15.053976	-36.249400
0.041629	2.271230	-5.954210	-15.127627	-36.297124
0.043190	2.275591	-6.001887	-15.201556	-36.344678
0.044744	2.279981	-6.049295	-15.275772	-36.392054
0.046287	2.282557	-6.096424	-15.350283	-36.439244
0.047811	2.285456	-6.143265	-15.425100	-36.486238
0.049312	2.286799	-6.189808	-15.500230	-36.533028
0.050783	2.287689	-6.236043	-15.575681	-36.579606
0.052220	2.289217	-6.281959	-15.651461	-36.625964
0.053616	2.289462	-6.327548	-15.727577	-36.672094
0.054966	2.289493	-6.372798	-15.804037	-36.717989
0.056265	2.290373	-6.417701	-15.880846	-36.763641
0.057507	2.290155	-6.462246	-15.958011	-36.809043
0.058686	2.290889	-6.506425	-16.035536	-36.854187
0.059797	2.290619	-6.550228	-16.113427	-36.899068
0.060835	2.291384	-6.593648	-16.191688	-36.943677
0.061793	2.291223	-6.636675	-16.270322	-36.988009
0.062667	2.292170	-6.679302	-16.349333	-37.032058
0.063450	2.293259	-6.721523	-16.428721	-37.075817
0.064138	2.294513	-6.763330	-16.508490	-37.119280
0.064732	2.296922	-6.804719	-16.588641	-37.162442
0.065234	2.298469	-6.845683	-16.669172	-37.205298
0.065647	2.301138	-6.886220	-16.750084	-37.247841
0.065973	2.302915	-6.926326	-16.831377	-37.290067
0.066213	2.305786	-6.965998	-16.913048	-37.331972
0.066371	2.308741	-7.005232	-16.995096	-37.373551
0.066447	2.311768	-7.044029	-17.077517	-37.414801
0.066445	2.314855	-7.082388	-17.160310	-37.455716
0.066366	2.317994	-7.120306	-17.243469	-37.496295
0.066214	2.321174	-7.157786	-17.326993	-37.536533
0.065989	2.324386	-7.194828	-17.410875	-37.576429
0.065694	2.327621	-7.231432	-17.495112	-37.615981
0.065332	2.330868	-7.267601	-17.579698	-37.655185
0.064904	2.334118	-7.303337	-17.664628	-37.694042
0.064412	2.337361	-7.338643	-17.749896	-37.732550
0.063860	2.340587	-7.373521	-17.835496	-37.770709
0.063248	2.342785	-7.407976	-17.921423	-37.808518
0.062580	2.345943	-7.442011	-18.007668	-37.845979
0.061857	2.348051	-7.475630	-18.094227	-37.883092
0.061082	2.351096	-7.508838	-18.181092	-37.919858
0.060258	2.353075	-7.541640	-18.268255	-37.956280
0.059387	2.354987	-7.574041	-18.355711	-37.992359
0.058474	2.356830	-7.606047	-18.443451	-38.028099
0.057521	2.358599	-7.637662	-18.531468	-38.063503
0.056532	2.359294	-7.668894	-18.619755	-38.098574
0.055509	2.360909	-7.699748	-18.708305	-38.133316
0.054457	2.361441	-7.730230	-18.797109	-38.167735
0.053378	2.362885	-7.760347	-18.886161	-38.201834
0.052275	2.363236	-7.790106	-18.975453	-38.235618
0.051152	2.363489	-7.819513	-19.064977	-38.269094
0.050011	2.363638	-7.848575	-19.154727	-38.302266
0.048857	2.363675	-7.877300	-19.244694	-38.335140
0.047692	2.363594	-7.905694	-19.334873	-38.367723
0.046519	2.363386	-7.933765	-19.425255	-38.400021
0.045342	2.363044	-7.961519	-19.515833	-38.432040
0.044164	2.362557	-7.988965	-19.606602	-38.463786
0.042988	2.361916	-8.016109	-19.697553	-38.495267
0.041817	2.362110	-8.042959	-19.788681	-38.526488
0.040655	2.361130	-8.069522	-19.879979	-38.557457
0.039504	2.359965	-8.095806	-19.971441	-38.588180
0.038364	2.358621	-8.121818	-20.063060	-38.618664
0.037233	2.357105	-8.147565	-20.154832	-38.648916
0.036110	2.355425	-8.173054	-20.246749	-38.678943
0.034995	2.354591	-8.198292	-20.338806	-38.708750
0.033886	2.352613	-8.223286	-20.430998	-38.738346
0.032782	2.350503	-8.248044	-20.523319	-38.767737
0.031682	2.349275	-8.272572	-20.615765	-38.796930
0.030584	2.347942	-8.296877	-20.708329	-38.825931
0.029489	2.345521	-8.320967	-20.801008	-38.854747
0.028393	2.344030	-8.344849	-20.893796	-38.883385
0.027297	2.342490	-8.368529	-20.986687	-38.911852
0.026199	2.340924	-8.392016	-21.079678	-38.940155
0.025097	2.340359	-8.415317	-21.172764	-38.968299
0.023992	2.338826	-8.438439	-21.265940	-38.996292
0.022880	2.338361	-8.461389	-21.359202	-39.024141
0.021762	2.337006	-8.484176	-21.452545	-39.051851
0.020636	2.336814	-8.506807	-21.545964	-39.079431
0.019500	2.336848	-8.529290	-21.639456	-39.106886
0.018354	2.338185	-8.551634	-21.733016	-39.134224
0.017197	2.338906	-8.573845	-21.826640	-39.161450
0.016033	2.341026	-8.595934	-21.920322	-39.188573
0.014865	2.343547	-8.617908	-22.014061	-39.215598
0.013699	2.346474	-8.639775	-22.107849	-39.242532
0.012540	2.349813	-8.661545	-22.201685	-39.269382
0.011390	2.354577	-8.683226	-22.295564	-39.296155
0.010256	2.358780	-8.704826	-22.389481	-39.322857
0.009141	2.364438	-8.726354	-22.483433	-39.349496
0.008051	2.370571	-8.747818	-22.577415	-39.376077
0.006989	2.377198	-8.769225	-22.671425	-39.402608
0.005960	2.384334	-8.790584	-22.765459	-39.429094
0.004969	2.391977	-8.811902	-22.859512	-39.455541
0.004020	2.400088	-8.833186	-22.953583	-39.481956
0.003118	2.408521	-8.854443	-23.047666	-39.508346
0.002267	2.416830	-8.875679	-23.141761	-39.534714
0.001471	2.423494	-8.896900	-23.235863	-39.561068
0.000735	2.420873	-8.918111	-23.329970	-39.587411
0.000068	2.102475	-8.939317	-23.424079	-39.613750
0.000541	-0.609434	-8.960523	-23.518189	-39.640088
0.001071	-0.612406	-8.981732	-23.612296	-39.666430
0.001527	-0.596157	-9.002947	-23.706401	-39.692781
0.001913	-0.575515	-9.024171	-23.800500	-39.719143
0.002235	-0.552051	-9.045405	-23.894592	-39.745519
0.002500	-0.526609	-9.066651	-23.988677	-39.771913
0.002713	-0.499593	-9.087910	-24.082754	-39.798326
0.002881	-0.471282	-9.109182	-24.176821	-39.824761
0.003011	-0.441952	-9.130468	-24.270879	-39.851220
0.003106	-0.411925	-9.151767	-24.364926	-39.877704
0.003174	-0.381614	-9.173078	-24.458964	-39.904214
0.003219	-0.351544	-9.194402	-24.552991	-39.930752
0.003246	-0.321379	-9.215738	-24.647007	-39.957318
0.003261	-0.293937	-9.237084	-24.741013	-39.983912
0.003267	-0.269191	-9.258440	-24.835008	-40.010536
0.003268	-0.247267	-9.279806	-24.928993	-40.037189
0.003269	-0.231412	-9.301180	-25.022967	-40.063872
0.003274	-0.220949	-9.322562	-25.116931	-40.090585
0.003286	-0.217197	-9.343952	-25.210885	-40.117328
0.003311	-0.223356	-9.365349	-25.304828	-40.144102
0.003354	-0.238356	-9.386755	-25.398761	-40.170905
0.003422	-0.263663	-9.408169	-25.492683	-40.197740
0.003523	-0.297778	-9.429592	-25.586594	-40.224605
0.003658	-0.339381	-9.451026	-25.680494	-40.251502
0.003831	-0.385710	-9.472473	-25.774381	-40.278431
0.004043	-0.433172	-9.493935	-25.868256	-40.305392
0.004294	-0.480550	-9.515415	-25.962117	-40.332388
0.004583	-0.526131	-9.536914	-26.055963	-40.359418
0.004907	-0.568730	-9.558437	-26.149794	-40.386485
0.005265	-0.606640	-9.579987	-26.243607	-40.413589
0.005653	-0.640543	-9.601567	-26.337403	-40.440732
0.006068	-0.670396	-9.623181	-26.431178	-40.467916
0.006506	-0.696344	-9.644832	-26.524933	-40.495142
0.006962	-0.717638	-9.666526	-26.618665	-40.522413
0.007433	-0.736582	-9.688265	-26.712373	-40.549730
0.007915	-0.751497	-9.710055	-26.806055	-40.577096
0.008404	-0.764696	-9.731898	-26.899710	-40.604513
0.008897	-0.774475	-9.753800	-26.993335	-40.631983
0.009388	-0.783102	-9.775763	-27.086930	-40.659509
0.009876	-0.788817	-9.797793	-27.180492	-40.687093
0.010356	-0.793831	-9.819892	-27.274019	-40.714738
0.010824	-0.797330	-9.842065	-27.367510	-40.742446
0.011277	-0.799489	-9.864315	-27.460964	-40.770220
0.011717	-0.800508	-9.886646	-27.554378	-40.798062
0.012142	-0.800562	-9.909060	-27.647750	-40.825976
0.012553	-0.800792	-9.931560	-27.741080	-40.853962
0.012952	-0.799315	-9.954151	-27.834366	-40.882025
0.013340	-0.798226	-9.976833	-27.927605	-40.910166
0.013716	-0.795605	-9.999611	-28.020797	-40.938388
0.014081	-0.793522	-10.022485	-28.113940	-40.966694
0.014437	-0.790031	-10.045459	-28.207032	-40.995085
0.014784	-0.786184	-10.068535	-28.300072	-41.023564
0.015123	-0.783020	-10.091715	-28.393058	-41.052134
0.015455	-0.778576	-10.115001	-28.485989	-41.080797
0.015780	-0.773883	-10.138394	-28.578864	-41.109555
0.016099	-0.768969	-10.161896	-28.671681	-41.138412
0.016414	-0.762856	-10.185509	-28.764438	-41.167368
0.016724	-0.756567	-10.209235	-28.857135	-41.196428
0.017032	-0.750118	-10.233074	-28.949769	-41.225594
0.017337	-0.742526	-10.257028	-29.042339	-41.254868
0.017641	-0.734805	-10.281097	-29.134844	-41.284253
0.017943	-0.725968	-10.305284	-29.227282	-41.313752
0.000000	0.000000	-10.305284	-29.227282	-41.313752
