0.050988	-0.890775	0.000000	0.000000	0.000000
0.046813	-0.840558	0.099999	0.000321	-0.000396
0.042767	-0.781891	0.199994	0.000953	-0.001142
0.038892	-0.713073	0.299984	0.001890	-0.002188
0.035237	-0.632075	0.399968	0.003120	-0.003489
0.031859	-0.536609	0.499945	0.004635	-0.004998
0.028821	-0.425360	0.599915	0.006423	-0.006670
0.026197	-0.294525	0.699878	0.008474	-0.008461
0.024059	-0.145736	0.799834	0.010776	-0.010327
0.022470	0.019772	0.899784	0.013315	-0.012229
0.021462	0.196431	0.999728	0.016079	-0.014126
0.021019	0.376012	1.099666	0.019054	-0.015981
0.021072	0.549904	1.199600	0.022224	-0.017759
0.021511	0.711669	1.299530	0.025573	-0.019427
0.022211	0.857259	1.399457	0.029085	-0.020954
0.023049	0.987642	1.499381	0.032743	-0.022313
0.023922	1.105678	1.599302	0.036527	-0.023479
0.024745	1.212113	1.699222	0.040419	-0.024432
0.025455	1.310955	1.799140	0.044397	-0.025153
0.026005	1.405205	1.899057	0.048441	-0.025628
0.026367	1.497802	1.998973	0.052527	-0.025847
0.026534	1.591572	2.098889	0.056633	-0.025803
0.026550	1.688740	2.198805	0.060732	-0.025493
0.026476	1.789941	2.298720	0.064801	-0.024919
0.026381	1.898222	2.398636	0.068811	-0.024088
0.026341	2.011898	2.498553	0.072737	-0.023006
0.026433	2.132383	2.598472	0.076550	-0.021687
0.026727	2.256093	2.698392	0.080222	-0.020143
0.027284	2.382534	2.798316	0.083725	-0.018393
0.028146	2.506635	2.898242	0.087030	-0.016456
0.029331	2.626264	2.998173	0.090108	-0.014351
0.030835	2.739751	3.098108	0.092930	-0.012103
0.032635	2.843222	3.198047	0.095469	-0.009734
0.034693	2.936685	3.297992	0.097696	-0.007269
0.036962	3.019909	3.397942	0.099583	-0.004734
0.039392	3.094207	3.497897	0.101103	-0.002154
0.041933	-3.124971	3.597857	0.102230	0.000443
0.044536	-3.069473	3.697821	0.102938	0.003033
0.047154	-3.021678	3.797788	0.103201	0.005591
0.049743	-2.979828	3.897757	0.102997	0.008091
0.052261	-2.945248	3.997725	0.102301	0.010511
0.054675	-2.916254	4.097691	0.101093	0.012828
0.056970	-2.890865	4.197652	0.099353	0.015021
0.059142	-2.870201	4.297604	0.097061	0.017073
0.061189	-2.852559	4.397546	0.094199	0.018964
0.063112	-2.837374	4.497471	0.090752	0.020680
0.064915	-2.823179	4.597378	0.086703	0.022206
0.066604	-2.811589	4.697260	0.082038	0.023527
0.068183	-2.801279	4.797114	0.076745	0.024630
0.069660	-2.790970	4.896934	0.070811	0.025504
0.071043	-2.782420	4.996715	0.064224	0.026138
0.072338	-2.774416	5.096451	0.056974	0.026520
0.073555	-2.765768	5.196136	0.049051	0.026640
0.074702	-2.758304	5.295765	0.040447	0.026489
0.075788	-2.749866	5.395332	0.031155	0.026057
0.076822	-2.742310	5.494829	0.021165	0.025333
0.077813	-2.733502	5.594251	0.010473	0.024309
0.078772	-2.725316	5.693590	-0.000928	0.022974
0.079708	-2.715637	5.792839	-0.013043	0.021320
0.080632	-2.706355	5.891992	-0.025876	0.019334
0.081554	-2.695373	5.991042	-0.039433	0.017007
0.082484	-2.683624	6.089980	-0.053717	0.014326
0.083425	-2.672155	6.188800	-0.068730	0.011280
0.084377	-2.659035	6.287493	-0.084475	0.007855
0.085343	-2.645332	6.386052	-0.100956	0.004038
0.086322	-2.631111	6.484468	-0.118173	-0.000185
0.087317	-2.617434	6.582733	-0.136128	-0.004831
0.088326	-2.602362	6.680839	-0.154822	-0.009913
0.089352	-2.587953	6.778776	-0.174256	-0.015448
0.090394	-2.572261	6.876536	-0.194429	-0.021451
0.091452	-2.557340	6.974109	-0.215341	-0.027941
0.092527	-2.541241	7.071486	-0.236993	-0.034932
0.093619	-2.526010	7.168658	-0.259381	-0.042443
0.094727	-2.510694	7.265614	-0.282506	-0.050492
0.095850	-2.494335	7.362345	-0.306364	-0.059094
0.096988	-2.478974	7.458839	-0.330954	-0.068270
0.098139	-2.464648	7.555086	-0.356273	-0.078036
0.099304	-2.449394	7.651076	-0.382318	-0.088409
0.100479	-2.434244	7.746797	-0.409086	-0.099408
0.101665	-2.420228	7.842238	-0.436573	-0.111051
0.102858	-2.405374	7.937386	-0.464776	-0.123354
0.104058	-2.391707	8.032231	-0.493689	-0.136335
0.105261	-2.378238	8.126759	-0.523309	-0.150012
0.106467	-2.364975	8.220959	-0.553631	-0.164401
0.107672	-2.351925	8.314817	-0.584649	-0.179520
0.108875	-2.339094	8.408320	-0.616359	-0.195383
0.110073	-2.327485	8.501455	-0.648754	-0.212008
0.111264	-2.315103	8.594209	-0.681828	-0.229411
0.112446	-2.302949	8.686567	-0.715577	-0.247605
0.113616	-2.292024	8.778515	-0.749991	-0.266608
0.114771	-2.280331	8.870040	-0.785066	-0.286433
0.115909	-2.269867	8.961126	-0.820792	-0.307095
0.117028	-2.258633	9.051760	-0.857163	-0.328606
0.118125	-2.247627	9.141925	-0.894169	-0.350982
0.119197	-2.236846	9.231608	-0.931803	-0.374235
0.120242	-2.226289	9.320793	-0.970054	-0.398378
0.121257	-2.215953	9.409466	-1.008913	-0.423422
0.122239	-2.205833	9.497610	-1.048369	-0.449380
0.123187	-2.195927	9.585211	-1.088411	-0.476263
0.124096	-2.186231	9.672253	-1.129030	-0.504081
0.124965	-2.175740	9.758721	-1.170212	-0.532843
0.125790	-2.165450	9.844600	-1.211946	-0.562560
0.126572	-2.155358	9.929875	-1.254217	-0.593240
0.127308	-2.145461	10.014532	-1.297013	-0.624892
0.127998	-2.135757	10.098555	-1.340319	-0.657523
0.128641	-2.126243	10.181929	-1.384121	-0.691139
0.129236	-2.115918	10.264641	-1.428404	-0.725748
0.129782	-2.105780	10.346676	-1.473152	-0.761355
0.130277	-2.096827	10.428020	-1.518349	-0.797965
0.130722	-2.086058	10.508661	-1.563979	-0.835582
0.131115	-2.076473	10.588584	-1.610025	-0.874210
0.131454	-2.067071	10.667777	-1.656468	-0.913851
0.131739	-2.056851	10.746228	-1.703292	-0.954509
0.131969	-2.047814	10.823924	-1.750479	-0.996183
0.132142	-2.037959	10.900853	-1.798010	-1.038875
0.132258	-2.028287	10.977006	-1.845867	-1.082585
0.132316	-2.018798	11.052370	-1.894031	-1.127311
0.132314	-2.009495	11.126936	-1.942483	-1.173053
0.132251	-1.999378	11.200694	-1.991204	-1.219808
0.132127	-1.990450	11.273636	-2.040174	-1.267572
0.131940	-1.981711	11.345752	-2.089374	-1.316343
0.131691	-1.972156	11.417036	-2.138786	-1.366114
0.131390	-1.962741	11.487478	-2.188389	-1.416881
0.131049	-1.953415	11.557075	-2.238165	-1.468638
0.130680	-1.944129	11.625818	-2.288093	-1.521378
0.130296	-1.934835	11.693703	-2.338154	-1.575095
0.129909	-1.925487	11.760725	-2.388329	-1.629780
0.129532	-1.916040	11.826879	-2.438599	-1.685428
0.129177	-1.905451	11.892160	-2.488944	-1.742030
0.128857	-1.894678	11.956564	-2.539344	-1.799579
0.128585	-1.884684	12.020089	-2.589779	-1.858068
0.128375	-1.872430	12.082729	-2.640228	-1.917491
0.128239	-1.860884	12.144482	-2.690670	-1.977842
0.128191	-1.849015	12.205343	-2.741084	-2.039114
0.128245	-1.835797	12.265310	-2.791449	-2.101303
0.128413	-1.822208	12.324377	-2.841741	-2.164403
0.128711	-1.808231	12.382543	-2.891937	-2.228412
0.129151	-1.792857	12.439801	-2.942014	-2.293326
0.129749	-1.777079	12.496147	-2.991945	-2.359144
0.130519	-1.760901	12.551578	-3.041703	-2.425864
0.131474	-1.743330	12.606087	-3.091262	-2.493486
0.132624	-1.725410	12.659668	-3.140591	-2.562011
0.133949	-1.707301	12.712315	-3.189660	-2.631441
0.135424	-1.688176	12.764021	-3.238436	-2.701779
0.137021	-1.670195	12.814779	-3.286887	-2.773026
0.138714	-1.651504	12.864580	-3.334977	-2.845187
0.140474	-1.633230	12.913417	-3.382673	-2.918262
0.142271	-1.616487	12.961282	-3.429938	-2.992256
0.144078	-1.599377	13.008165	-3.476738	-3.067168
0.145864	-1.584987	13.054057	-3.523037	-3.142998
0.147599	-1.571397	13.098949	-3.568802	-3.219747
0.149252	-1.559677	13.142830	-3.614000	-3.297409
0.150795	-1.549895	13.185690	-3.658602	-3.375982
0.152196	-1.542113	13.227517	-3.702580	-3.455459
0.153426	-1.537396	13.268299	-3.745907	-3.535830
0.154455	-1.534808	13.308022	-3.788563	-3.617086
0.155255	-1.535422	13.346672	-3.830530	-3.699214
0.155796	-1.538316	13.384234	-3.871795	-3.782198
0.156051	-1.544581	13.420691	-3.912349	-3.866020
0.155994	-1.553324	13.456028	-3.952189	-3.950661
0.155598	-1.564671	13.490228	-3.991317	-4.036098
0.154850	-1.579722	13.523276	-4.029738	-4.122305
0.153774	-1.597411	13.555156	-4.067466	-4.209255
0.152407	-1.617633	13.585852	-4.104519	-4.296918
0.150782	-1.638291	13.615351	-4.140919	-4.385263
0.148935	-1.661288	13.643643	-4.176691	-4.474257
0.146901	-1.685527	13.670719	-4.211863	-4.563866
0.144714	-1.709900	13.696571	-4.246466	-4.654056
0.142407	-1.734292	13.721196	-4.280532	-4.744793
0.140010	-1.759570	13.744592	-4.314092	-4.836042
0.137554	-1.785581	13.766760	-4.347179	-4.927769
0.135067	-1.810152	13.787702	-4.379827	-5.019940
0.132576	-1.835079	13.807425	-4.412067	-5.112523
0.130102	-1.860135	13.825934	-4.443931	-5.205486
0.127668	-1.883056	13.843239	-4.475449	-5.298798
0.125292	-1.905548	13.859348	-4.506651	-5.392430
0.122989	-1.926284	13.874275	-4.537563	-5.486354
0.120774	-1.945901	13.888030	-4.568209	-5.580543
0.118657	-1.962006	13.900628	-4.598611	-5.674973
0.116649	-1.976177	13.912081	-4.628787	-5.769621
0.114758	-1.986962	13.922403	-4.658752	-5.864466
0.112990	-1.993976	13.931610	-4.688517	-5.959488
0.111334	-1.997171	13.939715	-4.718090	-6.054671
0.109781	-1.996605	13.946733	-4.747471	-6.149999
0.108321	-1.992354	13.952678	-4.776661	-6.245459
0.106948	-1.984513	13.957565	-4.805654	-6.341040
0.105660	-1.974196	13.961408	-4.834440	-6.436730
0.104453	-1.960534	13.964222	-4.863009	-6.532520
0.103328	-1.942673	13.966022	-4.891348	-6.628404
0.102283	-1.922775	13.966822	-4.919438	-6.724375
0.101319	-1.900019	13.966638	-4.947260	-6.820426
0.100436	-1.874597	13.965487	-4.974792	-6.916555
0.099633	-1.847715	13.963384	-5.002011	-7.012756
0.098909	-1.817588	13.960347	-5.028892	-7.109027
0.098262	-1.786442	13.956392	-5.055409	-7.205366
0.097686	-1.752509	13.951539	-5.081535	-7.301771
0.097178	-1.718026	13.945807	-5.107239	-7.398241
0.096729	-1.683230	13.939215	-5.132494	-7.494775
0.096331	-1.647357	13.931785	-5.157270	-7.591372
0.095974	-1.611637	13.923539	-5.181539	-7.688031
0.095643	-1.577296	13.914498	-5.205273	-7.784752
0.095328	-1.543524	13.904685	-5.228446	-7.881534
0.095018	-1.511394	13.894123	-5.251033	-7.978376
0.094706	-1.479947	13.882834	-5.273010	-8.075275
0.094383	-1.451219	13.870840	-5.294357	-8.172231
0.094040	-1.424244	13.858164	-5.315055	-8.269241
0.093670	-1.400049	13.844825	-5.335087	-8.366302
0.093264	-1.376662	13.830845	-5.354438	-8.463411
0.092814	-1.356107	13.816243	-5.373095	-8.560564
0.092311	-1.336406	13.801037	-5.391049	-8.657756
0.091747	-1.319582	13.785245	-5.408291	-8.754985
0.091113	-1.304658	13.768885	-5.424813	-8.852244
0.090403	-1.291656	13.751971	-5.440611	-8.949529
0.089608	-1.279604	13.734519	-5.455683	-9.046834
0.088721	-1.269531	13.716544	-5.470029	-9.144154
0.087734	-1.261469	13.698059	-5.483648	-9.241482
0.086639	-1.254460	13.679076	-5.496544	-9.338813
0.085431	-1.248551	13.659609	-5.508723	-9.436141
0.084101	-1.244800	13.639670	-5.520189	-9.533460
0.082644	-1.241275	13.619270	-5.530952	-9.630764
0.081054	-1.240062	13.598421	-5.541022	-9.728046
0.079328	-1.239245	13.577133	-5.550410	-9.825302
0.077473	-1.239851	13.555418	-5.559131	-9.922526
0.075502	-1.241903	13.533287	-5.567199	-10.019712
0.073424	-1.244439	13.510750	-5.574633	-10.116855
0.071254	-1.249512	13.487818	-5.581448	-10.213951
0.069002	-1.255195	13.464502	-5.587667	-10.310996
0.066683	-1.262574	13.440811	-5.593308	-10.407985
0.064308	-1.271753	13.416755	-5.598395	-10.504915
0.061893	-1.282857	13.392343	-5.602950	-10.601783
0.059451	-1.296027	13.367584	-5.606996	-10.698585
0.056997	-1.311423	13.342487	-5.610558	-10.795319
0.054546	-1.328223	13.317060	-5.613661	-10.891982
0.052114	-1.348622	13.291309	-5.616330	-10.988573
0.049716	-1.371824	13.265244	-5.618592	-11.085090
0.047370	-1.397040	13.238869	-5.620471	-11.181531
0.045092	-1.426477	13.212192	-5.621994	-11.277895
0.042899	-1.458320	13.185218	-5.623186	-11.374181
0.040810	-1.494715	13.157953	-5.624074	-11.470388
0.038840	-1.533738	13.130401	-5.624682	-11.566516
0.037006	-1.577366	13.102567	-5.625035	-11.662564
0.035323	-1.623475	13.074455	-5.625159	-11.758531
0.033798	-1.673945	13.046068	-5.625075	-11.854417
0.032436	-1.727566	13.017409	-5.624808	-11.950222
0.031242	-1.782988	12.988481	-5.624379	-12.045946
0.030217	-1.841715	12.959286	-5.623810	-12.141587
0.029361	-1.902109	12.929826	-5.623122	-12.237147
0.028670	-1.963410	12.900102	-5.622333	-12.332624
0.028140	-2.024779	12.870117	-5.621464	-12.428019
0.027762	-2.085348	12.839869	-5.620532	-12.523330
0.027523	-2.144273	12.809361	-5.619555	-12.618557
0.027410	-2.200786	12.778592	-5.618550	-12.713701
0.027408	-2.254234	12.747563	-5.617531	-12.808760
0.027502	-2.304103	12.716274	-5.616514	-12.903733
0.027674	-2.351018	12.684724	-5.615512	-12.998620
0.027909	-2.392740	12.652912	-5.614539	-13.093421
0.028191	-2.431146	12.620839	-5.613605	-13.188133
0.028506	-2.465205	12.588503	-5.612723	-13.282757
0.028841	-2.493952	12.555904	-5.611902	-13.377290
0.029185	-2.519471	12.523040	-5.611152	-13.471733
0.029528	-2.541872	12.489911	-5.610479	-13.566083
0.029860	-2.559318	12.456514	-5.609892	-13.660340
0.030177	-2.573136	12.422850	-5.609396	-13.754502
0.030475	-2.584676	12.388917	-5.608996	-13.848568
0.030753	-2.592262	12.354713	-5.608697	-13.942536
0.031008	-2.598198	12.320236	-5.608501	-14.036405
0.031241	-2.601761	12.285487	-5.608412	-14.130173
0.031451	-2.602214	12.250463	-5.608431	-14.223839
0.031641	-2.601800	12.215162	-5.608559	-14.317401
0.031810	-2.598751	12.179585	-5.608797	-14.410858
0.031961	-2.595286	12.143728	-5.609143	-14.504208
0.032094	-2.589617	12.107591	-5.609599	-14.597449
0.032210	-2.582947	12.071172	-5.610161	-14.690580
0.032313	-2.575475	12.034470	-5.610830	-14.783599
0.032402	-2.567395	11.997485	-5.611602	-14.876505
0.032478	-2.558899	11.960213	-5.612476	-14.969295
0.032543	-2.549177	11.922656	-5.613449	-15.061969
0.032598	-2.540416	11.884811	-5.614518	-15.154525
0.032642	-2.529803	11.846677	-5.615681	-15.246962
0.032676	-2.520525	11.808254	-5.616935	-15.339277
0.032700	-2.510769	11.769541	-5.618277	-15.431470
0.032714	-2.501688	11.730538	-5.619703	-15.523539
0.032719	-2.492307	11.691244	-5.621211	-15.615483
0.032715	-2.484616	11.651658	-5.622798	-15.707300
0.032703	-2.476609	11.611781	-5.624462	-15.798990
0.032682	-2.468282	11.571612	-5.626199	-15.890552
0.032655	-2.461631	11.531153	-5.628007	-15.981983
0.032622	-2.454654	11.490402	-5.629884	-16.073284
0.032583	-2.448351	11.449360	-5.631828	-16.164453
0.032539	-2.442720	11.408027	-5.633837	-16.255489
0.032492	-2.437763	11.366405	-5.635907	-16.346392
0.032442	-2.434481	11.324493	-5.638039	-16.437160
0.032390	-2.430877	11.282292	-5.640231	-16.527793
0.032337	-2.427951	11.239803	-5.642481	-16.618290
0.032284	-2.425707	11.197027	-5.644788	-16.708649
0.032232	-2.425146	11.153965	-5.647152	-16.798872
0.032183	-2.424270	11.110617	-5.649572	-16.888955
0.032138	-2.425079	11.066984	-5.652048	-16.978900
0.032097	-2.426574	11.023067	-5.654580	-17.068705
0.032063	-2.429753	10.978867	-5.657169	-17.158369
0.032036	-2.433613	10.934386	-5.659815	-17.247892
0.032017	-2.438139	10.889623	-5.662519	-17.337273
0.032007	-2.443263	10.844579	-5.665283	-17.426512
0.032003	-2.449911	10.799257	-5.668109	-17.515606
0.032005	-2.457003	10.753655	-5.670998	-17.604557
0.032012	-2.464465	10.707777	-5.673952	-17.693362
0.032023	-2.473220	10.661621	-5.676975	-17.782022
0.032036	-2.482196	10.615190	-5.680068	-17.870535
0.032050	-2.491318	10.568483	-5.683235	-17.958901
0.032065	-2.500517	10.521503	-5.686478	-18.047119
0.032078	-2.510724	10.474251	-5.689801	-18.135188
0.032088	-2.519871	10.426726	-5.693205	-18.223107
0.032093	-2.529892	10.378931	-5.696695	-18.310876
0.032092	-2.539725	10.330867	-5.700273	-18.398495
0.032083	-2.548306	10.282535	-5.703943	-18.485963
0.032064	-2.557576	10.233936	-5.707706	-18.573278
0.032033	-2.566475	10.185072	-5.711565	-18.660441
0.031989	-2.574943	10.135945	-5.715524	-18.747452
0.031929	-2.582923	10.086555	-5.719585	-18.834309
0.031851	-2.590357	10.036906	-5.723749	-18.921014
0.031754	-2.597184	9.986998	-5.728018	-19.007564
0.031636	-2.603358	9.936834	-5.732395	-19.093961
0.031498	-2.608890	9.886416	-5.736881	-19.180204
0.031340	-2.612799	9.835745	-5.741476	-19.266294
0.031165	-2.617104	9.784825	-5.746182	-19.352230
0.030974	-2.619822	9.733657	-5.750999	-19.438012
0.030768	-2.622965	9.682244	-5.755927	-19.523642
0.030549	-2.624546	9.630588	-5.760966	-19.609118
0.030318	-2.626576	9.578692	-5.766116	-19.694443
0.030077	-2.627064	9.526557	-5.771376	-19.779615
0.029828	-2.627018	9.474187	-5.776746	-19.864636
0.029572	-2.626446	9.421584	-5.782224	-19.949506
0.029311	-2.625355	9.368750	-5.787811	-20.034225
0.029046	-2.623752	9.315687	-5.793503	-20.118795
0.028780	-2.621645	9.262399	-5.799300	-20.203215
0.028514	-2.618041	9.208887	-5.805200	-20.287486
0.028249	-2.614949	9.155154	-5.811202	-20.371609
0.027987	-2.610379	9.101201	-5.817303	-20.455585
0.027731	-2.606342	9.047031	-5.823501	-20.539413
0.027482	-2.600851	8.992645	-5.829795	-20.623095
0.027241	-2.594922	8.938046	-5.836182	-20.706631
0.027011	-2.588582	8.883236	-5.842659	-20.790021
0.026791	-2.581895	8.828216	-5.849225	-20.873265
0.026582	-2.574938	8.772987	-5.855876	-20.956365
0.026384	-2.567789	8.717552	-5.862610	-21.039320
0.026196	-2.560531	8.661910	-5.869426	-21.122131
0.026019	-2.553250	8.606065	-5.876319	-21.204798
0.025852	-2.545032	8.550017	-5.883289	-21.287320
0.025696	-2.537968	8.493766	-5.890332	-21.369699
0.025549	-2.531147	8.437315	-5.897446	-21.451935
0.025413	-2.524663	8.380664	-5.904630	-21.534027
0.025286	-2.518609	8.323814	-5.911880	-21.615975
0.025169	-2.513079	8.266767	-5.919196	-21.697780
0.025060	-2.508169	8.209523	-5.926575	-21.779442
0.024960	-2.503974	8.152082	-5.934016	-21.860960
0.024868	-2.501587	8.094447	-5.941518	-21.942335
0.024783	-2.499105	8.036617	-5.949080	-22.023567
0.024707	-2.498622	7.978594	-5.956701	-22.104655
0.024637	-2.499230	7.920379	-5.964381	-22.185600
0.024575	-2.501023	7.861973	-5.972119	-22.266401
0.024520	-2.505093	7.803376	-5.979916	-22.347058
0.024471	-2.509497	7.744589	-5.987773	-22.427572
0.024430	-2.516168	7.685614	-5.995690	-22.507941
0.024395	-2.525001	7.626452	-6.003669	-22.588167
0.024365	-2.533892	7.567103	-6.011712	-22.668249
0.024341	-2.544735	7.507569	-6.019821	-22.748186
0.024321	-2.556423	7.447852	-6.027998	-22.827979
0.024306	-2.568850	7.387952	-6.036246	-22.907628
0.024294	-2.581910	7.327871	-6.044567	-22.987133
0.024284	-2.595497	7.267609	-6.052966	-23.066493
0.024277	-2.609507	7.207170	-6.061443	-23.145710
0.024272	-2.624837	7.146553	-6.070004	-23.224782
0.024266	-2.639387	7.085762	-6.078650	-23.303710
0.024259	-2.654059	7.024796	-6.087386	-23.382493
0.024251	-2.669757	6.963659	-6.096215	-23.461134
0.024238	-2.684388	6.902351	-6.105139	-23.539630
0.024221	-2.698860	6.840874	-6.114162	-23.617984
0.024198	-2.713087	6.779231	-6.123288	-23.696194
0.024166	-2.727983	6.717423	-6.132518	-23.774262
0.024124	-2.741464	6.655452	-6.141857	-23.852187
0.024070	-2.754448	6.593321	-6.151307	-23.929971
0.024003	-2.765881	6.531030	-6.160869	-24.007614
0.023921	-2.777808	6.468582	-6.170547	-24.085117
0.023823	-2.789298	6.405980	-6.180342	-24.162480
0.023709	-2.799423	6.343225	-6.190256	-24.239704
0.023578	-2.810255	6.280320	-6.200290	-24.316790
0.023429	-2.819867	6.217266	-6.210447	-24.393739
0.023263	-2.829331	6.154067	-6.220726	-24.470552
0.023077	-2.838726	6.090725	-6.231130	-24.547229
0.022872	-2.847129	6.027241	-6.241658	-24.623774
0.022648	-2.856624	5.963619	-6.252311	-24.700186
0.022404	-2.866297	5.899862	-6.263091	-24.776467
0.022139	-2.875239	5.835972	-6.273996	-24.852619
0.021854	-2.884548	5.771952	-6.285027	-24.928644
0.021548	-2.894331	5.707805	-6.296184	-25.004543
0.021222	-2.904701	5.643534	-6.307467	-25.080319
0.020874	-2.915785	5.579142	-6.318876	-25.155973
0.020507	-2.926720	5.514634	-6.330411	-25.231509
0.020118	-2.939661	5.450012	-6.342070	-25.306928
0.019710	-2.952778	5.385280	-6.353854	-25.382234
0.019282	-2.967265	5.320443	-6.365763	-25.457429
0.018837	-2.983307	5.255503	-6.377794	-25.532516
0.018380	-2.999976	5.190466	-6.389949	-25.607499
0.017919	-3.019296	5.125336	-6.402225	-25.682382
0.017460	-3.039272	5.060117	-6.414623	-25.757167
0.017012	-3.061872	4.994814	-6.427142	-25.831858
0.016580	-3.085025	4.929431	-6.439781	-25.906459
0.016171	-3.109602	4.863973	-6.452541	-25.980974
0.015792	-3.135410	4.798445	-6.465420	-26.055406
0.015449	3.121003	4.732850	-6.478418	-26.129759
0.015148	3.093615	4.667193	-6.491536	-26.204036
0.014894	3.066039	4.601478	-6.504773	-26.278241
0.014690	3.037778	4.535708	-6.518131	-26.352376
0.014542	3.011397	4.469888	-6.531609	-26.426444
0.014452	2.986502	4.404021	-6.545208	-26.500448
0.014423	2.962712	4.338109	-6.558930	-26.574389
0.014456	2.942628	4.272156	-6.572777	-26.648270
0.014555	2.924803	4.206162	-6.586749	-26.722092
0.014720	2.910710	4.140131	-6.600848	-26.795856
0.014954	2.900722	4.074062	-6.615078	-26.869561
0.015258	2.894092	4.007958	-6.629441	-26.943208
0.015636	2.891839	3.941816	-6.643939	-27.016796
0.016079	2.893458	3.875639	-6.658577	-27.090323
0.016582	2.898303	3.809423	-6.673358	-27.163787
0.017136	2.905736	3.743168	-6.688286	-27.237187
0.017736	2.914160	3.676872	-6.703366	-27.310518
0.018374	2.924036	3.610532	-6.718602	-27.383777
0.019044	2.934892	3.544146	-6.733999	-27.456960
0.019739	2.947327	3.477711	-6.749562	-27.530064
0.020452	2.958005	3.411223	-6.765296	-27.603083
0.021174	2.969653	3.344680	-6.781205	-27.676014
0.021899	2.981050	3.278078	-6.797295	-27.748852
0.022619	2.992021	3.211413	-6.813570	-27.821590
0.023325	3.002429	3.144683	-6.830035	-27.894226
0.024009	3.012168	3.077883	-6.846695	-27.966754
0.024662	3.021154	3.011011	-6.863555	-28.039168
0.025276	3.030320	2.944063	-6.880617	-28.111466
0.025843	3.037610	2.877037	-6.897887	-28.183641
0.026353	3.043977	2.809930	-6.915367	-28.255690
0.026797	3.050374	2.742739	-6.933061	-28.327609
0.027168	3.055753	2.675463	-6.950970	-28.399395
0.027458	3.060092	2.608100	-6.969098	-28.471044
0.027667	3.063492	2.540649	-6.987446	-28.542554
0.027799	3.066064	2.473109	-7.006014	-28.613923
0.027857	3.068903	2.405479	-7.024803	-28.685149
0.027842	3.071090	2.337759	-7.043813	-28.756232
0.027758	3.072693	2.269950	-7.063044	-28.827169
0.027608	3.072774	2.202052	-7.082494	-28.897961
0.027395	3.073387	2.134065	-7.102162	-28.968609
0.027122	3.074579	2.065992	-7.122045	-29.039112
0.026791	3.074398	1.997834	-7.142143	-29.109472
0.026406	3.073884	1.929590	-7.162451	-29.179689
0.025969	3.073081	1.861265	-7.182967	-29.249766
0.025484	3.072030	1.792859	-7.203687	-29.319704
0.024953	3.071772	1.724375	-7.224607	-29.389505
0.024380	3.070354	1.655814	-7.245724	-29.459173
0.023767	3.068823	1.587180	-7.267033	-29.528709
0.023118	3.067233	1.518474	-7.288528	-29.598117
0.022434	3.066645	1.449700	-7.310206	-29.667400
0.021720	3.065126	1.380859	-7.332060	-29.736562
0.020977	3.063757	1.311955	-7.354085	-29.805606
0.020210	3.061614	1.242989	-7.376275	-29.874536
0.019419	3.060712	1.173966	-7.398625	-29.943356
0.018610	3.060053	1.104887	-7.421128	-30.012071
0.017784	3.059639	1.035755	-7.443778	-30.080684
0.016945	3.058479	0.966572	-7.466568	-30.149200
0.016096	3.058583	0.897343	-7.489492	-30.217624
0.015240	3.057966	0.828068	-7.512542	-30.285959
0.014379	3.058650	0.758751	-7.535713	-30.354210
0.013518	3.058659	0.689394	-7.558997	-30.422383
0.012658	3.059030	0.620000	-7.582387	-30.490481
0.011803	3.060804	0.550570	-7.605877	-30.558509
0.010956	3.062037	0.481108	-7.629460	-30.626471
0.010120	3.064799	0.411616	-7.653129	-30.694373
0.009298	3.067182	0.342096	-7.676876	-30.762219
0.008493	3.071301	0.272550	-7.700697	-30.830012
0.007709	3.075306	0.202980	-7.724583	-30.897758
0.006948	3.081397	0.133389	-7.748530	-30.965460
0.006213	3.088837	0.063777	-7.772530	-31.033123
0.005508	3.096980	-0.005853	-7.796578	-31.100750
0.004835	3.108312	-0.075498	-7.820667	-31.168345
0.004198	3.122509	-0.145159	-7.844793	-31.235913
0.003597	3.140581	-0.214832	-7.868951	-31.303456
0.003031	-3.118091	-0.284517	-7.893135	-31.370977
0.002501	-3.086564	-0.354213	-7.917341	-31.438480
0.002008	-3.042498	-0.423917	-7.941564	-31.505967
0.001553	-2.977182	-0.493629	-7.965801	-31.573442
0.001140	-2.870804	-0.563347	-7.990047	-31.640906
0.000779	-2.678711	-0.633071	-8.014300	-31.708363
0.000505	-2.275991	-0.702800	-8.038555	-31.775814
0.000414	-1.545802	-0.772532	-8.062811	-31.843261
0.000539	-0.942200	-0.842267	-8.087063	-31.910707
0.000744	-0.648943	-0.912003	-8.111311	-31.978152
0.000954	-0.498459	-0.981740	-8.135551	-32.045599
0.001146	-0.407365	-1.051478	-8.159783	-32.113049
0.001315	-0.343373	-1.121215	-8.184004	-32.180504
0.001457	-0.294911	-1.190951	-8.208212	-32.247964
0.001571	-0.254145	-1.260685	-8.232408	-32.315430
0.001657	-0.217112	-1.330417	-8.256591	-32.382904
0.001715	-0.181155	-1.400146	-8.280759	-32.450386
0.001747	-0.144192	-1.469871	-8.304913	-32.517876
0.001752	-0.104434	-1.539593	-8.329052	-32.585376
0.001734	-0.061567	-1.609310	-8.353178	-32.652886
0.001696	-0.012290	-1.679022	-8.377290	-32.720405
0.001640	0.042894	-1.748728	-8.401389	-32.787934
0.001572	0.107747	-1.818429	-8.425477	-32.855473
0.001493	0.182330	-1.888124	-8.449555	-32.923023
0.001411	0.270965	-1.957812	-8.473623	-32.990582
0.001328	0.374033	-2.027494	-8.497684	-33.058151
0.001253	0.494478	-2.097168	-8.521739	-33.125730
0.001190	0.633906	-2.166835	-8.545789	-33.193318
0.001147	0.788369	-2.236495	-8.569837	-33.260914
0.001128	0.953476	-2.306146	-8.593884	-33.328519
0.001136	1.121852	-2.375790	-8.617932	-33.396132
0.001171	1.282340	-2.445425	-8.641983	-33.463752
0.001228	1.429732	-2.515052	-8.666039	-33.531379
0.001303	1.558223	-2.584671	-8.690101	-33.599012
0.001388	1.669135	-2.654281	-8.714172	-33.666651
0.001479	1.762755	-2.723883	-8.738252	-33.734295
0.001568	1.841224	-2.793477	-8.762343	-33.801944
0.001652	1.906814	-2.863062	-8.786447	-33.869597
0.001727	1.961764	-2.932639	-8.810565	-33.937253
0.001791	2.008555	-3.002208	-8.834697	-34.004912
0.001844	2.050170	-3.071769	-8.858846	-34.072574
0.001886	2.086072	-3.141323	-8.883011	-34.140238
0.001918	2.119357	-3.210868	-8.907194	-34.207903
0.001942	2.149859	-3.280407	-8.931394	-34.275570
0.001957	2.177221	-3.349938	-8.955612	-34.343237
0.001964	2.203946	-3.419463	-8.979849	-34.410905
0.001965	2.229429	-3.488982	-9.004104	-34.478572
0.001961	2.253978	-3.558494	-9.028378	-34.546239
0.001953	2.277834	-3.628001	-9.052671	-34.613906
0.001942	2.301173	-3.697502	-9.076982	-34.681571
0.001929	2.324120	-3.766998	-9.101312	-34.749234
0.001915	2.346743	-3.836489	-9.125661	-34.816896
0.001903	2.369059	-3.905976	-9.150028	-34.884556
0.001892	2.391033	-3.975459	-9.174414	-34.952213
0.001884	2.412579	-4.044938	-9.198818	-35.019868
0.001880	2.433561	-4.114413	-9.223240	-35.087520
0.001882	2.453801	-4.183885	-9.247680	-35.155168
0.001891	2.473084	-4.253354	-9.272139	-35.222813
0.001906	2.490216	-4.322821	-9.296616	-35.290454
0.001928	2.507192	-4.392284	-9.321111	-35.358091
0.001955	2.522113	-4.461746	-9.345625	-35.425724
0.001984	2.537134	-4.531205	-9.370158	-35.493352
0.002015	2.550450	-4.600663	-9.394710	-35.560975
0.002046	2.563284	-4.670118	-9.419282	-35.628593
0.002075	2.576884	-4.739572	-9.443873	-35.696206
0.002102	2.589512	-4.809024	-9.468484	-35.763813
0.002124	2.602451	-4.878475	-9.493115	-35.831414
0.002140	2.617008	-4.947925	-9.517767	-35.899009
0.002149	2.631519	-5.017374	-9.542438	-35.966597
0.002149	2.648370	-5.086822	-9.567131	-36.034179
0.002139	2.666010	-5.156270	-9.591843	-36.101753
0.002119	2.686984	-5.225717	-9.616576	-36.169321
0.002086	2.709971	-5.295165	-9.641328	-36.236881
0.002039	2.737846	-5.364613	-9.666100	-36.304433
0.001979	2.770764	-5.434062	-9.690891	-36.371978
0.001905	2.810294	-5.503512	-9.715700	-36.439515
0.001816	2.858612	-5.572964	-9.740526	-36.507044
0.001713	2.918803	-5.642419	-9.765368	-36.574564
0.001599	2.995998	-5.711876	-9.790225	-36.642076
0.001481	3.092546	-5.781337	-9.815094	-36.709580
0.001368	-3.068066	-5.850802	-9.839975	-36.777075
0.001270	-2.917565	-5.920272	-9.864866	-36.844561
0.001200	-2.736887	-5.989748	-9.889764	-36.912039
0.001171	-2.534248	-6.059230	-9.914666	-36.979508
0.001190	-2.325370	-6.128720	-9.939572	-37.046968
0.001257	-2.128917	-6.198218	-9.964478	-37.114420
0.001365	-1.958073	-6.267725	-9.989382	-37.181863
0.001504	-1.817232	-6.337242	-10.014282	-37.249298
0.001662	-1.704513	-6.406769	-10.039176	-37.316724
0.001829	-1.615514	-6.476308	-10.064061	-37.384142
0.001999	-1.545640	-6.545858	-10.088934	-37.451551
0.002163	-1.491010	-6.615422	-10.113795	-37.518952
0.002318	-1.448639	-6.684999	-10.138641	-37.586345
0.002458	-1.417345	-6.754589	-10.163470	-37.653730
0.002579	-1.393605	-6.824194	-10.188281	-37.721106
0.002679	-1.378429	-6.893814	-10.213073	-37.788475
0.002753	-1.369278	-6.963449	-10.237844	-37.855834
0.002798	-1.368017	-7.033100	-10.262594	-37.923186
0.002814	-1.373710	-7.102767	-10.287323	-37.990529
0.002802	-1.385985	-7.172449	-10.312030	-38.057864
0.002765	-1.404610	-7.242148	-10.336716	-38.125189
0.002706	-1.430641	-7.311862	-10.361382	-38.192506
0.002628	-1.462361	-7.381593	-10.386027	-38.259813
0.002534	-1.502255	-7.451339	-10.410654	-38.327111
0.002429	-1.548979	-7.521101	-10.435264	-38.394399
0.002317	-1.605319	-7.590879	-10.459858	-38.461677
0.002201	-1.671126	-7.660671	-10.484437	-38.528944
0.002086	-1.746199	-7.730479	-10.509005	-38.596200
0.001977	-1.833107	-7.800300	-10.533562	-38.663445
0.001878	-1.930928	-7.870136	-10.558111	-38.730679
0.001793	-2.037950	-7.939985	-10.582653	-38.797901
0.001726	-2.154422	-8.009846	-10.607192	-38.865112
0.001677	-2.275508	-8.079720	-10.631728	-38.932310
0.001647	-2.399562	-8.149606	-10.656264	-38.999497
0.001635	-2.520727	-8.219502	-10.680802	-39.066671
0.001636	-2.637620	-8.289409	-10.705343	-39.133833
0.001646	-2.745843	-8.359326	-10.729891	-39.200984
0.001659	-2.845155	-8.429251	-10.754445	-39.268122
0.001670	-2.935632	-8.499185	-10.779008	-39.335249
0.001676	-3.017951	-8.569126	-10.803580	-39.402364
0.001678	-3.095882	-8.639074	-10.828164	-39.469469
0.001675	3.114284	-8.709027	-10.852759	-39.536563
0.001668	3.043005	-8.778986	-10.877367	-39.603647
0.001659	2.974596	-8.848949	-10.901988	-39.670722
0.001648	2.907478	-8.918915	-10.926623	-39.737788
0.001637	2.841375	-8.988884	-10.951272	-39.804847
0.001629	2.776307	-9.058854	-10.975935	-39.871898
0.001624	2.712595	-9.128826	-11.000613	-39.938942
0.001623	2.650833	-9.198799	-11.025307	-40.005981
0.001629	2.591854	-9.268770	-11.050016	-40.073014
0.001642	2.536658	-9.338741	-11.074740	-40.140042
0.001662	2.486328	-9.408710	-11.099480	-40.207067
0.001691	2.441938	-9.478677	-11.124236	-40.274088
0.001729	2.404463	-9.548641	-11.149009	-40.341106
0.001776	2.374706	-9.618602	-11.173798	-40.408121
0.001832	2.352250	-9.688559	-11.198605	-40.475134
0.001898	2.339427	-9.758511	-11.223429	-40.542144
0.001976	2.334308	-9.828459	-11.248272	-40.609153
0.002065	2.338490	-9.898403	-11.273133	-40.676160
0.002164	2.348562	-9.968341	-11.298015	-40.743164
0.002272	2.363982	-10.038274	-11.322917	-40.810166
0.002387	2.383395	-10.108202	-11.347842	-40.877165
0.002507	2.405665	-10.178125	-11.372789	-40.944161
0.002630	2.428876	-10.248043	-11.397761	-41.011153
0.002755	2.454316	-10.317956	-11.422758	-41.078140
0.002880	2.479452	-10.387865	-11.447782	-41.145122
0.003003	2.505902	-10.457770	-11.472834	-41.212098
0.003123	2.531410	-10.527671	-11.497914	-41.279067
0.003236	2.556820	-10.597568	-11.523025	-41.346029
0.003342	2.582061	-10.667463	-11.548167	-41.412982
0.003437	2.607129	-10.737355	-11.573341	-41.479925
0.003520	2.632079	-10.807245	-11.598547	-41.546858
0.003589	2.657017	-10.877134	-11.623787	-41.613780
0.003640	2.682100	-10.947022	-11.649061	-41.680690
0.003673	2.707538	-11.016910	-11.674369	-41.747587
0.003685	2.733600	-11.086799	-11.699711	-41.814471
0.003673	2.761635	-11.156688	-11.725087	-41.881340
0.003636	2.790090	-11.226580	-11.750496	-41.948195
0.003573	2.820497	-11.296474	-11.775939	-42.015034
0.003486	2.853281	-11.366372	-11.801413	-42.081858
0.003379	2.888840	-11.436274	-11.826918	-42.148666
0.003256	2.927580	-11.506180	-11.852452	-42.215458
0.003121	2.970909	-11.576092	-11.878014	-42.282233
0.002977	3.017222	-11.646011	-11.903602	-42.348992
0.002829	3.067864	-11.715936	-11.929214	-42.415734
0.002679	3.124087	-11.785868	-11.954847	-42.482461
0.002532	-3.098212	-11.855809	-11.980501	-42.549171
0.002389	-3.033842	-11.925758	-12.006172	-42.615865
0.002255	-2.964538	-11.995716	-12.031859	-42.682544
0.002131	-2.892325	-12.065684	-12.057560	-42.749208
0.002018	-2.818795	-12.135661	-12.083272	-42.815856
0.001917	-2.745129	-12.205649	-12.108995	-42.882491
0.001826	-2.676061	-12.275647	-12.134725	-42.949111
0.001744	-2.612784	-12.345655	-12.160463	-43.015718
0.001669	-2.560855	-12.415673	-12.186206	-43.082312
0.001598	-2.522170	-12.485702	-12.211953	-43.148894
0.001529	-2.502058	-12.555741	-12.237704	-43.215463
0.001461	-2.504493	-12.625789	-12.263458	-43.282022
0.001396	-2.536399	-12.695847	-12.289215	-43.348569
0.001337	-2.597534	-12.765913	-12.314975	-43.415106
0.001291	-2.688704	-12.835987	-12.340739	-43.481633
0.001267	-2.806951	-12.906069	-12.366509	-43.548150
0.001272	-2.945044	-12.976157	-12.392284	-43.614659
0.001315	-3.090751	-13.046250	-12.418067	-43.681158
0.001395	3.049354	-13.116348	-12.443859	-43.747650
0.001511	2.920259	-13.186449	-12.469662	-43.814133
0.001657	2.808719	-13.256553	-12.495478	-43.880609
0.001823	2.715212	-13.326658	-12.521309	-43.947078
0.002004	2.637887	-13.396764	-12.547156	-44.013540
0.002192	2.574044	-13.466868	-12.573023	-44.079995
0.002379	2.520958	-13.536971	-12.598910	-44.146444
0.002562	2.476218	-13.607071	-12.624821	-44.212888
0.002733	2.437804	-13.677167	-12.650756	-44.279325
0.002889	2.404042	-13.747258	-12.676717	-44.345758
0.003024	2.373530	-13.817343	-12.702707	-44.412186
0.003135	2.345053	-13.887421	-12.728725	-44.478610
0.003217	2.317500	-13.957491	-12.754774	-44.545030
0.003266	2.288777	-14.027554	-12.780854	-44.611447
0.003280	2.259815	-14.097606	-12.806964	-44.677861
0.003260	2.227858	-14.167649	-12.833106	-44.744274
0.003208	2.193193	-14.237682	-12.859279	-44.810685
0.003127	2.155005	-14.307703	-12.885482	-44.877096
0.003020	2.112314	-14.377713	-12.911714	-44.943508
0.002889	2.063891	-14.447711	-12.937974	-45.009922
0.002738	2.008152	-14.517697	-12.964260	-45.076338
0.002571	1.943016	-14.587671	-12.990570	-45.142757
0.002392	1.865722	-14.657631	-13.016902	-45.209181
0.002207	1.772624	-14.727579	-13.043253	-45.275611
0.002023	1.660053	-14.797515	-13.069621	-45.342047
0.001851	1.520516	-14.867438	-13.096004	-45.408491
0.001705	1.349867	-14.937349	-13.122397	-45.474943
0.001602	1.147352	-15.007248	-13.148798	-45.541405
0.001558	0.917320	-15.077136	-13.175204	-45.607877
0.001589	0.678506	-15.147012	-13.201610	-45.674360
0.001697	0.452173	-15.216879	-13.228014	-45.740855
0.001873	0.251627	-15.286735	-13.254411	-45.807362
0.002105	0.083703	-15.356584	-13.280798	-45.873883
0.002380	-0.055150	-15.426425	-13.307171	-45.940417
0.002687	-0.169155	-15.496259	-13.333526	-46.006965
0.003021	-0.264154	-15.566088	-13.359858	-46.073528
0.003376	-0.344052	-15.635913	-13.386165	-46.140104
0.003749	-0.410890	-15.705736	-13.412441	-46.206696
0.004138	-0.467987	-15.775558	-13.438682	-46.273302
0.004542	-0.517116	-15.845380	-13.464885	-46.339922
0.004957	-0.559633	-15.915205	-13.491044	-46.406557
0.005382	-0.595595	-15.985034	-13.517157	-46.473206
0.005817	-0.626827	-16.054868	-13.543218	-46.539870
0.006259	-0.653988	-16.124710	-13.569222	-46.606547
0.006707	-0.677607	-16.194561	-13.595167	-46.673239
0.007159	-0.697114	-16.264423	-13.621047	-46.739944
0.007615	-0.714863	-16.334298	-13.646857	-46.806663
0.008073	-0.729147	-16.404187	-13.672595	-46.873395
0.008532	-0.742209	-16.474091	-13.698254	-46.940141
0.008990	-0.752257	-16.544014	-13.723830	-47.006900
0.009446	-0.761463	-16.613955	-13.749320	-47.073673
0.009898	-0.767976	-16.683916	-13.774718	-47.140458
0.010347	-0.773919	-16.753900	-13.800021	-47.207257
0.010789	-0.778401	-16.823906	-13.825224	-47.274070
0.011224	-0.781532	-16.893938	-13.850323	-47.340896
0.011652	-0.783482	-16.963994	-13.875313	-47.407736
0.012073	-0.784412	-17.034077	-13.900191	-47.474591
0.012488	-0.785454	-17.104188	-13.924952	-47.541460
0.012896	-0.784722	-17.174327	-13.949593	-47.608343
0.013298	-0.784311	-17.244495	-13.974109	-47.675242
0.013694	-0.782302	-17.314694	-13.998496	-47.742156
0.014085	-0.780765	-17.384922	-14.022750	-47.809087
0.014471	-0.777759	-17.455182	-14.046869	-47.876034
0.014852	-0.774338	-17.525473	-14.070847	-47.942998
0.015229	-0.771547	-17.595797	-14.094681	-48.009980
0.015603	-0.767425	-17.666152	-14.118367	-48.076981
0.015973	-0.763008	-17.736540	-14.141902	-48.144002
0.016340	-0.758327	-17.806960	-14.165282	-48.211042
0.016704	-0.752409	-17.877413	-14.188503	-48.278103
0.017066	-0.746279	-17.947898	-14.211562	-48.345187
0.017427	-0.739959	-18.018415	-14.234455	-48.412293
0.017787	-0.732468	-18.088965	-14.257178	-48.479424
0.018145	-0.724825	-18.159545	-14.279728	-48.546580
0.018504	-0.716044	-18.230157	-14.302101	-48.613762
0.000000	0.000000	-18.230157	-14.302101	-48.613762
