0.047746	-1.128011	0.000000	0.000000	0.000000
0.043517	-1.067389	0.099999	0.000205	-0.000431
0.039467	-0.995389	0.199995	0.000619	-0.001244
0.035655	-0.909542	0.299986	0.001248	-0.002388
0.032155	-0.807049	0.399972	0.002097	-0.003813
0.029051	-0.685139	0.499953	0.003167	-0.005470
0.026440	-0.542907	0.599928	0.004463	-0.007311
0.024422	-0.378729	0.699896	0.005984	-0.009289
0.023073	-0.198839	0.799860	0.007733	-0.011356
0.022426	-0.010772	0.899818	0.009708	-0.013470
0.022440	0.174612	0.999771	0.011907	-0.015585
0.023008	0.347794	1.099720	0.014327	-0.017662
0.023984	0.503289	1.199666	0.016963	-0.019660
0.025216	0.639849	1.299608	0.019809	-0.021542
0.026569	0.758060	1.399546	0.022858	-0.023274
0.027930	0.861808	1.499481	0.026099	-0.024823
0.029212	0.955279	1.599414	0.029522	-0.026160
0.030349	1.039502	1.699343	0.033114	-0.027258
0.031292	1.118219	1.799270	0.036859	-0.028095
0.032003	1.193914	1.899193	0.040741	-0.028650
0.032459	1.268917	1.999112	0.044740	-0.028907
0.032658	1.345423	2.099029	0.048836	-0.028855
0.032642	1.425152	2.198941	0.053004	-0.028484
0.032472	1.508454	2.298850	0.057219	-0.027790
0.032213	1.598360	2.398755	0.061455	-0.026772
0.031939	1.693505	2.498656	0.065681	-0.025432
0.031725	1.795995	2.598555	0.069867	-0.023775
0.031647	1.903261	2.698451	0.073983	-0.021809
0.031775	2.015974	2.798345	0.077994	-0.019544
0.032168	2.130073	2.898237	0.081869	-0.016993
0.032867	2.243980	2.998129	0.085573	-0.014169
0.033893	2.355961	3.098020	0.089071	-0.011088
0.035243	2.461535	3.197912	0.092329	-0.007768
0.036896	2.559781	3.297804	0.095313	-0.004226
0.038813	2.649478	3.397699	0.097989	-0.000483
0.040949	2.731077	3.497594	0.100322	0.003444
0.043250	2.802560	3.597491	0.102279	0.007533
0.045663	2.865265	3.697390	0.103829	0.011766
0.048135	2.919733	3.797289	0.104939	0.016122
0.050616	2.967582	3.897187	0.105579	0.020584
0.053059	3.007430	3.997084	0.105720	0.025131
0.055422	3.040970	4.096976	0.105335	0.029749
0.057685	3.070266	4.196863	0.104399	0.034421
0.059840	3.094294	4.296740	0.102887	0.039132
0.061881	3.114846	4.396606	0.100778	0.043870
0.063808	3.132567	4.496455	0.098050	0.048622
0.065622	-3.134196	4.596285	0.094685	0.053377
0.067326	-3.120626	4.696092	0.090663	0.058126
0.068926	-3.108532	4.795869	0.085970	0.062857
0.070428	-3.096591	4.895614	0.080588	0.067562
0.071839	-3.086520	4.995319	0.074504	0.072232
0.073168	-3.077072	5.094980	0.067704	0.076859
0.074421	-3.067024	5.194591	0.060176	0.081435
0.075608	-3.058176	5.294147	0.051909	0.085951
0.076739	-3.048347	5.393640	0.042891	0.090399
0.077822	-3.039367	5.493065	0.033112	0.094771
0.078869	-3.029082	5.592414	0.022564	0.099059
0.079888	-3.019349	5.691682	0.011236	0.103252
0.080891	-3.008033	5.790861	-0.000878	0.107342
0.081890	-2.997014	5.889945	-0.013788	0.111317
0.082896	-2.984180	5.988925	-0.027500	0.115169
0.083920	-2.970463	6.087795	-0.042022	0.118883
0.084963	-2.956930	6.186548	-0.057362	0.122448
0.086028	-2.941680	6.285174	-0.073526	0.125848
0.087113	-2.925807	6.383667	-0.090521	0.129070
0.088220	-2.909398	6.482017	-0.108352	0.132098
0.089347	-2.893539	6.580218	-0.127027	0.134914
0.090495	-2.876309	6.678259	-0.146552	0.137502
0.091662	-2.859785	6.776133	-0.166930	0.139843
0.092848	-2.842037	6.873829	-0.188168	0.141921
0.094051	-2.825131	6.971340	-0.210271	0.143715
0.095270	-2.807129	7.068654	-0.233242	0.145206
0.096503	-2.790090	7.165763	-0.257086	0.146375
0.097748	-2.773064	7.262656	-0.281806	0.147201
0.099001	-2.755102	7.359322	-0.307405	0.147665
0.100261	-2.738247	7.455753	-0.333885	0.147746
0.101524	-2.722538	7.551935	-0.361249	0.147422
0.102786	-2.706013	7.647859	-0.389499	0.146675
0.104045	-2.689702	7.743513	-0.418636	0.145484
0.105296	-2.674636	7.838885	-0.448659	0.143829
0.106534	-2.658838	7.933963	-0.479571	0.141689
0.107758	-2.644326	8.028736	-0.511370	0.139044
0.108965	-2.630096	8.123191	-0.544054	0.135876
0.110156	-2.616139	8.217314	-0.577624	0.132165
0.111331	-2.602446	8.311095	-0.612078	0.127892
0.112490	-2.589010	8.404518	-0.647412	0.123040
0.113633	-2.576826	8.497572	-0.683624	0.117589
0.114761	-2.563886	8.590242	-0.720711	0.111523
0.115873	-2.551185	8.682515	-0.758669	0.104824
0.116969	-2.539720	8.774377	-0.797493	0.097475
0.118049	-2.527485	8.865814	-0.837179	0.089459
0.119115	-2.516477	8.956812	-0.877722	0.080760
0.120164	-2.504694	9.047356	-0.919116	0.071361
0.121198	-2.493131	9.137432	-0.961355	0.061248
0.122217	-2.481787	9.227024	-1.004431	0.050404
0.123219	-2.470659	9.316119	-1.048337	0.038813
0.124207	-2.459746	9.404702	-1.093065	0.026461
0.125178	-2.449047	9.492756	-1.138607	0.013333
0.126134	-2.438559	9.580268	-1.184953	-0.000585
0.127073	-2.428283	9.667221	-1.232095	-0.015308
0.127997	-2.417218	9.753601	-1.280022	-0.030848
0.128904	-2.406363	9.839392	-1.328724	-0.047220
0.129793	-2.395720	9.924579	-1.378189	-0.064437
0.130661	-2.385290	10.009146	-1.428405	-0.082513
0.131505	-2.375075	10.093079	-1.479359	-0.101459
0.132323	-2.365074	10.176361	-1.531040	-0.121289
0.133112	-2.354288	10.258978	-1.583433	-0.142012
0.133870	-2.343716	10.340913	-1.636524	-0.163642
0.134595	-2.334357	10.422153	-1.690299	-0.186189
0.135283	-2.323212	10.502682	-1.744742	-0.209663
0.135933	-2.313279	10.582486	-1.799837	-0.234075
0.136541	-2.303557	10.661550	-1.855567	-0.259433
0.137105	-2.293045	10.739859	-1.911917	-0.285746
0.137623	-2.283741	10.817401	-1.968867	-0.313024
0.138091	-2.273644	10.894160	-2.026400	-0.341271
0.138508	-2.263752	10.970124	-2.084498	-0.370497
0.138870	-2.254065	11.045279	-2.143141	-0.400706
0.139176	-2.244581	11.119614	-2.202310	-0.431904
0.139422	-2.234298	11.193116	-2.261986	-0.464096
0.139606	-2.225216	11.265774	-2.322146	-0.497285
0.139725	-2.216333	11.337577	-2.382772	-0.531475
0.139780	-2.206639	11.408513	-2.443842	-0.566667
0.139778	-2.197084	11.478573	-2.505335	-0.602863
0.139733	-2.187614	11.547748	-2.567230	-0.640064
0.139655	-2.178172	11.616030	-2.629503	-0.678269
0.139556	-2.168707	11.683409	-2.692134	-0.717479
0.139449	-2.159167	11.749879	-2.755099	-0.757693
0.139346	-2.149504	11.815431	-2.818377	-0.798910
0.139258	-2.138671	11.880058	-2.881945	-0.841128
0.139199	-2.127621	11.943755	-2.945779	-0.884347
0.139181	-2.117312	12.006515	-3.009856	-0.928567
0.139217	-2.104704	12.068332	-3.074151	-0.973786
0.139320	-2.092759	12.129200	-3.138641	-1.020005
0.139503	-2.080444	12.189113	-3.203298	-1.067226
0.139780	-2.066729	12.248067	-3.268099	-1.115448
0.140164	-2.052588	12.306054	-3.333016	-1.164674
0.140670	-2.038002	12.363071	-3.398022	-1.214907
0.141310	-2.021957	12.419110	-3.463090	-1.266149
0.142101	-2.005444	12.474167	-3.528188	-1.318408
0.143056	-1.988462	12.528237	-3.593286	-1.371687
0.144189	-1.970016	12.581312	-3.658353	-1.425995
0.145511	-1.951151	12.633386	-3.723355	-1.481340
0.147001	-1.932037	12.684455	-3.788256	-1.537730
0.148636	-1.911868	12.734510	-3.853020	-1.595176
0.150389	-1.892818	12.783544	-3.917610	-1.653689
0.152231	-1.873047	12.831552	-3.981986	-1.713280
0.154135	-1.853700	12.878524	-4.046109	-1.773958
0.156071	-1.835903	12.924455	-4.109938	-1.835733
0.158010	-1.817771	12.969336	-4.173434	-1.898613
0.159919	-1.802405	13.013160	-4.236555	-1.962607
0.161769	-1.787897	13.055917	-4.299263	-2.027719
0.163528	-1.775329	13.097599	-4.361520	-2.093951
0.165165	-1.764779	13.138196	-4.423288	-2.161305
0.166648	-1.756321	13.177696	-4.484535	-2.229779
0.167946	-1.751029	13.216088	-4.545227	-2.299367
0.169028	-1.747979	13.253358	-4.605338	-2.370061
0.169865	-1.748254	13.289491	-4.664843	-2.441849
0.170427	-1.750945	13.324472	-4.723721	-2.514717
0.170686	-1.757153	13.358283	-4.781958	-2.588644
0.170614	-1.765999	13.390906	-4.839542	-2.663610
0.170187	-1.777621	13.422322	-4.896469	-2.739586
0.169390	-1.793131	13.452513	-4.952737	-2.816543
0.168253	-1.811452	13.481459	-5.008353	-2.894446
0.166814	-1.832463	13.509143	-5.063329	-2.973258
0.165111	-1.854053	13.535547	-5.117679	-3.052938
0.163184	-1.878111	13.560656	-5.171423	-3.133443
0.161072	-1.903520	13.584456	-5.224584	-3.214730
0.158810	-1.929157	13.606937	-5.277186	-3.296752
0.156435	-1.954885	13.628090	-5.329255	-3.379464
0.153981	-1.981549	13.647910	-5.380819	-3.462821
0.151480	-2.008975	13.666395	-5.431906	-3.546776
0.148961	-2.034962	13.683542	-5.482544	-3.631285
0.146451	-2.061284	13.699354	-5.532763	-3.716303
0.143974	-2.087682	13.713835	-5.582589	-3.801788
0.141549	-2.111871	13.726990	-5.632050	-3.887698
0.139195	-2.135529	13.738826	-5.681170	-3.973994
0.136924	-2.157306	13.749352	-5.729975	-4.060639
0.134749	-2.177820	13.758578	-5.778484	-4.147598
0.132676	-2.194662	13.766516	-5.826716	-4.234836
0.130714	-2.209396	13.773177	-5.874688	-4.322326
0.128867	-2.220566	13.778575	-5.922410	-4.410038
0.127138	-2.227787	13.782722	-5.969890	-4.497949
0.125516	-2.231032	13.785634	-6.017133	-4.586038
0.123990	-2.230386	13.787323	-6.064137	-4.674287
0.122553	-2.225950	13.787805	-6.110897	-4.762680
0.121200	-2.217844	13.787096	-6.157403	-4.851204
0.119928	-2.207204	13.785210	-6.203645	-4.939851
0.118739	-2.193181	13.782164	-6.249606	-5.028610
0.117632	-2.174944	13.777974	-6.295269	-5.117477
0.116610	-2.154675	13.772656	-6.340612	-5.206448
0.115675	-2.131572	13.766228	-6.385611	-5.295519
0.114828	-2.105847	13.758709	-6.430241	-5.384691
0.114071	-2.078726	13.750117	-6.474475	-5.473963
0.113404	-2.048443	13.740472	-6.518283	-5.563338
0.112825	-2.017244	13.729793	-6.561634	-5.652818
0.112330	-1.983380	13.718104	-6.604498	-5.742406
0.111914	-1.949104	13.705425	-6.646841	-5.832107
0.111571	-1.914671	13.691781	-6.688630	-5.921927
0.111289	-1.879335	13.677196	-6.729833	-6.011869
0.111059	-1.844342	13.661694	-6.770417	-6.101939
0.110865	-1.810932	13.645302	-6.810351	-6.192142
0.110693	-1.778305	13.628045	-6.849606	-6.282482
0.110533	-1.747526	13.609949	-6.888153	-6.372962
0.110373	-1.717620	13.591037	-6.925966	-6.463584
0.110202	-1.690609	13.571337	-6.963021	-6.554352
0.110011	-1.665509	13.550872	-6.999297	-6.645266
0.109790	-1.643334	13.529665	-7.034774	-6.736324
0.109528	-1.622096	13.507737	-7.069435	-6.827526
0.109216	-1.603803	13.485110	-7.103264	-6.918869
0.108844	-1.586465	13.461803	-7.136250	-7.010350
0.108402	-1.572091	13.437836	-7.168381	-7.101964
0.107883	-1.559689	13.413225	-7.199649	-7.193706
0.107277	-1.549271	13.387988	-7.230047	-7.285571
0.106576	-1.539851	13.362140	-7.259572	-7.377550
0.105772	-1.532447	13.335695	-7.288220	-7.469636
0.104856	-1.527081	13.308666	-7.315991	-7.561822
0.103822	-1.522780	13.281067	-7.342887	-7.654098
0.102662	-1.519581	13.252909	-7.368911	-7.746456
0.101369	-1.518527	13.224205	-7.394070	-7.838885
0.099937	-1.517674	13.194965	-7.418371	-7.931375
0.098361	-1.519088	13.165200	-7.441822	-8.023917
0.096636	-1.520838	13.134920	-7.464436	-8.116501
0.094773	-1.523941	13.104136	-7.486227	-8.209116
0.092784	-1.528414	13.072859	-7.507209	-8.301752
0.090683	-1.533281	13.041097	-7.527399	-8.394399
0.088482	-1.540577	13.008860	-7.546817	-8.487048
0.086195	-1.548349	12.976159	-7.565482	-8.579688
0.083837	-1.557649	12.943002	-7.583415	-8.672311
0.081422	-1.568542	12.909398	-7.600640	-8.764907
0.078965	-1.581095	12.875355	-7.617180	-8.857468
0.076482	-1.595386	12.840881	-7.633060	-8.949985
0.073986	-1.611493	12.805983	-7.648305	-9.042450
0.071496	-1.628497	12.770668	-7.662942	-9.134854
0.069025	-1.648477	12.734943	-7.676998	-9.227192
0.066590	-1.670502	12.698814	-7.690499	-9.319454
0.064208	-1.693631	12.662286	-7.703473	-9.411635
0.061894	-1.719901	12.625364	-7.715947	-9.503729
0.059664	-1.747318	12.588052	-7.727950	-9.595728
0.057532	-1.777849	12.550356	-7.739508	-9.687626
0.055514	-1.809408	12.512279	-7.750648	-9.779420
0.053622	-1.843846	12.473823	-7.761397	-9.871102
0.051866	-1.878968	12.434992	-7.771781	-9.962668
0.050251	-1.916624	12.395789	-7.781826	-10.054113
0.048778	-1.955648	12.356214	-7.791555	-10.145432
0.047448	-1.994827	12.316271	-7.800993	-10.236621
0.046258	-2.035908	12.275960	-7.810163	-10.327676
0.045209	-2.077597	12.235283	-7.819086	-10.418592
0.044296	-2.119569	12.194241	-7.827785	-10.509366
0.043515	-2.161477	12.152834	-7.836280	-10.599993
0.042859	-2.202961	12.111062	-7.844590	-10.690469
0.042322	-2.243663	12.068926	-7.852735	-10.780792
0.041894	-2.283235	12.026426	-7.860732	-10.870958
0.041567	-2.321352	11.983562	-7.868598	-10.960962
0.041329	-2.357720	11.940334	-7.876350	-11.050802
0.041172	-2.393081	11.896742	-7.884002	-11.140475
0.041083	-2.425215	11.852785	-7.891569	-11.229976
0.041053	-2.455944	11.808463	-7.899063	-11.319303
0.041070	-2.484125	11.763775	-7.906497	-11.408454
0.041125	-2.508650	11.718722	-7.913883	-11.497424
0.041207	-2.531441	11.673302	-7.921229	-11.586210
0.041309	-2.552442	11.627516	-7.928546	-11.674811
0.041422	-2.569650	11.581363	-7.935841	-11.763223
0.041541	-2.584211	11.534844	-7.943122	-11.851444
0.041659	-2.597312	11.487956	-7.950395	-11.939471
0.041774	-2.607139	11.440702	-7.957664	-12.027301
0.041882	-2.615876	11.393080	-7.964933	-12.114933
0.041982	-2.622705	11.345091	-7.972207	-12.202363
0.042073	-2.626805	11.296734	-7.979488	-12.289590
0.042152	-2.630352	11.248010	-7.986777	-12.376613
0.042221	-2.631515	11.198919	-7.994077	-12.463427
0.042279	-2.632464	11.149462	-8.001386	-12.550033
0.042325	-2.631362	11.099639	-8.008706	-12.636428
0.042360	-2.629372	11.049449	-8.016036	-12.722610
0.042385	-2.626654	10.998895	-8.023376	-12.808577
0.042399	-2.623368	10.947976	-8.030722	-12.894328
0.042403	-2.619670	10.896693	-8.038076	-12.979862
0.042397	-2.614717	10.845047	-8.045433	-13.065176
0.042381	-2.610667	10.793039	-8.052793	-13.150270
0.042355	-2.604675	10.740670	-8.060154	-13.235143
0.042318	-2.599898	10.687941	-8.067512	-13.319792
0.042270	-2.594494	10.634853	-8.074866	-13.404217
0.042212	-2.589594	10.581408	-8.082213	-13.488416
0.042143	-2.584230	10.527606	-8.089551	-13.572390
0.042064	-2.580405	10.473449	-8.096878	-13.656136
0.041975	-2.576127	10.418940	-8.104192	-13.739653
0.041877	-2.571402	10.364079	-8.111491	-13.822942
0.041770	-2.568237	10.308868	-8.118773	-13.906001
0.041654	-2.564641	10.253310	-8.126036	-13.988829
0.041531	-2.561623	10.197406	-8.133280	-14.071426
0.041400	-2.559194	10.141158	-8.140502	-14.153791
0.041263	-2.557363	10.084568	-8.147702	-14.235923
0.041120	-2.557143	10.027638	-8.154879	-14.317823
0.040972	-2.556545	9.970371	-8.162033	-14.399488
0.040820	-2.556580	9.912768	-8.169163	-14.480920
0.040664	-2.557263	9.854833	-8.176270	-14.562117
0.040505	-2.559605	9.796566	-8.183353	-14.643079
0.040345	-2.561620	9.737971	-8.190414	-14.723805
0.040185	-2.565319	9.679049	-8.197453	-14.804295
0.040025	-2.569716	9.619803	-8.204473	-14.884548
0.039866	-2.575823	9.560235	-8.211473	-14.964565
0.039711	-2.582651	9.500347	-8.218458	-15.044344
0.039559	-2.590199	9.440142	-8.225430	-15.123884
0.039412	-2.598413	9.379621	-8.232391	-15.203186
0.039269	-2.608227	9.318787	-8.239344	-15.282249
0.039130	-2.618573	9.257643	-8.246294	-15.361072
0.038996	-2.629383	9.196190	-8.253245	-15.439654
0.038866	-2.641588	9.134430	-8.260200	-15.517996
0.038741	-2.654117	9.072366	-8.267164	-15.596095
0.038619	-2.666901	9.010000	-8.274142	-15.673953
0.038500	-2.679868	8.947334	-8.281138	-15.751567
0.038383	-2.693949	8.884371	-8.288158	-15.828939
0.038268	-2.707072	8.821113	-8.295207	-15.906067
0.038155	-2.721168	8.757561	-8.302289	-15.982950
0.038040	-2.735166	8.693720	-8.309409	-16.059589
0.037924	-2.747999	8.629591	-8.316573	-16.135984
0.037806	-2.761598	8.565176	-8.323786	-16.212133
0.037683	-2.774895	8.500478	-8.331051	-16.288037
0.037554	-2.787824	8.435500	-8.338374	-16.363696
0.037417	-2.800318	8.370245	-8.345759	-16.439109
0.037271	-2.812310	8.304715	-8.353211	-16.514277
0.037114	-2.823736	8.238913	-8.360733	-16.589201
0.036944	-2.834543	8.172842	-8.368329	-16.663879
0.036761	-2.844737	8.106505	-8.376003	-16.738314
0.036566	-2.853337	8.039904	-8.383758	-16.812505
0.036360	-2.862359	7.973044	-8.391596	-16.886452
0.036143	-2.869818	7.905927	-8.399520	-16.960157
0.035915	-2.877728	7.838555	-8.407532	-17.033621
0.035679	-2.884102	7.770933	-8.415634	-17.106844
0.035434	-2.890950	7.703063	-8.423827	-17.179827
0.035181	-2.896283	7.634948	-8.432114	-17.252571
0.034922	-2.901108	7.566592	-8.440495	-17.325078
0.034657	-2.905435	7.497997	-8.448970	-17.397347
0.034388	-2.909269	7.429167	-8.457542	-17.469381
0.034115	-2.912618	7.360104	-8.466209	-17.541181
0.033839	-2.915485	7.290812	-8.474972	-17.612748
0.033562	-2.916878	7.221293	-8.483832	-17.684082
0.033285	-2.918800	7.151549	-8.492788	-17.755185
0.033009	-2.919257	7.081585	-8.501839	-17.826059
0.032734	-2.920252	7.011403	-8.510985	-17.896704
0.032463	-2.919790	6.941004	-8.520225	-17.967122
0.032197	-2.918878	6.870392	-8.529559	-18.037314
0.031936	-2.917529	6.799570	-8.538984	-18.107280
0.031681	-2.915801	6.728538	-8.548501	-18.177022
0.031431	-2.913764	6.657301	-8.558106	-18.246542
0.031188	-2.911489	6.585859	-8.567800	-18.315839
0.030951	-2.909051	6.514215	-8.577581	-18.384915
0.030720	-2.906528	6.442371	-8.587446	-18.453770
0.030494	-2.902997	6.370329	-8.597396	-18.522406
0.030275	-2.900543	6.298090	-8.607427	-18.590824
0.030062	-2.898248	6.225657	-8.617538	-18.659024
0.029855	-2.896199	6.153032	-8.627729	-18.727007
0.029655	-2.894485	6.080216	-8.637998	-18.794774
0.029460	-2.893196	6.007211	-8.648344	-18.862326
0.029271	-2.892425	5.934019	-8.658766	-18.929663
0.029088	-2.892266	5.860642	-8.669263	-18.996787
0.028912	-2.893815	5.787081	-8.679834	-19.063697
0.028741	-2.895169	5.713338	-8.690480	-19.130396
0.028578	-2.898426	5.639415	-8.701200	-19.196883
0.028420	-2.902687	5.565315	-8.711995	-19.263159
0.028270	-2.908052	5.491038	-8.722865	-19.329225
0.028128	-2.915621	5.416586	-8.733811	-19.395083
0.027994	-2.923465	5.341963	-8.744835	-19.460732
0.027868	-2.933536	5.267169	-8.755939	-19.526173
0.027751	-2.945751	5.192207	-8.767124	-19.591408
0.027641	-2.958028	5.117079	-8.778394	-19.656437
0.027539	-2.972280	5.041788	-8.789751	-19.721261
0.027445	-2.987419	4.966335	-8.801199	-19.785882
0.027359	-3.003355	4.890723	-8.812740	-19.850299
0.027280	-3.019998	4.814954	-8.824380	-19.914514
0.027208	-3.037257	4.739031	-8.836121	-19.978529
0.027142	-3.055039	4.662956	-8.847967	-20.042344
0.027082	-3.074254	4.586733	-8.859923	-20.105960
0.027026	-3.092811	4.510363	-8.871993	-20.169379
0.026975	-3.111623	4.433849	-8.884181	-20.232602
0.026926	-3.131603	4.357195	-8.896491	-20.295629
0.026879	3.132520	4.280402	-8.908928	-20.358464
0.026832	3.113454	4.203474	-8.921496	-20.421107
0.026784	3.094464	4.126413	-8.934198	-20.483559
0.026732	3.074624	4.049223	-8.947040	-20.545823
0.026676	3.056005	3.971906	-8.960024	-20.607899
0.026612	3.037675	3.894466	-8.973155	-20.669791
0.026540	3.020680	3.816904	-8.986437	-20.731498
0.026457	3.002991	3.739225	-8.999872	-20.793025
0.026363	2.985561	3.661431	-9.013463	-20.854371
0.026256	2.969338	3.583526	-9.027215	-20.915540
0.026134	2.952267	3.505511	-9.041128	-20.976533
0.025997	2.936294	3.427392	-9.055206	-21.037353
0.025844	2.920356	3.349169	-9.069451	-21.098002
0.025673	2.904391	3.270847	-9.083864	-21.158483
0.025484	2.889332	3.192429	-9.098449	-21.218797
0.025276	2.873106	3.113918	-9.113206	-21.278949
0.025048	2.856637	3.035317	-9.128136	-21.338940
0.024799	2.840843	2.956629	-9.143241	-21.398775
0.024530	2.824632	2.877859	-9.158522	-21.458455
0.024239	2.807909	2.799009	-9.173980	-21.517984
0.023925	2.790567	2.720083	-9.189614	-21.577367
0.023590	2.772489	2.641085	-9.205426	-21.636606
0.023233	2.754546	2.562018	-9.221416	-21.695705
0.022853	2.734595	2.482886	-9.237582	-21.754670
0.022452	2.714476	2.403694	-9.253926	-21.813503
0.022030	2.693010	2.324444	-9.270447	-21.872211
0.021588	2.670033	2.245142	-9.287144	-21.930797
0.021135	2.646516	2.165791	-9.304016	-21.989267
0.020678	2.620495	2.086395	-9.321063	-22.047626
0.020224	2.594041	2.006960	-9.338283	-22.105879
0.019783	2.565274	1.927489	-9.355675	-22.164033
0.019361	2.536371	1.847986	-9.373238	-22.222092
0.018964	2.506569	1.768456	-9.390971	-22.280062
0.018600	2.476178	1.688904	-9.408873	-22.337950
0.018273	2.445576	1.609333	-9.426942	-22.395759
0.017987	2.415211	1.529747	-9.445179	-22.453495
0.017747	2.385594	1.450150	-9.463582	-22.511164
0.017556	2.356283	1.370545	-9.482150	-22.568768
0.017415	2.329869	1.290936	-9.500883	-22.626314
0.017327	2.305956	1.211327	-9.519782	-22.683804
0.017291	2.284135	1.131719	-9.538846	-22.741243
0.017308	2.266966	1.052115	-9.558076	-22.798632
0.017379	2.252956	0.972518	-9.577471	-22.855973
0.017506	2.243537	0.892929	-9.597035	-22.913269
0.017690	2.239056	0.813349	-9.616767	-22.970520
0.017933	2.238759	0.733779	-9.636670	-23.027726
0.018240	2.243593	0.654220	-9.656746	-23.084886
0.018608	2.252675	0.574671	-9.676998	-23.141999
0.019037	2.264928	0.495133	-9.697429	-23.199062
0.019526	2.279306	0.415603	-9.718043	-23.256072
0.020073	2.293830	0.336081	-9.738843	-23.313025
0.020674	2.308607	0.256566	-9.759835	-23.369917
0.021326	2.322846	0.177057	-9.781022	-23.426744
0.022025	2.336866	0.097551	-9.802411	-23.483501
0.022766	2.347093	0.018048	-9.824007	-23.540184
0.023541	2.356052	-0.061453	-9.845817	-23.596787
0.024346	2.362357	-0.140953	-9.867846	-23.653307
0.025174	2.365696	-0.220452	-9.890103	-23.709738
0.026019	2.365819	-0.299951	-9.912594	-23.766077
0.026876	2.362518	-0.379449	-9.935326	-23.822320
0.027740	2.355622	-0.458944	-9.958309	-23.878465
0.028610	2.345984	-0.538436	-9.981550	-23.934509
0.029483	2.331472	-0.617921	-10.005059	-23.990451
0.030359	2.312972	-0.697396	-10.028843	-24.046290
0.031243	2.291381	-0.776856	-10.052913	-24.102028
0.032138	2.265613	-0.856297	-10.077279	-24.157665
0.033055	2.235739	-0.935712	-10.101949	-24.213204
0.034006	2.202356	-1.015093	-10.126935	-24.268651
0.035006	2.166171	-1.094432	-10.152247	-24.324010
0.036067	2.128863	-1.173719	-10.177895	-24.379288
0.037202	2.090083	-1.252944	-10.203891	-24.434494
0.038419	2.050451	-1.332095	-10.230246	-24.489635
0.039727	2.009538	-1.411160	-10.256972	-24.544722
0.041129	1.969863	-1.490125	-10.284079	-24.599764
0.042628	1.931883	-1.568977	-10.311580	-24.654774
0.044224	1.893987	-1.647701	-10.339488	-24.709762
0.045915	1.857496	-1.726282	-10.367814	-24.764740
0.047695	1.822660	-1.804704	-10.396571	-24.819722
0.049560	1.789669	-1.882952	-10.425771	-24.874719
0.051502	1.759654	-1.961007	-10.455427	-24.929745
0.053511	1.730700	-2.038854	-10.485552	-24.984812
0.055580	1.703849	-2.116474	-10.516159	-25.039933
0.057696	1.679112	-2.193849	-10.547261	-25.095121
0.059850	1.657473	-2.270962	-10.578870	-25.150389
0.062031	1.636902	-2.347794	-10.610999	-25.205747
0.064228	1.618353	-2.424326	-10.643662	-25.261209
0.066428	1.600753	-2.500540	-10.676871	-25.316784
0.068623	1.585942	-2.576416	-10.710639	-25.372484
0.070803	1.572752	-2.651937	-10.744978	-25.428318
0.072959	1.561033	-2.727083	-10.779900	-25.484296
0.075083	1.549648	-2.801836	-10.815417	-25.540426
0.077167	1.540477	-2.876176	-10.851542	-25.596715
0.079203	1.531410	-2.950086	-10.888284	-25.653172
0.081183	1.524352	-3.023546	-10.925655	-25.709802
0.083101	1.517215	-3.096539	-10.963666	-25.766610
0.084951	1.510924	-3.169047	-11.002325	-25.823602
0.086724	1.506411	-3.241051	-11.041643	-25.880782
0.088415	1.501617	-3.312534	-11.081627	-25.938153
0.090018	1.498489	-3.383480	-11.122286	-25.995717
0.091526	1.494981	-3.453871	-11.163626	-26.053475
0.092933	1.493053	-3.523691	-11.205656	-26.111429
0.094233	1.490670	-3.592926	-11.248380	-26.169578
0.095420	1.489804	-3.661559	-11.291803	-26.227920
0.096489	1.489428	-3.729578	-11.335930	-26.286455
0.097433	1.488522	-3.796968	-11.380764	-26.345178
0.098247	1.489069	-3.863717	-11.426308	-26.404088
0.098928	1.490054	-3.929813	-11.472563	-26.463179
0.099480	1.491451	-3.995245	-11.519531	-26.522446
0.099912	1.494234	-4.060005	-11.567211	-26.581884
0.100232	1.496381	-4.124083	-11.615603	-26.641484
0.100446	1.498872	-4.187471	-11.664706	-26.701240
0.100563	1.501689	-4.250163	-11.714518	-26.761144
0.100591	1.505816	-4.312153	-11.765035	-26.821188
0.100537	1.509237	-4.373435	-11.816255	-26.881363
0.100409	1.513939	-4.434005	-11.868175	-26.941660
0.100215	1.517906	-4.493859	-11.920790	-27.002068
0.099962	1.522125	-4.552994	-11.974095	-27.062579
0.099660	1.527581	-4.611408	-12.028086	-27.123182
0.099314	1.532261	-4.669099	-12.082758	-27.183867
0.098934	1.537148	-4.726065	-12.138106	-27.244625
0.098526	1.543226	-4.782306	-12.194123	-27.305445
0.098099	1.548477	-4.837821	-12.250804	-27.366316
0.097660	1.553884	-4.892610	-12.308145	-27.427228
0.097217	1.559425	-4.946673	-12.366137	-27.488171
0.096778	1.565077	-5.000011	-12.424776	-27.549134
0.096349	1.570818	-5.052623	-12.484056	-27.610108
0.095938	1.576626	-5.104511	-12.543971	-27.671082
0.095544	1.581500	-5.155674	-12.604516	-27.732047
0.095167	1.587445	-5.206114	-12.665683	-27.792993
0.094805	1.592464	-5.255830	-12.727468	-27.853910
0.094458	1.598563	-5.304823	-12.789865	-27.914789
0.094123	1.603747	-5.353094	-12.852869	-27.975620
0.093800	1.610019	-5.400643	-12.916474	-28.036394
0.093489	1.615387	-5.447471	-12.980675	-28.097102
0.093187	1.620856	-5.493577	-13.045467	-28.157733
0.092895	1.627431	-5.538964	-13.110844	-28.218280
0.092610	1.633119	-5.583631	-13.176801	-28.278732
0.092332	1.638926	-5.627580	-13.243333	-28.339081
0.092061	1.645859	-5.670812	-13.310435	-28.399317
0.091794	1.651926	-5.713327	-13.378103	-28.459430
0.091531	1.659133	-5.755127	-13.446330	-28.519411
0.091272	1.665489	-5.796213	-13.515113	-28.579251
0.091014	1.673001	-5.836587	-13.584447	-28.638940
0.090759	1.680677	-5.876251	-13.654326	-28.698469
0.090503	1.688528	-5.915206	-13.724747	-28.757827
0.090247	1.696561	-5.953456	-13.795704	-28.817005
0.089991	1.704782	-5.991002	-13.867194	-28.875992
0.089735	1.713174	-6.027847	-13.939212	-28.934779
0.089479	1.722718	-6.063994	-14.011752	-28.993356
0.089226	1.731391	-6.099447	-14.084812	-29.051712
0.088977	1.741172	-6.134208	-14.158386	-29.109836
0.088731	1.751038	-6.168282	-14.232471	-29.167719
0.088490	1.759965	-6.201672	-14.307062	-29.225349
0.088255	1.769931	-6.234383	-14.382155	-29.282717
0.088027	1.779911	-6.266417	-14.457746	-29.339812
0.087806	1.789879	-6.297779	-14.533830	-29.396625
0.087592	1.799811	-6.328474	-14.610403	-29.453144
0.087387	1.809682	-6.358506	-14.687461	-29.509359
0.087191	1.819464	-6.387878	-14.764999	-29.565261
0.087004	1.829132	-6.416596	-14.843014	-29.620839
0.086827	1.838659	-6.444664	-14.921501	-29.676084
0.086659	1.848017	-6.472085	-15.000456	-29.730987
0.086502	1.857180	-6.498863	-15.079874	-29.785537
0.086354	1.866119	-6.525004	-15.159750	-29.839725
0.086217	1.874807	-6.550511	-15.240081	-29.893544
0.086091	1.883217	-6.575387	-15.320861	-29.946982
0.085975	1.890329	-6.599637	-15.402086	-30.000033
0.085868	1.898165	-6.623263	-15.483752	-30.052688
0.085771	1.904754	-6.646269	-15.565852	-30.104940
0.085682	1.912126	-6.668657	-15.648383	-30.156780
0.085601	1.918314	-6.690431	-15.731340	-30.208201
0.085527	1.924347	-6.711593	-15.814717	-30.259196
0.085461	1.931257	-6.732145	-15.898509	-30.309757
0.085401	1.937077	-6.752091	-15.982711	-30.359878
0.085349	1.942837	-6.771433	-16.067319	-30.409552
0.085302	1.949571	-6.790173	-16.152326	-30.458771
0.085262	1.955309	-6.808314	-16.237728	-30.507529
0.085228	1.962084	-6.825858	-16.323520	-30.555819
0.085200	1.967929	-6.842809	-16.409697	-30.603634
0.085179	1.974876	-6.859169	-16.496253	-30.650967
0.085163	1.980956	-6.874940	-16.583184	-30.697810
0.085154	1.988202	-6.890126	-16.670484	-30.744157
0.085152	1.995647	-6.904729	-16.758149	-30.790001
0.085156	2.003322	-6.918754	-16.846173	-30.835334
0.085168	2.011259	-6.932205	-16.934551	-30.880148
0.085187	2.019490	-6.945084	-17.023279	-30.924437
0.085214	2.029036	-6.957396	-17.112352	-30.968191
0.085249	2.037877	-6.969145	-17.201765	-31.011402
0.085293	2.047983	-6.980338	-17.291514	-31.054063
0.085346	2.057322	-6.990978	-17.381593	-31.096164
0.085408	2.067865	-7.001071	-17.471999	-31.137697
0.085479	2.078580	-7.010622	-17.562726	-31.178653
0.085559	2.089437	-7.019638	-17.653769	-31.219023
0.085648	2.100407	-7.028124	-17.745126	-31.258798
0.085746	2.111457	-7.036087	-17.836789	-31.297969
0.085852	2.122559	-7.043533	-17.928756	-31.336526
0.085967	2.133682	-7.050468	-18.021021	-31.374461
0.086089	2.144797	-7.056899	-18.113579	-31.411765
0.086219	2.155875	-7.062833	-18.206426	-31.448428
0.086356	2.166886	-7.068275	-18.299557	-31.484442
0.086500	2.177801	-7.073234	-18.392967	-31.519798
0.086649	2.187594	-7.077714	-18.486651	-31.554486
0.086803	2.198236	-7.081723	-18.580603	-31.588500
0.086961	2.207701	-7.085266	-18.674819	-31.621829
0.087122	2.217961	-7.088351	-18.769293	-31.654466
0.087286	2.226990	-7.090982	-18.864019	-31.686403
0.087451	2.235769	-7.093167	-18.958992	-31.717633
0.087617	2.244301	-7.094910	-19.054207	-31.748147
0.087785	2.252596	-7.096217	-19.149657	-31.777938
0.087954	2.259662	-7.097093	-19.245337	-31.807000
0.088124	2.267510	-7.097544	-19.341241	-31.835326
0.088297	2.274148	-7.097574	-19.437361	-31.862908
0.088471	2.281585	-7.097187	-19.533693	-31.889741
0.088647	2.287830	-7.096388	-19.630230	-31.915818
0.088826	2.293892	-7.095183	-19.726965	-31.941133
0.089007	2.300779	-7.093574	-19.823892	-31.965681
0.089192	2.306499	-7.091566	-19.921004	-31.989454
0.089379	2.312060	-7.089164	-20.018295	-32.012448
0.089570	2.318472	-7.086371	-20.115758	-32.034656
0.089765	2.323742	-7.083192	-20.213386	-32.056073
0.089964	2.329877	-7.079631	-20.311172	-32.076694
0.090168	2.334886	-7.075691	-20.409109	-32.096513
0.090376	2.340776	-7.071377	-20.507190	-32.115524
0.090590	2.345556	-7.066692	-20.605409	-32.133722
0.090810	2.351231	-7.061641	-20.703757	-32.151102
0.091036	2.356811	-7.056227	-20.802228	-32.167658
0.091267	2.362298	-7.050456	-20.900815	-32.183386
0.091500	2.368687	-7.044329	-20.999510	-32.198280
0.091729	2.373969	-7.037854	-21.098305	-32.212333
0.091949	2.380136	-7.031034	-21.197194	-32.225542
0.092154	2.385180	-7.023874	-21.296169	-32.237901
0.092340	2.391095	-7.016378	-21.395222	-32.249406
0.092501	2.396875	-7.008551	-21.494345	-32.260051
0.092632	2.402515	-7.000398	-21.593531	-32.269832
0.092727	2.408010	-6.991925	-21.692772	-32.278747
0.092782	2.413354	-6.983137	-21.792059	-32.286790
0.092790	2.418542	-6.974038	-21.891386	-32.293960
0.092748	2.423571	-6.964634	-21.990744	-32.300255
0.092649	2.428436	-6.954931	-22.090124	-32.305671
0.092488	2.433131	-6.944933	-22.189520	-32.310210
0.092260	2.437652	-6.934647	-22.288922	-32.313870
0.091960	2.441993	-6.924077	-22.388323	-32.316651
0.091582	2.446147	-6.913230	-22.487714	-32.318557
0.091121	2.449108	-6.902111	-22.587089	-32.319587
0.090573	2.452868	-6.890724	-22.686438	-32.319747
0.089931	2.455417	-6.879077	-22.785755	-32.319041
0.089193	2.458751	-6.867173	-22.885032	-32.317473
0.088362	2.460879	-6.855018	-22.984261	-32.315051
0.087443	2.462818	-6.842618	-23.083435	-32.311781
0.086443	2.464581	-6.829978	-23.182548	-32.307673
0.085365	2.466184	-6.817103	-23.281593	-32.302736
0.084217	2.466640	-6.803998	-23.380563	-32.296980
0.083002	2.467962	-6.790667	-23.479453	-32.290417
0.081728	2.468167	-6.777116	-23.578257	-32.283058
0.080398	2.469269	-6.763349	-23.676969	-32.274917
0.079019	2.469283	-6.749371	-23.775586	-32.266005
0.077596	2.469227	-6.735188	-23.874101	-32.256337
0.076135	2.469119	-6.720802	-23.972512	-32.245927
0.074640	2.468979	-6.706220	-24.070814	-32.234790
0.073118	2.468828	-6.691445	-24.169005	-32.222941
0.071573	2.468689	-6.676483	-24.267080	-32.210394
0.070011	2.468590	-6.661337	-24.365037	-32.197165
0.068438	2.468560	-6.646013	-24.462874	-32.183271
0.066859	2.468629	-6.630515	-24.560589	-32.168725
0.065278	2.469834	-6.614848	-24.658181	-32.153545
0.063702	2.470214	-6.599018	-24.755647	-32.137745
0.062135	2.470802	-6.583029	-24.852988	-32.121341
0.060577	2.471594	-6.566885	-24.950203	-32.104349
0.059027	2.472575	-6.550593	-25.047290	-32.086783
0.057483	2.473727	-6.534157	-25.144251	-32.068659
0.055946	2.476030	-6.517582	-25.241085	-32.049992
0.054414	2.477462	-6.500873	-25.337792	-32.030797
0.052886	2.479000	-6.484036	-25.434374	-32.011088
0.051362	2.481616	-6.467075	-25.530831	-31.990880
0.049840	2.484279	-6.449995	-25.627165	-31.970188
0.048319	2.485955	-6.432802	-25.723376	-31.949027
0.046798	2.488605	-6.415500	-25.819466	-31.927410
0.045278	2.491185	-6.398095	-25.915438	-31.905353
0.043755	2.493645	-6.380590	-26.011292	-31.882869
0.042230	2.496927	-6.362992	-26.107032	-31.859974
0.040702	2.498967	-6.345305	-26.202660	-31.836682
0.039170	2.501687	-6.327532	-26.298178	-31.813007
0.037632	2.502999	-6.309680	-26.393588	-31.788964
0.036088	2.504799	-6.291751	-26.488895	-31.764568
0.034537	2.505962	-6.273749	-26.584101	-31.739833
0.032978	2.507342	-6.255679	-26.679208	-31.714773
0.031412	2.506783	-6.237543	-26.774222	-31.689405
0.029841	2.506191	-6.219346	-26.869144	-31.663742
0.028270	2.504480	-6.201090	-26.963979	-31.637800
0.026703	2.501545	-6.182778	-27.058731	-31.611594
0.025145	2.497262	-6.164412	-27.153403	-31.585139
0.023601	2.492481	-6.145995	-27.248000	-31.558449
0.022074	2.485023	-6.127529	-27.342524	-31.531540
0.020570	2.476671	-6.109015	-27.436981	-31.504426
0.019093	2.466168	-6.090456	-27.531374	-31.477123
0.017648	2.453198	-6.071852	-27.625708	-31.449643
0.016240	2.437381	-6.053205	-27.719985	-31.422002
0.014874	2.418255	-6.034516	-27.814211	-31.394212
0.013556	2.395259	-6.015786	-27.908388	-31.366288
0.012290	2.367707	-5.997016	-28.002522	-31.338243
0.011083	2.334770	-5.978205	-28.096615	-31.310088
0.009941	2.295453	-5.959356	-28.190671	-31.281837
0.008868	2.248578	-5.940468	-28.284693	-31.253500
0.007873	2.192797	-5.921541	-28.378686	-31.225089
0.006961	2.126649	-5.902577	-28.472652	-31.196614
0.006139	2.047722	-5.883576	-28.566594	-31.168086
0.005411	1.956732	-5.864538	-28.660515	-31.139513
0.004779	1.850024	-5.845463	-28.754417	-31.110904
0.004244	1.727202	-5.826354	-28.848304	-31.082267
0.003806	1.587902	-5.807210	-28.942178	-31.053609
0.003465	1.433559	-5.788033	-29.036040	-31.024938
0.003218	1.267964	-5.768823	-29.129893	-30.996258
0.003059	1.097048	-5.749581	-29.223739	-30.967575
0.002976	0.927646	-5.730310	-29.317580	-30.938896
0.002956	0.765749	-5.711010	-29.411417	-30.910224
0.002985	0.615252	-5.691683	-29.505253	-30.881563
0.003049	0.478731	-5.672331	-29.599087	-30.852918
0.003139	0.354003	-5.652955	-29.692923	-30.824292
0.003247	0.240893	-5.633557	-29.786761	-30.795689
0.003369	0.138875	-5.614139	-29.880602	-30.767110
0.003502	0.044456	-5.594702	-29.974448	-30.738560
0.003645	-0.041631	-5.575250	-30.068301	-30.710041
0.003799	-0.120358	-5.555784	-30.162160	-30.681554
0.003965	-0.194410	-5.536307	-30.256028	-30.653102
0.004145	-0.262219	-5.516820	-30.349905	-30.624688
0.004341	-0.325019	-5.497325	-30.443792	-30.596314
0.004554	-0.381918	-5.477826	-30.537691	-30.567981
0.004784	-0.434040	-5.458325	-30.631603	-30.539691
0.005029	-0.481586	-5.438823	-30.725528	-30.511448
0.005287	-0.523811	-5.419323	-30.819468	-30.483252
0.005559	-0.561993	-5.399828	-30.913424	-30.455107
0.005842	-0.596422	-5.380339	-31.007398	-30.427014
0.006136	-0.627384	-5.360860	-31.101389	-30.398976
0.006440	-0.654155	-5.341392	-31.195400	-30.370995
0.006752	-0.677994	-5.321937	-31.289432	-30.343073
0.007072	-0.699140	-5.302498	-31.383485	-30.315214
0.007400	-0.717814	-5.283078	-31.477560	-30.287419
0.007735	-0.733217	-5.263677	-31.571660	-30.259691
0.008075	-0.747530	-5.244298	-31.665785	-30.232032
0.008421	-0.758920	-5.224944	-31.759936	-30.204447
0.008772	-0.769532	-5.205615	-31.854115	-30.176936
0.009127	-0.777501	-5.186315	-31.948322	-30.149504
0.009486	-0.784946	-5.167045	-32.042558	-30.122152
0.009848	-0.789974	-5.147806	-32.136826	-30.094885
0.010213	-0.794682	-5.128601	-32.231125	-30.067704
0.010581	-0.798155	-5.109431	-32.325457	-30.040613
0.010952	-0.800482	-5.090298	-32.419824	-30.013616
0.011324	-0.801775	-5.071203	-32.514226	-29.986714
0.011698	-0.802144	-5.052148	-32.608664	-29.959913
0.012073	-0.802687	-5.033134	-32.703140	-29.933214
0.012450	-0.801490	-5.014163	-32.797654	-29.906621
0.012827	-0.800631	-4.995236	-32.892208	-29.880139
0.013206	-0.798177	-4.976353	-32.986802	-29.853769
0.013586	-0.796191	-4.957517	-33.081438	-29.827515
0.013966	-0.792727	-4.938728	-33.176116	-29.801382
0.014347	-0.788835	-4.919987	-33.270839	-29.775372
0.014728	-0.785560	-4.901296	-33.365605	-29.749490
0.015110	-0.780941	-4.882654	-33.460417	-29.723738
0.015493	-0.776016	-4.864063	-33.555276	-29.698122
0.015875	-0.770817	-4.845522	-33.650182	-29.672643
0.016258	-0.764373	-4.827034	-33.745135	-29.647307
0.016642	-0.757713	-4.808598	-33.840138	-29.622116
0.017025	-0.750861	-4.790214	-33.935191	-29.597076
0.017409	-0.742840	-4.771882	-34.030294	-29.572189
0.017793	-0.734671	-4.753603	-34.125449	-29.547461
0.018177	-0.725371	-4.735377	-34.220655	-29.522894
0.000000	0.000000	-4.735377	-34.220655	-29.522894
