0.047882	-1.128783	0.000000	0.000000	0.000000
0.043632	-1.068870	0.099999	0.000205	-0.000433
0.039557	-0.997690	0.199995	0.000620	-0.001248
0.035718	-0.912761	0.299986	0.001249	-0.002396
0.032184	-0.811244	0.399972	0.002096	-0.003826
0.029041	-0.690268	0.499953	0.003166	-0.005489
0.026386	-0.548742	0.599927	0.004459	-0.007338
0.024319	-0.384772	0.699896	0.005977	-0.009324
0.022922	-0.204328	0.799859	0.007721	-0.011401
0.022232	-0.014865	0.899817	0.009688	-0.013525
0.022213	0.172548	0.999771	0.011879	-0.015651
0.022760	0.347987	1.099720	0.014288	-0.017740
0.023726	0.505601	1.199665	0.016911	-0.019751
0.024957	0.643947	1.299607	0.019741	-0.021647
0.026315	0.763576	1.399546	0.022771	-0.023393
0.027687	0.868416	1.499482	0.025991	-0.024957
0.028983	0.962725	1.599415	0.029390	-0.026310
0.030138	1.047597	1.699345	0.032954	-0.027424
0.031100	1.126824	1.799273	0.036668	-0.028278
0.031832	1.202931	1.899197	0.040516	-0.028851
0.032313	1.278271	1.999118	0.044478	-0.029126
0.032537	1.355051	2.099036	0.048534	-0.029092
0.032549	1.434989	2.198950	0.052658	-0.028741
0.032407	1.518423	2.298861	0.056826	-0.028066
0.032179	1.608366	2.398768	0.061011	-0.027068
0.031935	1.703431	2.498673	0.065184	-0.025749
0.031750	1.805704	2.598574	0.069314	-0.024113
0.031700	1.912608	2.698473	0.073369	-0.022168
0.031854	2.024819	2.798370	0.077319	-0.019925
0.032270	2.138304	2.898265	0.081128	-0.017396
0.032988	2.251536	2.998160	0.084763	-0.014595
0.034028	2.362843	3.098054	0.088190	-0.011538
0.035389	2.467799	3.197949	0.091375	-0.008242
0.037050	2.565527	3.297845	0.094283	-0.004725
0.038974	2.654833	3.397742	0.096880	-0.001008
0.041115	2.736172	3.497641	0.099132	0.002892
0.043422	2.807521	3.597541	0.101006	0.006953
0.045841	2.870205	3.697442	0.102470	0.011156
0.048323	2.924752	3.797343	0.103491	0.015481
0.050815	2.972767	3.897243	0.104041	0.019908
0.053271	3.012859	3.997141	0.104090	0.024420
0.055651	3.046709	4.097035	0.103610	0.029000
0.057936	3.076365	4.196923	0.102576	0.033630
0.060114	3.100786	4.296801	0.100964	0.038297
0.062181	3.121749	4.396666	0.098751	0.042986
0.064136	3.139890	4.496516	0.095917	0.047686
0.065979	-3.126453	4.596345	0.092441	0.052384
0.067715	-3.112471	4.696149	0.088307	0.057070
0.069347	-3.099980	4.795925	0.083496	0.061733
0.070882	-3.087662	4.895666	0.077994	0.066364
0.072327	-3.077242	4.995367	0.071785	0.070954
0.073688	-3.067479	5.095023	0.064856	0.075493
0.074974	-3.057156	5.194629	0.057194	0.079974
0.076193	-3.048079	5.294177	0.048787	0.084387
0.077353	-3.038073	5.393662	0.039626	0.088725
0.078465	-3.028975	5.493077	0.029698	0.092977
0.079538	-3.018638	5.592416	0.018995	0.097137
0.080581	-3.008922	5.691671	0.007508	0.101193
0.081606	-2.997701	5.790836	-0.004772	0.105136
0.082622	-2.986859	5.889903	-0.017852	0.108956
0.083641	-2.974287	5.988865	-0.031742	0.112643
0.084674	-2.960919	6.087715	-0.046446	0.116183
0.085722	-2.947812	6.186444	-0.061974	0.119564
0.086787	-2.933049	6.285045	-0.078332	0.122772
0.087869	-2.917711	6.383509	-0.095526	0.125793
0.088967	-2.901872	6.481829	-0.113562	0.128611
0.090082	-2.886605	6.579995	-0.132447	0.131209
0.091215	-2.869980	6.677999	-0.152186	0.133571
0.092364	-2.854062	6.775832	-0.172784	0.135680
0.093529	-2.836911	6.873484	-0.194247	0.137517
0.094709	-2.820585	6.970947	-0.216578	0.139065
0.095903	-2.803139	7.068209	-0.239782	0.140304
0.097109	-2.786622	7.165263	-0.263863	0.141215
0.098327	-2.770081	7.262096	-0.288823	0.141778
0.099554	-2.752559	7.358699	-0.314666	0.141975
0.100788	-2.736097	7.455060	-0.341394	0.141784
0.102027	-2.720729	7.551170	-0.369008	0.141185
0.103268	-2.704490	7.647017	-0.397511	0.140160
0.104509	-2.688408	7.742588	-0.426903	0.138687
0.105745	-2.673510	7.837873	-0.457185	0.136746
0.106975	-2.657821	7.932860	-0.488357	0.134319
0.108196	-2.643359	8.027536	-0.520417	0.131385
0.109405	-2.629125	8.121888	-0.553367	0.127924
0.110605	-2.615120	8.215904	-0.587203	0.123919
0.111793	-2.601345	8.309572	-0.621924	0.119349
0.112971	-2.587798	8.402876	-0.657528	0.114196
0.114137	-2.575480	8.495806	-0.694011	0.108442
0.115291	-2.562391	8.588346	-0.731371	0.102070
0.116433	-2.549532	8.680482	-0.769604	0.095061
0.117562	-2.537903	8.772202	-0.808705	0.087398
0.118678	-2.525505	8.863489	-0.848669	0.079064
0.119781	-2.514338	8.954330	-0.889491	0.070042
0.120869	-2.502403	9.044711	-0.931166	0.060316
0.121943	-2.490700	9.134616	-0.973686	0.049870
0.123001	-2.479231	9.224030	-1.017046	0.038688
0.124043	-2.467995	9.312938	-1.061237	0.026753
0.125068	-2.456994	9.401326	-1.106251	0.014050
0.126075	-2.446229	9.489177	-1.152080	0.000564
0.127064	-2.435700	9.576477	-1.198715	-0.013718
0.128034	-2.425408	9.663209	-1.246146	-0.028812
0.128984	-2.414354	9.749358	-1.294364	-0.044732
0.129913	-2.403538	9.834908	-1.343357	-0.061490
0.130819	-2.392961	9.919844	-1.393114	-0.079101
0.131700	-2.382618	10.004150	-1.443622	-0.097578
0.132552	-2.372508	10.087811	-1.494869	-0.116933
0.133375	-2.362629	10.170810	-1.546843	-0.137179
0.134164	-2.351977	10.253132	-1.599529	-0.158326
0.134919	-2.341551	10.334762	-1.652913	-0.180386
0.135637	-2.332347	10.415685	-1.706980	-0.203370
0.136314	-2.321361	10.495885	-1.761715	-0.227287
0.136950	-2.311592	10.575348	-1.817101	-0.252148
0.137541	-2.302036	10.654059	-1.873121	-0.277962
0.138085	-2.291690	10.732003	-1.929759	-0.304736
0.138580	-2.282551	10.809167	-1.986996	-0.332480
0.139024	-2.272615	10.885536	-2.044815	-0.361198
0.139413	-2.262881	10.961098	-2.103196	-0.390898
0.139747	-2.253346	11.035839	-2.162120	-0.421586
0.140022	-2.244005	11.109746	-2.221568	-0.453266
0.140236	-2.233858	11.182809	-2.281519	-0.485942
0.140386	-2.224901	11.255015	-2.341952	-0.519618
0.140472	-2.216133	11.326353	-2.402848	-0.554297
0.140491	-2.206542	11.396813	-2.464184	-0.589979
0.140455	-2.197079	11.466385	-2.525940	-0.626667
0.140374	-2.187690	11.535060	-2.588093	-0.664359
0.140261	-2.178319	11.602830	-2.650621	-0.703056
0.140128	-2.168917	11.669686	-2.713502	-0.742758
0.139987	-2.159432	11.735622	-2.776714	-0.783462
0.139851	-2.149816	11.800628	-2.840233	-0.825168
0.139732	-2.139022	11.864700	-2.904038	-0.867874
0.139643	-2.128006	11.927831	-2.968103	-0.911579
0.139597	-2.117725	11.990014	-3.032406	-0.956283
0.139608	-2.105140	12.051244	-3.096923	-1.001983
0.139687	-2.093214	12.111515	-3.161627	-1.048681
0.139850	-2.080915	12.170822	-3.226495	-1.096376
0.140109	-2.067212	12.229160	-3.291500	-1.145070
0.140479	-2.053082	12.286523	-3.356615	-1.194764
0.140974	-2.038507	12.342905	-3.421814	-1.245461
0.141608	-2.022472	12.398302	-3.487067	-1.297164
0.142395	-2.005971	12.452708	-3.552345	-1.349878
0.143351	-1.989004	12.506117	-3.617617	-1.403610
0.144490	-1.970577	12.558523	-3.682850	-1.458365
0.145822	-1.951736	12.609921	-3.748012	-1.514152
0.147327	-1.932652	12.660304	-3.813067	-1.570980
0.148979	-1.912515	12.709664	-3.877979	-1.628860
0.150751	-1.893499	12.757996	-3.942708	-1.687802
0.152614	-1.873763	12.805292	-4.007217	-1.747816
0.154540	-1.854448	12.851544	-4.071465	-1.808914
0.156497	-1.836681	12.896746	-4.135412	-1.871103
0.158456	-1.818574	12.940889	-4.199018	-1.934394
0.160384	-1.803224	12.983966	-4.262241	-1.998793
0.162251	-1.788723	13.025967	-4.325043	-2.064304
0.164023	-1.776150	13.066885	-4.387386	-2.130932
0.165668	-1.765580	13.106708	-4.449231	-2.198676
0.167156	-1.757086	13.145426	-4.510546	-2.267534
0.168453	-1.751740	13.183027	-4.571297	-2.337501
0.169528	-1.748617	13.219498	-4.631458	-2.408568
0.170351	-1.748796	13.254824	-4.691003	-2.480724
0.170891	-1.751366	13.288990	-4.749912	-2.553953
0.171119	-1.757428	13.321979	-4.808169	-2.628235
0.171006	-1.766100	13.353773	-4.865764	-2.703548
0.170528	-1.777520	13.384354	-4.922690	-2.779864
0.169669	-1.792800	13.413705	-4.978948	-2.857153
0.168458	-1.810866	13.441807	-5.034543	-2.935380
0.166936	-1.831604	13.468642	-5.089487	-3.014507
0.165143	-1.852908	13.494195	-5.143795	-3.094492
0.163119	-1.876673	13.518451	-5.197487	-3.175294
0.160903	-1.901789	13.541398	-5.250584	-3.256866
0.158534	-1.927138	13.563027	-5.303112	-3.339165
0.156050	-1.952590	13.583330	-5.355097	-3.422142
0.153485	-1.978995	13.602305	-5.406567	-3.505754
0.150874	-2.006184	13.619947	-5.457548	-3.589954
0.148247	-2.031961	13.636259	-5.508072	-3.674696
0.145634	-2.058101	13.651243	-5.558166	-3.759938
0.143059	-2.084349	13.664903	-5.607857	-3.845636
0.140545	-2.108416	13.677247	-5.657174	-3.931749
0.138111	-2.131980	13.688283	-5.706141	-4.018238
0.135773	-2.153685	13.698019	-5.754783	-4.105067
0.133543	-2.174143	13.706469	-5.803120	-4.192200
0.131432	-2.190937	13.713642	-5.851173	-4.279604
0.129449	-2.205620	13.719552	-5.898955	-4.367250
0.127600	-2.216727	13.724211	-5.946480	-4.455112
0.125891	-2.223863	13.727634	-5.993755	-4.543165
0.124308	-2.227000	13.729834	-6.040784	-4.631389
0.122838	-2.226222	13.730826	-6.087566	-4.719766
0.121472	-2.221632	13.730623	-6.134096	-4.808281
0.120203	-2.213357	13.729241	-6.180365	-4.896922
0.119028	-2.202539	13.726694	-6.226361	-4.985680
0.117944	-2.188338	13.722998	-6.272068	-5.074546
0.116950	-2.169931	13.718167	-6.317469	-5.163515
0.116046	-2.149509	13.712218	-6.362541	-5.252583
0.115231	-2.126280	13.705167	-6.407262	-5.341747
0.114506	-2.100460	13.697032	-6.451605	-5.431008
0.113869	-2.073280	13.687831	-6.495542	-5.520367
0.113318	-2.042977	13.677581	-6.539044	-5.609823
0.112849	-2.011796	13.666304	-6.582081	-5.699381
0.112456	-1.977984	13.654019	-6.624620	-5.789044
0.112132	-1.943790	13.640749	-6.666629	-5.878817
0.111867	-1.909457	13.626517	-6.708074	-5.968705
0.111649	-1.874228	13.611345	-6.748922	-6.058712
0.111466	-1.839336	13.595260	-6.789142	-6.148843
0.111300	-1.806005	13.578286	-6.828700	-6.239104
0.111136	-1.773420	13.560450	-6.867569	-6.329498
0.110965	-1.742637	13.541776	-6.905719	-6.420029
0.110776	-1.712678	13.522291	-6.943126	-6.510699
0.110563	-1.685561	13.502020	-6.979764	-6.601511
0.110317	-1.660303	13.480988	-7.015613	-6.692464
0.110028	-1.637919	13.459219	-7.050654	-6.783559
0.109690	-1.616420	13.436736	-7.084869	-6.874793
0.109294	-1.597821	13.413559	-7.118246	-6.966166
0.108832	-1.580134	13.389710	-7.150771	-7.057672
0.108296	-1.565373	13.365210	-7.182435	-7.149308
0.107679	-1.552554	13.340076	-7.213229	-7.241068
0.106975	-1.541694	13.314325	-7.243148	-7.332947
0.106175	-1.531816	13.287974	-7.272189	-7.424938
0.105274	-1.523943	13.261039	-7.300349	-7.517033
0.104264	-1.518108	13.233534	-7.327630	-7.609224
0.103141	-1.513346	13.205472	-7.354034	-7.701503
0.101897	-1.509703	13.176866	-7.379564	-7.793860
0.100528	-1.508233	13.147730	-7.404228	-7.886287
0.099029	-1.507000	13.118073	-7.428033	-7.978774
0.097395	-1.508084	13.087908	-7.450990	-8.071311
0.095624	-1.509560	13.057245	-7.473111	-8.163887
0.093725	-1.512450	13.026095	-7.494410	-8.256494
0.091710	-1.516767	12.994469	-7.514902	-8.349122
0.089592	-1.521535	12.962375	-7.534605	-8.441760
0.087382	-1.528789	12.929824	-7.553537	-8.534399
0.085095	-1.536572	12.896825	-7.571719	-8.627030
0.082742	-1.545937	12.863386	-7.589173	-8.719643
0.080339	-1.556944	12.829517	-7.605920	-8.812230
0.077900	-1.569662	12.795224	-7.621986	-8.904782
0.075438	-1.584162	12.760515	-7.637395	-8.997291
0.072969	-1.600522	12.725397	-7.652172	-9.089749
0.070508	-1.617818	12.689877	-7.666343	-9.182147
0.068069	-1.638123	12.653959	-7.679936	-9.274479
0.065668	-1.660504	12.617650	-7.692976	-9.366737
0.063321	-1.684013	12.580954	-7.705492	-9.458915
0.061042	-1.710679	12.543876	-7.717511	-9.551006
0.058847	-1.738503	12.506420	-7.729059	-9.643004
0.056748	-1.769444	12.468589	-7.740165	-9.734904
0.054761	-1.801409	12.430387	-7.750855	-9.826699
0.052896	-1.836245	12.391816	-7.761155	-9.918384
0.051164	-1.871753	12.352878	-7.771091	-10.009954
0.049567	-1.909786	12.313576	-7.780688	-10.101405
0.048109	-1.949183	12.273912	-7.789971	-10.192732
0.046789	-1.988737	12.233886	-7.798964	-10.283930
0.045607	-2.030198	12.193500	-7.807688	-10.374995
0.044562	-2.072276	12.152755	-7.816168	-10.465923
0.043651	-2.114649	12.111652	-7.824422	-10.556711
0.042869	-2.156970	12.070191	-7.832474	-10.647354
0.042211	-2.198880	12.028372	-7.840341	-10.737848
0.041669	-2.240017	11.986196	-7.848043	-10.828191
0.041236	-2.280028	11.943662	-7.855597	-10.918379
0.040902	-2.318584	11.900770	-7.863021	-11.008408
0.040658	-2.355383	11.857521	-7.870331	-11.098275
0.040494	-2.391159	11.813914	-7.877540	-11.187977
0.040398	-2.423684	11.769949	-7.884665	-11.277510
0.040361	-2.454769	11.725625	-7.891717	-11.366873
0.040373	-2.483265	11.680942	-7.898709	-11.456061
0.040422	-2.508055	11.635899	-7.905652	-11.545072
0.040501	-2.531052	11.590497	-7.912556	-11.633903
0.040601	-2.552194	11.544734	-7.919430	-11.722552
0.040713	-2.569472	11.498611	-7.926282	-11.811014
0.040832	-2.584031	11.452127	-7.933120	-11.899290
0.040952	-2.597059	11.405282	-7.939948	-11.987374
0.041069	-2.606742	11.358075	-7.946773	-12.075266
0.041180	-2.615267	11.310508	-7.953598	-12.162963
0.041283	-2.621820	11.262578	-7.960426	-12.250462
0.041377	-2.625580	11.214288	-7.967260	-12.337762
0.041459	-2.628725	11.165636	-7.974101	-12.424861
0.041531	-2.629427	11.116622	-7.980951	-12.511756
0.041591	-2.629856	11.067248	-7.987810	-12.598446
0.041639	-2.628178	11.017514	-7.994678	-12.684929
0.041675	-2.625556	10.967419	-8.001554	-12.771203
0.041700	-2.622152	10.916964	-8.008436	-12.857267
0.041713	-2.618124	10.866151	-8.015324	-12.943119
0.041714	-2.613631	10.814979	-8.022216	-13.028757
0.041703	-2.607829	10.763449	-8.029109	-13.114181
0.041681	-2.602875	10.711563	-8.036001	-13.199388
0.041646	-2.595924	10.659321	-8.042890	-13.284378
0.041598	-2.590132	10.606724	-8.049773	-13.369150
0.041537	-2.583656	10.553775	-8.056647	-13.453702
0.041462	-2.577631	10.500473	-8.063509	-13.538034
0.041375	-2.571095	10.446821	-8.070358	-13.622144
0.041274	-2.566064	10.392821	-8.077190	-13.706033
0.041163	-2.560556	10.338473	-8.084002	-13.789698
0.041041	-2.554590	10.283781	-8.090794	-13.873141
0.040909	-2.550186	10.228745	-8.097561	-13.956359
0.040769	-2.545365	10.173368	-8.104303	-14.039353
0.040622	-2.541150	10.117653	-8.111018	-14.122121
0.040468	-2.537565	10.061600	-8.117703	-14.204665
0.040308	-2.534633	10.005213	-8.124357	-14.286983
0.040145	-2.533380	9.948494	-8.130979	-14.369075
0.039978	-2.531833	9.891445	-8.137569	-14.450940
0.039810	-2.531016	9.834068	-8.144126	-14.532579
0.039642	-2.530958	9.776366	-8.150649	-14.613991
0.039474	-2.532686	9.718341	-8.157140	-14.695176
0.039309	-2.534224	9.659995	-8.163598	-14.776133
0.039149	-2.537600	9.601330	-8.170023	-14.856862
0.038995	-2.541838	9.542349	-8.176419	-14.937362
0.038848	-2.547963	9.483054	-8.182785	-15.017634
0.038711	-2.554995	9.423446	-8.189125	-15.097676
0.038586	-2.562935	9.363528	-8.195441	-15.177488
0.038472	-2.571711	9.303302	-8.201736	-15.257069
0.038370	-2.582229	9.242768	-8.208014	-15.336418
0.038278	-2.593394	9.181930	-8.214278	-15.415535
0.038198	-2.605111	9.120789	-8.220533	-15.494419
0.038127	-2.618282	9.059346	-8.226784	-15.573068
0.038066	-2.631811	8.997603	-8.233034	-15.651482
0.038013	-2.645602	8.935562	-8.239289	-15.729659
0.037967	-2.659559	8.873223	-8.245555	-15.807599
0.037927	-2.674589	8.810590	-8.251836	-15.885302
0.037892	-2.688598	8.747663	-8.258138	-15.962764
0.037859	-2.703496	8.684444	-8.264466	-16.039987
0.037828	-2.718195	8.620935	-8.270826	-16.116968
0.037795	-2.731610	8.557138	-8.277223	-16.193708
0.037759	-2.745655	8.493054	-8.283662	-16.270205
0.037717	-2.759252	8.428685	-8.290148	-16.346458
0.037667	-2.772319	8.364033	-8.296686	-16.422468
0.037606	-2.784780	8.299101	-8.303281	-16.498232
0.037532	-2.796560	8.233890	-8.309937	-16.573752
0.037441	-2.807582	8.168402	-8.316659	-16.649026
0.037332	-2.817792	8.102641	-8.323449	-16.724055
0.037203	-2.827209	8.036608	-8.330312	-16.798838
0.037056	-2.834869	7.970305	-8.337251	-16.873376
0.036891	-2.842809	7.903737	-8.344267	-16.947668
0.036708	-2.849059	7.836904	-8.351365	-17.021715
0.036507	-2.855650	7.769810	-8.358544	-17.095518
0.036291	-2.860612	7.702458	-8.365807	-17.169077
0.036058	-2.865970	7.634850	-8.373155	-17.242393
0.035811	-2.869751	7.566990	-8.380590	-17.315466
0.035550	-2.872979	7.498880	-8.388111	-17.388298
0.035275	-2.875677	7.430523	-8.395720	-17.460889
0.034989	-2.877868	7.361923	-8.403416	-17.533241
0.034691	-2.879573	7.293082	-8.411200	-17.605354
0.034383	-2.880814	7.224003	-8.419071	-17.677230
0.034067	-2.880612	7.154689	-8.427029	-17.748870
0.033742	-2.880989	7.085144	-8.435072	-17.820276
0.033411	-2.879965	7.015370	-8.443200	-17.891448
0.033073	-2.879562	6.945371	-8.451412	-17.962389
0.032732	-2.877802	6.875148	-8.459706	-18.033100
0.032387	-2.875707	6.804706	-8.468082	-18.103582
0.032039	-2.873307	6.734047	-8.476537	-18.173838
0.031691	-2.870654	6.663174	-8.485070	-18.243868
0.031343	-2.867807	6.592090	-8.493680	-18.313674
0.030997	-2.864830	6.520797	-8.502363	-18.383258
0.030654	-2.861788	6.449299	-8.511119	-18.452622
0.030316	-2.858752	6.377598	-8.519946	-18.521767
0.029983	-2.854794	6.305696	-8.528841	-18.590695
0.029656	-2.851990	6.233598	-8.537804	-18.659407
0.029338	-2.849422	6.161304	-8.546832	-18.727906
0.029029	-2.847171	6.088818	-8.555924	-18.796193
0.028730	-2.845325	6.016142	-8.565078	-18.864270
0.028443	-2.843974	5.943278	-8.574294	-18.932137
0.028169	-2.843210	5.870230	-8.583570	-18.999797
0.027909	-2.843127	5.796999	-8.592905	-19.067251
0.027664	-2.844821	5.723587	-8.602299	-19.134501
0.027437	-2.846388	5.649997	-8.611751	-19.201547
0.027227	-2.849924	5.576231	-8.621262	-19.268391
0.027038	-2.854524	5.502291	-8.630831	-19.335034
0.026870	-2.860280	5.428179	-8.640461	-19.401477
0.026725	-2.868278	5.353897	-8.650150	-19.467721
0.026605	-2.876571	5.279447	-8.659902	-19.533767
0.026509	-2.887089	5.204830	-8.669718	-19.599615
0.026435	-2.899727	5.130049	-8.679601	-19.665267
0.026381	-2.912375	5.055105	-8.689553	-19.730722
0.026347	-2.926922	4.980000	-8.699577	-19.795981
0.026329	-2.942256	4.904736	-8.709678	-19.861044
0.026327	-2.958267	4.829314	-8.719858	-19.925912
0.026339	-2.974843	4.753736	-8.730121	-19.990586
0.026362	-2.991880	4.678004	-8.740472	-20.055064
0.026394	-3.009276	4.602119	-8.750915	-20.119348
0.026434	-3.027935	4.526083	-8.761454	-20.183438
0.026478	-3.045765	4.449899	-8.772093	-20.247335
0.026524	-3.063684	4.373567	-8.782838	-20.311037
0.026570	-3.082614	4.297090	-8.793692	-20.374547
0.026612	-3.100486	4.220471	-8.804661	-20.437864
0.026648	-3.118237	4.143709	-8.815748	-20.500990
0.026675	-3.135812	4.066809	-8.826958	-20.563924
0.026689	3.129022	3.989772	-8.838295	-20.626667
0.026688	3.111938	3.912600	-8.849763	-20.689221
0.026667	3.095156	3.835296	-8.861366	-20.751587
0.026625	3.079690	3.757863	-8.873107	-20.813765
0.026560	3.063492	3.680302	-8.884991	-20.875758
0.026472	3.047495	3.602616	-8.897019	-20.937566
0.026360	3.032635	3.524808	-8.909196	-20.999191
0.026225	3.016847	3.446881	-8.921522	-21.060636
0.026067	3.002064	3.368838	-8.934002	-21.121902
0.025885	2.987219	3.290682	-8.946637	-21.182992
0.025680	2.972240	3.212416	-8.959428	-21.243908
0.025451	2.958056	3.134042	-8.972378	-21.304652
0.025199	2.942591	3.055565	-8.985487	-21.365228
0.024924	2.926763	2.976987	-8.998758	-21.425638
0.024627	2.911488	2.898311	-9.012191	-21.485886
0.024308	2.895674	2.819543	-9.025787	-21.545975
0.023967	2.879223	2.740684	-9.039546	-21.605908
0.023605	2.862029	2.661739	-9.053470	-21.665689
0.023224	2.843975	2.582711	-9.067558	-21.725322
0.022823	2.825937	2.503604	-9.081811	-21.784812
0.022404	2.805775	2.424423	-9.096228	-21.844162
0.021969	2.785337	2.345171	-9.110809	-21.903378
0.021518	2.763456	2.265852	-9.125555	-21.962463
0.021056	2.739973	2.186471	-9.140464	-22.021424
0.020588	2.715820	2.107032	-9.155537	-22.080264
0.020124	2.688981	2.027539	-9.170772	-22.138991
0.019671	2.661481	1.947997	-9.186169	-22.197608
0.019237	2.631391	1.868410	-9.201727	-22.256123
0.018831	2.600848	1.788784	-9.217446	-22.314539
0.018460	2.569057	1.709121	-9.233325	-22.372863
0.018130	2.536303	1.629427	-9.249365	-22.431101
0.017848	2.502953	1.549706	-9.265563	-22.489257
0.017619	2.469455	1.469962	-9.281922	-22.547337
0.017448	2.436326	1.390199	-9.298441	-22.605346
0.017339	2.403140	1.310421	-9.315120	-22.663288
0.017294	2.372501	1.230632	-9.331961	-22.721168
0.017316	2.344021	1.150835	-9.348964	-22.778990
0.017405	2.317287	1.071034	-9.366132	-22.836756
0.017563	2.294836	0.991231	-9.383466	-22.894471
0.017789	2.275128	0.911429	-9.400968	-22.952137
0.018085	2.259536	0.831630	-9.418642	-23.009755
0.018452	2.248325	0.751837	-9.436490	-23.067326
0.018892	2.240655	0.672051	-9.454517	-23.124852
0.019404	2.237476	0.592273	-9.472727	-23.182331
0.019982	2.238251	0.512505	-9.491125	-23.239764
0.020616	2.242333	0.432746	-9.509716	-23.297148
0.021300	2.249095	0.352997	-9.528507	-23.354480
0.022025	2.256957	0.273258	-9.547504	-23.411758
0.022783	2.266402	0.193528	-9.566713	-23.468979
0.023567	2.276975	0.113807	-9.586141	-23.526137
0.024370	2.289287	0.034094	-9.605795	-23.583230
0.025182	2.300010	-0.045612	-9.625682	-23.640251
0.025995	2.311873	-0.125312	-9.645810	-23.697197
0.026802	2.323655	-0.205007	-9.666184	-23.754062
0.027592	2.335176	-0.284698	-9.686812	-23.810841
0.028357	2.346293	-0.364386	-9.707700	-23.867528
0.029086	2.356891	-0.444074	-9.728855	-23.924118
0.029771	2.366877	-0.523761	-9.750282	-23.980605
0.030401	2.377178	-0.603449	-9.771986	-24.036985
0.030967	2.385730	-0.683139	-9.793973	-24.093253
0.031458	2.393480	-0.762832	-9.816247	-24.149404
0.031865	2.401377	-0.842528	-9.838811	-24.205433
0.032176	2.408370	-0.922230	-9.861668	-24.261338
0.032384	2.414433	-1.001936	-9.884820	-24.317113
0.032491	2.419650	-1.081648	-9.908267	-24.372757
0.032502	2.424114	-1.161365	-9.932011	-24.428267
0.032420	2.428903	-1.241088	-9.956050	-24.483642
0.032251	2.433080	-1.320817	-9.980383	-24.538880
0.031999	2.436696	-1.400551	-10.005008	-24.593980
0.031668	2.438795	-1.480291	-10.029921	-24.648942
0.031264	2.441412	-1.560036	-10.055120	-24.703767
0.030791	2.444576	-1.639786	-10.080599	-24.758455
0.030254	2.446310	-1.719540	-10.106355	-24.813007
0.029657	2.447634	-1.799299	-10.132381	-24.867424
0.029006	2.448562	-1.879060	-10.158673	-24.921708
0.028305	2.449106	-1.958825	-10.185224	-24.975862
0.027559	2.450274	-2.038592	-10.212027	-25.029889
0.026773	2.450073	-2.118360	-10.239076	-25.083790
0.025952	2.449508	-2.198130	-10.266364	-25.137569
0.025100	2.448581	-2.277900	-10.293882	-25.191230
0.024222	2.448294	-2.357670	-10.321623	-25.244776
0.023324	2.446649	-2.437439	-10.349580	-25.298211
0.022410	2.444648	-2.517206	-10.377744	-25.351539
0.021484	2.441289	-2.596972	-10.406108	-25.404765
0.020549	2.438547	-2.676735	-10.434662	-25.457893
0.019609	2.435390	-2.756494	-10.463399	-25.510927
0.018666	2.431777	-2.836250	-10.492311	-25.563871
0.017721	2.426664	-2.916001	-10.521389	-25.616731
0.016779	2.421998	-2.995747	-10.550626	-25.669512
0.015841	2.415718	-3.075488	-10.580012	-25.722217
0.014910	2.409751	-3.155223	-10.609540	-25.774852
0.013989	2.402015	-3.234952	-10.639202	-25.827421
0.013081	2.393411	-3.314674	-10.668989	-25.879929
0.012187	2.384824	-3.394389	-10.698895	-25.932380
0.011311	2.374117	-3.474097	-10.728910	-25.984780
0.010456	2.363130	-3.553797	-10.759028	-26.037133
0.009623	2.349671	-3.633489	-10.789241	-26.089443
0.008817	2.335514	-3.713173	-10.819542	-26.141715
0.008038	2.318393	-3.792849	-10.849924	-26.193952
0.007291	2.299989	-3.872516	-10.880379	-26.246158
0.006577	2.278932	-3.952175	-10.910902	-26.298339
0.005900	2.253792	-4.031826	-10.941486	-26.350496
0.005263	2.226084	-4.111468	-10.972125	-26.402634
0.004666	2.194217	-4.191102	-11.002814	-26.454756
0.004111	2.157232	-4.270727	-11.033546	-26.506865
0.003596	2.114797	-4.350344	-11.064318	-26.558963
0.003122	2.063115	-4.429953	-11.095123	-26.611054
0.002689	2.000750	-4.509554	-11.125958	-26.663139
0.002298	1.924398	-4.589147	-11.156819	-26.715221
0.001950	1.830650	-4.668733	-11.187702	-26.767301
0.001648	1.711913	-4.748311	-11.218602	-26.819382
0.001396	1.564010	-4.827883	-11.249518	-26.871465
0.001199	1.380442	-4.907447	-11.280445	-26.923552
0.001061	1.164243	-4.987005	-11.311380	-26.975643
0.000983	0.930070	-5.066557	-11.342323	-27.027740
0.000960	0.699034	-5.146103	-11.373269	-27.079843
0.000976	0.493055	-5.225643	-11.404217	-27.131955
0.001017	0.322624	-5.305178	-11.435165	-27.184074
0.001068	0.184956	-5.384708	-11.466112	-27.236202
0.001120	0.075630	-5.464233	-11.497056	-27.288339
0.001166	-0.011412	-5.543753	-11.527995	-27.340485
0.001203	-0.081294	-5.623269	-11.558929	-27.392641
0.001228	-0.137913	-5.702782	-11.589857	-27.444807
0.001240	-0.184173	-5.782291	-11.620778	-27.496982
0.001240	-0.223435	-5.861796	-11.651692	-27.549166
0.001226	-0.255496	-5.941298	-11.682598	-27.601360
0.001200	-0.283699	-6.020798	-11.713496	-27.653563
0.001163	-0.307064	-6.100295	-11.744387	-27.705774
0.001115	-0.328389	-6.179790	-11.775269	-27.757993
0.001057	-0.346316	-6.259282	-11.806144	-27.810221
0.000991	-0.363388	-6.338773	-11.837011	-27.862455
0.000918	-0.379094	-6.418262	-11.867871	-27.914696
0.000838	-0.392914	-6.497749	-11.898725	-27.966944
0.000754	-0.407372	-6.577236	-11.929572	-28.019197
0.000667	-0.422122	-6.656721	-11.960414	-28.071455
0.000577	-0.437076	-6.736205	-11.991251	-28.123717
0.000487	-0.455667	-6.815689	-12.022083	-28.175983
0.000397	-0.478420	-6.895172	-12.052912	-28.228252
0.000309	-0.512339	-6.974654	-12.083738	-28.280523
0.000225	-0.566979	-7.054136	-12.114561	-28.332797
0.000147	-0.676563	-7.133619	-12.145382	-28.385071
0.000079	-0.975458	-7.213101	-12.176202	-28.437346
0.000046	-2.003621	-7.292583	-12.207021	-28.489622
0.000079	-2.849241	-7.372066	-12.237840	-28.541897
0.000125	-3.083944	-7.451549	-12.268659	-28.594172
0.000167	3.111536	-7.531033	-12.299479	-28.646445
0.000203	3.069456	-7.610517	-12.330299	-28.698717
0.000233	3.048067	-7.690002	-12.361121	-28.750988
0.000256	3.036205	-7.769487	-12.391943	-28.803256
0.000273	3.028022	-7.848974	-12.422767	-28.855523
0.000284	3.022700	-7.928461	-12.453593	-28.907787
0.000290	3.017236	-8.007949	-12.484420	-28.960050
0.000291	3.009885	-8.087438	-12.515248	-29.012310
0.000287	2.998830	-8.166928	-12.546078	-29.064567
0.000279	2.981894	-8.246418	-12.576910	-29.116823
0.000267	2.956226	-8.325910	-12.607744	-29.169076
0.000251	2.917868	-8.405402	-12.638578	-29.221328
0.000233	2.861152	-8.484895	-12.669415	-29.273577
0.000214	2.777982	-8.564388	-12.700253	-29.325825
0.000194	2.657479	-8.643882	-12.731093	-29.378071
0.000179	2.487987	-8.723376	-12.761934	-29.430316
0.000170	2.265760	-8.802869	-12.792776	-29.482561
0.000174	2.010242	-8.882363	-12.823621	-29.534804
0.000192	1.763549	-8.961856	-12.854466	-29.587048
0.000223	1.563444	-9.041348	-12.885314	-29.639291
0.000265	1.414452	-9.120840	-12.916164	-29.691536
0.000313	1.308695	-9.200329	-12.947015	-29.743781
0.000366	1.232133	-9.279818	-12.977869	-29.796027
0.000420	1.176361	-9.359303	-13.008725	-29.848276
0.000476	1.135875	-9.438787	-13.039583	-29.900526
0.000530	1.104314	-9.518268	-13.070445	-29.952780
0.000583	1.079738	-9.597745	-13.101309	-30.005036
0.000633	1.061135	-9.677219	-13.132176	-30.057296
0.000679	1.045087	-9.756689	-13.163047	-30.109559
0.000721	1.032568	-9.836155	-13.193921	-30.161827
0.000756	1.020806	-9.915617	-13.224799	-30.214100
0.000785	1.011189	-9.995074	-13.255680	-30.266377
0.000806	1.001206	-10.074527	-13.286565	-30.318659
0.000818	0.992390	-10.153974	-13.317454	-30.370947
0.000821	0.983273	-10.233417	-13.348346	-30.423239
0.000813	0.973334	-10.312854	-13.379243	-30.475537
0.000795	0.961929	-10.392287	-13.410143	-30.527841
0.000764	0.948177	-10.471715	-13.441046	-30.580150
0.000720	0.932001	-10.551138	-13.471953	-30.632463
0.000665	0.910685	-10.630557	-13.502862	-30.684782
0.000599	0.885199	-10.709972	-13.533774	-30.737106
0.000523	0.851608	-10.789383	-13.564689	-30.789433
0.000439	0.808098	-10.868791	-13.595605	-30.841764
0.000348	0.745265	-10.948196	-13.626522	-30.894099
0.000251	0.640744	-11.027599	-13.657440	-30.946436
0.000153	0.413024	-11.107001	-13.688359	-30.998776
0.000079	-0.370847	-11.186402	-13.719278	-31.051116
0.000119	-1.577388	-11.265803	-13.750196	-31.103457
0.000224	-1.944156	-11.345204	-13.781113	-31.155798
0.000341	-2.091087	-11.424607	-13.812028	-31.208137
0.000463	-2.179000	-11.504012	-13.842942	-31.260475
0.000588	-2.244657	-11.583420	-13.873854	-31.312809
0.000715	-2.300454	-11.662831	-13.904764	-31.365140
0.000844	-2.352702	-11.742246	-13.935671	-31.417465
0.000975	-2.402055	-11.821667	-13.966576	-31.469784
0.001108	-2.451983	-11.901093	-13.997478	-31.522095
0.001243	-2.501349	-11.980526	-14.028379	-31.574398
0.001380	-2.552668	-12.059966	-14.059277	-31.626690
0.001522	-2.604911	-12.139415	-14.090175	-31.678972
0.001667	-2.656842	-12.218871	-14.121071	-31.731241
0.001817	-2.707356	-12.298337	-14.151968	-31.783496
0.001971	-2.756731	-12.377813	-14.182865	-31.835736
0.002128	-2.802525	-12.457298	-14.213765	-31.887959
0.002287	-2.846500	-12.536795	-14.244667	-31.940164
0.002448	-2.886570	-12.616303	-14.275573	-31.992349
0.002609	-2.924748	-12.695822	-14.306485	-32.044513
0.002768	-2.960119	-12.775353	-14.337404	-32.096656
0.002925	-2.991807	-12.854897	-14.368330	-32.148774
0.003077	-3.021963	-12.934453	-14.399265	-32.200868
0.003222	-3.049745	-13.014023	-14.430211	-32.252937
0.003360	-3.074315	-13.093605	-14.461169	-32.304978
0.003487	-3.097825	-13.173200	-14.492140	-32.356991
0.003603	-3.118423	-13.252809	-14.523125	-32.408975
0.003705	-3.138241	-13.332432	-14.554125	-32.460930
0.003791	3.127789	-13.412068	-14.585141	-32.512854
0.003860	3.111191	-13.491717	-14.616175	-32.564747
0.003910	3.097065	-13.571380	-14.647227	-32.616609
0.003938	3.084342	-13.651056	-14.678298	-32.668439
0.003943	3.072912	-13.730745	-14.709388	-32.720237
0.003928	3.063460	-13.810447	-14.740497	-32.772004
0.003892	3.053660	-13.890161	-14.771627	-32.823739
0.003839	3.045224	-13.969888	-14.802776	-32.875444
0.003771	3.035884	-14.049627	-14.833946	-32.927117
0.003688	3.027382	-14.129377	-14.865135	-32.978761
0.003594	3.018461	-14.209139	-14.896345	-33.030376
0.003491	3.008857	-14.288911	-14.927573	-33.081963
0.003380	2.998293	-14.368693	-14.958821	-33.133522
0.003264	2.986477	-14.448485	-14.990088	-33.185055
0.003144	2.973098	-14.528286	-15.021373	-33.236563
0.003024	2.957833	-14.608095	-15.052677	-33.288046
0.002904	2.940351	-14.687913	-15.083998	-33.339506
0.002789	2.920332	-14.767738	-15.115337	-33.390945
0.002679	2.897492	-14.847569	-15.146692	-33.442362
0.002578	2.871621	-14.927407	-15.178065	-33.493759
0.002488	2.842636	-15.007250	-15.209455	-33.545138
0.002412	2.809638	-15.087098	-15.240861	-33.596499
0.002352	2.774975	-15.166951	-15.272283	-33.647843
0.002310	2.737287	-15.246807	-15.303723	-33.699171
0.002288	2.699553	-15.326666	-15.335180	-33.750483
0.002286	2.661067	-15.406528	-15.366653	-33.801781
0.002301	2.624077	-15.486392	-15.398145	-33.853065
0.002330	2.589627	-15.566258	-15.429655	-33.904335
0.002373	2.558504	-15.646125	-15.461184	-33.955591
0.002426	2.530224	-15.725992	-15.492733	-34.006835
0.002487	2.507067	-15.805860	-15.524302	-34.058065
0.002553	2.487124	-15.885727	-15.555893	-34.109282
0.002623	2.472349	-15.965594	-15.587505	-34.160487
0.002693	2.460618	-16.045461	-15.619141	-34.211678
0.002762	2.452767	-16.125327	-15.650799	-34.262856
0.002827	2.448631	-16.205192	-15.682482	-34.314021
0.002887	2.448065	-16.285055	-15.714190	-34.365172
0.002940	2.450970	-16.364918	-15.745923	-34.416309
0.002984	2.457301	-16.444779	-15.777681	-34.467432
0.003018	2.467088	-16.524640	-15.809466	-34.518540
0.003039	2.480445	-16.604499	-15.841277	-34.569634
0.003047	2.497589	-16.684358	-15.873113	-34.620712
0.003041	2.519863	-16.764217	-15.904977	-34.671774
0.003019	2.545762	-16.844075	-15.936865	-34.722820
0.002981	2.576826	-16.923934	-15.968779	-34.773849
0.002930	2.613159	-17.003795	-16.000718	-34.824862
0.002869	2.654757	-17.083657	-16.032680	-34.875857
0.002801	2.701600	-17.163521	-16.064664	-34.926834
0.002730	2.754591	-17.243388	-16.096670	-34.977794
0.002658	2.811504	-17.323259	-16.128695	-35.028735
0.002589	2.872927	-17.403135	-16.160739	-35.079657
0.002524	2.939209	-17.483017	-16.192799	-35.130560
0.002466	3.008433	-17.562904	-16.224875	-35.181443
0.002416	3.078421	-17.642798	-16.256964	-35.232308
0.002375	-3.133414	-17.722701	-16.289064	-35.283153
0.002341	-3.063247	-17.802611	-16.321175	-35.333978
0.002315	-2.995856	-17.882531	-16.353295	-35.384783
0.002293	-2.931786	-17.962460	-16.385422	-35.435569
0.002275	-2.874471	-18.042399	-16.417555	-35.486334
0.002256	-2.823212	-18.122349	-16.449692	-35.537081
0.002234	-2.781206	-18.202310	-16.481833	-35.587807
0.002206	-2.747629	-18.282282	-16.513977	-35.638515
0.002170	-2.724758	-18.362266	-16.546122	-35.689204
0.002123	-2.713134	-18.442260	-16.578268	-35.739874
0.002064	-2.716334	-18.522266	-16.610416	-35.790526
0.001994	-2.732750	-18.602282	-16.642565	-35.841161
0.001915	-2.763795	-18.682309	-16.674715	-35.891778
0.001831	-2.810247	-18.762345	-16.706867	-35.942379
0.001746	-2.873093	-18.842390	-16.739021	-35.992965
0.001666	-2.952222	-18.922443	-16.771179	-36.043535
0.001595	-3.049924	-19.002504	-16.803342	-36.094091
0.001541	3.119979	-19.082571	-16.835510	-36.144633
0.001509	2.993046	-19.162643	-16.867685	-36.195163
0.001503	2.857519	-19.242719	-16.899869	-36.245680
0.001526	2.719868	-19.322798	-16.932063	-36.296187
0.001575	2.586509	-19.402878	-16.964267	-36.346684
0.001648	2.462328	-19.482960	-16.996485	-36.397172
0.001740	2.349975	-19.563040	-17.028717	-36.447651
0.001844	2.250050	-19.643119	-17.060965	-36.498124
0.001954	2.161736	-19.723195	-17.093230	-36.548590
0.002066	2.083458	-19.803267	-17.125513	-36.599051
0.002173	2.013350	-19.883334	-17.157816	-36.649508
0.002272	1.949509	-19.963394	-17.190139	-36.699961
0.002359	1.889101	-20.043446	-17.222484	-36.750413
0.002431	1.832438	-20.123491	-17.254851	-36.800864
0.002487	1.776203	-20.203526	-17.287240	-36.851316
0.002527	1.720317	-20.283551	-17.319652	-36.901769
0.002553	1.663813	-20.363565	-17.352086	-36.952225
0.002563	1.605772	-20.443567	-17.384543	-37.002684
0.002560	1.545276	-20.523557	-17.417022	-37.053150
0.002544	1.481375	-20.603534	-17.449522	-37.103621
0.002517	1.413050	-20.683498	-17.482042	-37.154101
0.002481	1.339201	-20.763449	-17.514581	-37.204590
0.002439	1.258649	-20.843385	-17.547138	-37.255089
0.002392	1.171166	-20.923308	-17.579711	-37.305601
0.002346	1.073567	-21.003216	-17.612299	-37.356125
0.002306	0.965878	-21.083111	-17.644899	-37.406663
0.002276	0.848599	-21.162992	-17.677509	-37.457216
0.002265	0.720063	-21.242859	-17.710127	-37.507786
0.002279	0.583773	-21.322713	-17.742750	-37.558374
0.002326	0.442563	-21.402554	-17.775375	-37.608980
0.002411	0.298373	-21.482383	-17.807999	-37.659607
0.002540	0.157603	-21.562200	-17.840619	-37.710254
0.002715	0.023257	-21.642007	-17.873232	-37.760923
0.002936	-0.100565	-21.721804	-17.905833	-37.811614
0.003203	-0.212531	-21.801592	-17.938419	-37.862329
0.003512	-0.311631	-21.881373	-17.970986	-37.913068
0.003861	-0.397026	-21.961147	-18.003528	-37.963833
0.004243	-0.470608	-22.040916	-18.036043	-38.014623
0.004655	-0.533616	-22.120682	-18.068525	-38.065440
0.005092	-0.587374	-22.200445	-18.100970	-38.116285
0.005550	-0.632146	-22.280207	-18.133372	-38.167158
0.006026	-0.670066	-22.359970	-18.165727	-38.218061
0.006515	-0.702114	-22.439734	-18.198031	-38.268994
0.007014	-0.729125	-22.519502	-18.230277	-38.319958
0.007520	-0.750799	-22.599274	-18.262460	-38.370954
0.008029	-0.769722	-22.679052	-18.294577	-38.421983
0.008540	-0.784379	-22.758837	-18.326621	-38.473047
0.009049	-0.797175	-22.838631	-18.358589	-38.524146
0.009553	-0.806447	-22.918433	-18.390474	-38.575282
0.010050	-0.814475	-22.998246	-18.422272	-38.626456
0.010537	-0.819492	-23.078070	-18.453978	-38.677670
0.011011	-0.823691	-23.157906	-18.485588	-38.728924
0.011470	-0.826233	-23.237755	-18.517097	-38.780221
0.011913	-0.827273	-23.317617	-18.548501	-38.831561
0.012338	-0.827023	-23.397493	-18.579796	-38.882947
0.012747	-0.825677	-23.477383	-18.610977	-38.934380
0.013141	-0.824393	-23.557287	-18.642041	-38.985861
0.013520	-0.821302	-23.637206	-18.672985	-39.037392
0.013885	-0.818516	-23.717140	-18.703805	-39.088975
0.014238	-0.814126	-23.797088	-18.734497	-39.140611
0.014578	-0.810213	-23.877051	-18.765059	-39.192302
0.014906	-0.804844	-23.957028	-18.795487	-39.244050
0.015224	-0.799080	-24.037019	-18.825778	-39.295856
0.015533	-0.793971	-24.117023	-18.855931	-39.347722
0.015834	-0.787565	-24.197041	-18.885942	-39.399651
0.016126	-0.780902	-24.277071	-18.915808	-39.451642
0.016412	-0.774018	-24.357114	-18.945527	-39.503700
0.016692	-0.765947	-24.437167	-18.975097	-39.555825
0.016968	-0.757718	-24.517232	-19.004516	-39.608019
0.017239	-0.749360	-24.597306	-19.033781	-39.660285
0.017508	-0.739896	-24.677388	-19.062891	-39.712625
0.017775	-0.730350	-24.757478	-19.091843	-39.765040
0.018041	-0.719745	-24.837575	-19.120635	-39.817533
0.000000	0.000000	-24.837575	-19.120635	-39.817533
