0.050781	-0.847570	0.000000	0.000000	0.000000
0.046420	-0.806939	0.099999	0.000336	-0.000381
0.042146	-0.759203	0.199994	0.000993	-0.001097
0.037992	-0.702676	0.299984	0.001956	-0.002103
0.033996	-0.635132	0.399969	0.003209	-0.003354
0.030206	-0.553649	0.499946	0.004735	-0.004807
0.026678	-0.455474	0.599918	0.006518	-0.006419
0.023485	-0.334063	0.699882	0.008541	-0.008148
0.020717	-0.186626	0.799841	0.010786	-0.009955
0.018481	-0.008815	0.899794	0.013234	-0.011799
0.016883	0.198051	0.999742	0.015867	-0.013645
0.015996	0.424605	1.099686	0.018665	-0.015458
0.015809	0.654129	1.199628	0.021609	-0.017205
0.016218	0.869501	1.299567	0.024678	-0.018856
0.017054	1.059575	1.399505	0.027853	-0.020382
0.018144	1.223562	1.499442	0.031110	-0.021760
0.019340	1.365851	1.599380	0.034429	-0.022968
0.020534	1.489668	1.699318	0.037788	-0.023986
0.021648	1.601253	1.799258	0.041163	-0.024799
0.022636	1.705252	1.899199	0.044531	-0.025396
0.023469	1.805665	1.999143	0.047869	-0.025769
0.024148	1.905811	2.099089	0.051153	-0.025913
0.024717	2.007736	2.199038	0.054356	-0.025829
0.025235	2.111521	2.298989	0.057456	-0.025522
0.025766	2.219470	2.398944	0.060425	-0.024998
0.026372	2.329141	2.498901	0.063239	-0.024269
0.027110	2.441403	2.598863	0.065871	-0.023349
0.028030	2.552584	2.698827	0.068296	-0.022254
0.029168	2.662712	2.798795	0.070487	-0.021003
0.030543	2.767810	2.898767	0.072420	-0.019619
0.032159	2.867167	2.998742	0.074069	-0.018122
0.034008	2.960519	3.098721	0.075407	-0.016539
0.036066	3.045110	3.198702	0.076412	-0.014895
0.038304	3.121645	3.298686	0.077057	-0.013217
0.040688	-3.092987	3.398672	0.077319	-0.011531
0.043180	-3.031096	3.498658	0.077175	-0.009865
0.045740	-2.977403	3.598643	0.076602	-0.008247
0.048332	-2.930386	3.698626	0.075577	-0.006704
0.050916	-2.889515	3.798604	0.074081	-0.005263
0.053457	-2.853299	3.898576	0.072091	-0.003950
0.055921	-2.823297	3.998538	0.069589	-0.002789
0.058277	-2.798031	4.098487	0.066556	-0.001804
0.060516	-2.775712	4.198420	0.062975	-0.001016
0.062634	-2.757612	4.298332	0.058830	-0.000445
0.064631	-2.742141	4.398220	0.054105	-0.000110
0.066510	-2.728813	4.498078	0.048785	-0.000027
0.068275	-2.716226	4.597902	0.042857	-0.000211
0.069931	-2.706042	4.697687	0.036310	-0.000679
0.071483	-2.696969	4.797426	0.029130	-0.001442
0.072939	-2.687757	4.897113	0.021307	-0.002513
0.074305	-2.680184	4.996744	0.012832	-0.003905
0.075590	-2.673052	5.096311	0.003695	-0.005628
0.076802	-2.665184	5.195807	-0.006113	-0.007694
0.077948	-2.658416	5.295227	-0.016598	-0.010112
0.079037	-2.650599	5.394562	-0.027769	-0.012892
0.080078	-2.643594	5.493806	-0.039630	-0.016046
0.081081	-2.635271	5.592951	-0.052188	-0.019582
0.082053	-2.627508	5.691990	-0.065447	-0.023511
0.083006	-2.618190	5.790916	-0.079412	-0.027843
0.083948	-2.609214	5.889719	-0.094086	-0.032589
0.084891	-2.598478	5.988393	-0.109472	-0.037760
0.085844	-2.586923	6.086929	-0.125572	-0.043368
0.086808	-2.575609	6.185319	-0.142389	-0.049427
0.087785	-2.562623	6.283553	-0.159923	-0.055948
0.088774	-2.549048	6.381624	-0.178176	-0.062947
0.089775	-2.534963	6.479522	-0.197147	-0.070438
0.090790	-2.521446	6.577238	-0.216835	-0.078436
0.091816	-2.506568	6.674762	-0.237241	-0.086957
0.092855	-2.492399	6.772085	-0.258363	-0.096017
0.093905	-2.477004	6.869197	-0.280198	-0.105632
0.094965	-2.462446	6.966088	-0.302745	-0.115819
0.096034	-2.446783	7.062748	-0.326001	-0.126594
0.097111	-2.432069	7.159166	-0.349962	-0.137974
0.098194	-2.417358	7.255331	-0.374625	-0.149975
0.099280	-2.401696	7.351232	-0.399985	-0.162616
0.100368	-2.387129	7.446858	-0.426038	-0.175912
0.101456	-2.373698	7.542199	-0.452779	-0.189881
0.102540	-2.359442	7.637241	-0.480204	-0.204539
0.103617	-2.345397	7.731974	-0.508305	-0.219901
0.104684	-2.332595	7.826385	-0.537078	-0.235984
0.105739	-2.319065	7.920462	-0.566517	-0.252802
0.106777	-2.306830	8.014193	-0.596615	-0.270372
0.107798	-2.294882	8.107565	-0.627365	-0.288706
0.108801	-2.283206	8.200565	-0.658760	-0.307820
0.109787	-2.271790	8.293180	-0.690794	-0.327726
0.110753	-2.260621	8.385397	-0.723459	-0.348438
0.111701	-2.250688	8.477203	-0.756748	-0.369968
0.112630	-2.239979	8.568585	-0.790652	-0.392327
0.113539	-2.229485	8.659528	-0.825164	-0.415527
0.114428	-2.220194	8.750019	-0.860275	-0.439580
0.115297	-2.210098	8.840045	-0.895976	-0.464495
0.116145	-2.201188	8.929592	-0.932259	-0.490282
0.116973	-2.191454	9.018645	-0.969115	-0.516951
0.117780	-2.181890	9.107190	-1.006533	-0.544511
0.118565	-2.172487	9.195214	-1.044504	-0.572972
0.119330	-2.163238	9.282703	-1.083016	-0.602341
0.120073	-2.154136	9.369642	-1.122060	-0.632626
0.120794	-2.145175	9.456017	-1.161623	-0.663835
0.121494	-2.136348	9.541815	-1.201695	-0.695976
0.122172	-2.127649	9.627021	-1.242264	-0.729054
0.122828	-2.118072	9.711621	-1.283317	-0.763076
0.123461	-2.108614	9.795601	-1.324841	-0.798047
0.124071	-2.099276	9.878948	-1.366824	-0.833975
0.124656	-2.090062	9.961648	-1.409251	-0.870863
0.125215	-2.080976	10.043687	-1.452107	-0.908717
0.125746	-2.072020	10.125052	-1.495379	-0.947541
0.126247	-2.062198	10.205729	-1.539053	-0.987338
0.126718	-2.052510	10.285706	-1.583112	-1.028112
0.127156	-2.043961	10.364969	-1.627540	-1.069866
0.127561	-2.033552	10.443507	-1.672322	-1.112603
0.127930	-2.024286	10.521306	-1.717442	-1.156323
0.128261	-2.015164	10.598356	-1.762881	-1.201030
0.128555	-2.005188	10.674643	-1.808624	-1.246722
0.128807	-1.996360	10.750158	-1.854653	-1.293401
0.129018	-1.986682	10.824888	-1.900950	-1.341066
0.129186	-1.977156	10.898824	-1.947498	-1.389716
0.129308	-1.967784	10.971954	-1.994279	-1.439349
0.129384	-1.958566	11.044271	-2.041275	-1.489963
0.129411	-1.948505	11.115763	-2.088467	-1.541555
0.129387	-1.939604	11.186423	-2.135836	-1.594122
0.129312	-1.930863	11.256242	-2.183365	-1.647660
0.129185	-1.921277	11.325213	-2.231035	-1.702163
0.129015	-1.911807	11.393328	-2.278828	-1.757627
0.128811	-1.902407	11.460581	-2.326725	-1.814044
0.128584	-1.893035	11.526966	-2.374706	-1.871410
0.128344	-1.883648	11.592478	-2.422754	-1.929716
0.128101	-1.874204	11.657110	-2.470850	-1.988957
0.127866	-1.864665	11.720859	-2.518974	-2.049124
0.127650	-1.853994	11.783719	-2.567110	-2.110211
0.127463	-1.843153	11.845687	-2.615236	-2.172210
0.127316	-1.833109	11.906758	-2.663333	-2.235115
0.127220	-1.820830	11.966928	-2.711382	-2.298918
0.127186	-1.809286	12.026194	-2.759361	-2.363614
0.127226	-1.797452	12.084552	-2.807251	-2.429195
0.127350	-1.784304	12.141999	-2.855029	-2.495657
0.127571	-1.770822	12.198529	-2.902673	-2.562994
0.127899	-1.756993	12.254141	-2.950161	-2.631202
0.128348	-1.741804	12.308829	-2.997469	-2.700275
0.128928	-1.726250	12.362589	-3.044572	-2.770212
0.129651	-1.710331	12.415418	-3.091443	-2.841009
0.130531	-1.693051	12.467310	-3.138055	-2.912665
0.131573	-1.675450	12.518260	-3.184380	-2.985177
0.132760	-1.657672	12.568264	-3.230388	-3.058546
0.134071	-1.638881	12.617314	-3.276046	-3.132771
0.135481	-1.621228	12.665406	-3.321324	-3.207852
0.136967	-1.602849	12.712532	-3.366187	-3.283789
0.138503	-1.584870	12.758687	-3.410602	-3.360581
0.140063	-1.568401	12.803864	-3.454535	-3.438227
0.141622	-1.551543	12.848056	-3.497953	-3.516725
0.143154	-1.537384	12.891256	-3.540822	-3.596073
0.144631	-1.524007	12.933457	-3.583111	-3.676265
0.146027	-1.512486	12.974650	-3.624789	-3.757296
0.147316	-1.502893	13.014828	-3.665828	-3.839159
0.148471	-1.495296	13.053980	-3.706203	-3.921845
0.149464	-1.490764	13.092096	-3.745891	-4.005344
0.150270	-1.488369	13.129167	-3.784872	-4.089642
0.150864	-1.489189	13.165179	-3.823131	-4.174726
0.151220	-1.492309	13.200120	-3.860658	-4.260580
0.151315	-1.498826	13.233976	-3.897447	-4.347185
0.151123	-1.507853	13.266734	-3.933495	-4.434521
0.150625	-1.519520	13.298377	-3.968807	-4.522565
0.149808	-1.534935	13.328894	-4.003391	-4.611293
0.148695	-1.553028	13.358269	-4.037261	-4.700679
0.147319	-1.573693	13.386490	-4.070438	-4.790695
0.145712	-1.594830	13.413543	-4.102946	-4.881311
0.143907	-1.618339	13.439420	-4.134811	-4.972498
0.141936	-1.643116	13.464112	-4.166062	-5.064224
0.139829	-1.668050	13.487613	-4.196732	-5.156458
0.137616	-1.693018	13.509919	-4.226853	-5.249168
0.135327	-1.718883	13.531030	-4.256459	-5.342323
0.132987	-1.745485	13.550946	-4.285583	-5.435892
0.130623	-1.770645	13.569669	-4.314260	-5.529845
0.128256	-1.796156	13.587205	-4.342522	-5.624151
0.125907	-1.821782	13.603561	-4.370402	-5.718783
0.123595	-1.845260	13.618745	-4.397933	-5.813712
0.121334	-1.868293	13.632766	-4.425143	-5.908912
0.119137	-1.889551	13.645636	-4.452059	-6.004358
0.117014	-1.909674	13.657366	-4.478708	-6.100025
0.114974	-1.926270	13.667969	-4.505112	-6.195892
0.113023	-1.940920	13.677459	-4.531290	-6.291937
0.111167	-1.952175	13.685850	-4.557258	-6.388141
0.109410	-1.959650	13.693157	-4.583029	-6.484487
0.107742	-1.963297	13.699393	-4.608609	-6.580958
0.106154	-1.963167	13.704574	-4.634003	-6.677541
0.104641	-1.959329	13.708715	-4.659210	-6.774223
0.103198	-1.951869	13.711831	-4.684227	-6.870994
0.101825	-1.941888	13.713937	-4.709046	-6.967842
0.100520	-1.928502	13.715048	-4.733657	-7.064760
0.099286	-1.910844	13.715180	-4.758048	-7.161739
0.098125	-1.891062	13.714350	-4.782203	-7.258775
0.097039	-1.868323	13.712574	-4.806104	-7.355860
0.096030	-1.842807	13.709867	-4.829730	-7.452991
0.095101	-1.815712	13.706249	-4.853060	-7.550165
0.094253	-1.785251	13.701735	-4.876072	-7.647376
0.093486	-1.753649	13.696344	-4.898738	-7.744624
0.092800	-1.719143	13.690096	-4.921035	-7.841906
0.092192	-1.683979	13.683010	-4.942935	-7.939221
0.091657	-1.648409	13.675106	-4.964409	-8.036568
0.091189	-1.611685	13.666405	-4.985431	-8.133945
0.090781	-1.575062	13.656930	-5.005974	-8.231353
0.090422	-1.539788	13.646701	-5.026011	-8.328789
0.090102	-1.505079	13.635741	-5.045517	-8.426254
0.089810	-1.472029	13.624072	-5.064467	-8.523746
0.089536	-1.439694	13.611715	-5.082841	-8.621264
0.089271	-1.410124	13.598692	-5.100616	-8.718806
0.089002	-1.382363	13.585024	-5.117775	-8.816370
0.088720	-1.357447	13.570731	-5.134301	-8.913954
0.088415	-1.333408	13.555831	-5.150180	-9.011555
0.088075	-1.312271	13.540344	-5.165398	-9.109169
0.087691	-1.292061	13.524285	-5.179946	-9.206793
0.087253	-1.274797	13.507673	-5.193814	-9.304424
0.086749	-1.259501	13.490523	-5.206995	-9.402056
0.086171	-1.246190	13.472849	-5.219484	-9.499686
0.085509	-1.233886	13.454666	-5.231278	-9.597310
0.084752	-1.223610	13.435986	-5.242376	-9.694921
0.083892	-1.215390	13.416824	-5.252778	-9.792515
0.082920	-1.208258	13.397189	-5.262487	-9.890086
0.081826	-1.202254	13.377095	-5.271506	-9.987630
0.080603	-1.198427	13.356551	-5.279842	-10.085142
0.079241	-1.194839	13.335570	-5.287502	-10.182615
0.077733	-1.193567	13.314161	-5.294496	-10.280046
0.076076	-1.192690	13.292336	-5.300836	-10.377429
0.074276	-1.193233	13.270105	-5.306535	-10.474760
0.072347	-1.195218	13.247478	-5.311608	-10.572034
0.070302	-1.197687	13.224466	-5.316071	-10.669248
0.068154	-1.202698	13.201079	-5.319943	-10.766398
0.065916	-1.208330	13.177327	-5.323243	-10.863480
0.063602	-1.215679	13.153220	-5.325992	-10.960492
0.061227	-1.224863	13.128769	-5.328212	-11.057431
0.058805	-1.236023	13.103981	-5.329925	-11.154295
0.056352	-1.249322	13.078866	-5.331156	-11.251082
0.053884	-1.264947	13.053433	-5.331929	-11.347791
0.051416	-1.282107	13.027690	-5.332268	-11.444420
0.048966	-1.303035	13.001645	-5.332199	-11.540968
0.046552	-1.326981	12.975304	-5.331748	-11.637436
0.044190	-1.353208	12.948676	-5.330940	-11.733822
0.041900	-1.383976	12.921766	-5.329801	-11.830127
0.039700	-1.417529	12.894581	-5.328358	-11.926350
0.037609	-1.456063	12.867125	-5.326635	-12.022491
0.035647	-1.497697	12.839405	-5.324657	-12.118552
0.033831	-1.544419	12.811425	-5.322450	-12.214532
0.032177	-1.594089	12.783188	-5.320037	-12.310433
0.030691	-1.648559	12.754699	-5.317441	-12.406254
0.029380	-1.706566	12.725960	-5.314684	-12.501995
0.028246	-1.766670	12.696974	-5.311789	-12.597659
0.027290	-1.830247	12.667745	-5.308775	-12.693244
0.026510	-1.895500	12.638272	-5.305663	-12.788751
0.025902	-1.961498	12.608559	-5.302473	-12.884182
0.025457	-2.027236	12.578606	-5.299221	-12.979535
0.025165	-2.091702	12.548414	-5.295926	-13.074811
0.025011	-2.153951	12.517984	-5.292605	-13.170011
0.024980	-2.213168	12.487317	-5.289272	-13.265134
0.025055	-2.268702	12.456411	-5.285943	-13.360180
0.025217	-2.320082	12.425268	-5.282632	-13.455149
0.025451	-2.368013	12.393887	-5.279351	-13.550041
0.025740	-2.410350	12.362267	-5.276114	-13.644855
0.026067	-2.449074	12.330408	-5.272931	-13.739591
0.026420	-2.483255	12.298310	-5.269812	-13.834248
0.026786	-2.512025	12.265970	-5.266769	-13.928826
0.027153	-2.537552	12.233389	-5.263808	-14.023323
0.027513	-2.560021	12.200565	-5.260937	-14.117739
0.027858	-2.577652	12.167498	-5.258164	-14.212072
0.028183	-2.591784	12.134185	-5.255495	-14.306323
0.028485	-2.603764	12.100626	-5.252933	-14.400489
0.028763	-2.611909	12.066820	-5.250485	-14.494569
0.029016	-2.618507	12.032766	-5.248152	-14.588563
0.029245	-2.622826	11.998461	-5.245938	-14.682469
0.029449	-2.624111	11.963906	-5.243845	-14.776286
0.029629	-2.624590	11.929099	-5.241874	-14.870012
0.029788	-2.622476	11.894038	-5.240025	-14.963646
0.029927	-2.619970	11.858722	-5.238300	-15.057186
0.030046	-2.615266	11.823151	-5.236697	-15.150632
0.030148	-2.609550	11.787322	-5.235217	-15.243982
0.030235	-2.603000	11.751235	-5.233858	-15.337233
0.030307	-2.595793	11.714889	-5.232618	-15.430386
0.030367	-2.588104	11.678282	-5.231495	-15.523438
0.030416	-2.579105	11.641414	-5.230489	-15.616388
0.030455	-2.570966	11.604283	-5.229597	-15.709235
0.030484	-2.560860	11.566889	-5.228815	-15.801977
0.030506	-2.551957	11.529231	-5.228143	-15.894612
0.030519	-2.542430	11.491307	-5.227576	-15.987141
0.030526	-2.533423	11.453118	-5.227113	-16.079560
0.030526	-2.523967	11.414662	-5.226751	-16.171870
0.030519	-2.516067	11.375940	-5.226487	-16.264068
0.030506	-2.507728	11.336951	-5.226319	-16.356154
0.030486	-2.498955	11.297694	-5.226245	-16.448126
0.030461	-2.491755	11.258170	-5.226261	-16.539984
0.030430	-2.484137	11.218378	-5.226366	-16.631726
0.030393	-2.477109	11.178319	-5.226557	-16.723352
0.030352	-2.470681	11.137993	-5.226833	-16.814859
0.030307	-2.464863	11.097400	-5.227190	-16.906249
0.030257	-2.460667	11.056539	-5.227628	-16.997519
0.030204	-2.456104	11.015413	-5.228145	-17.088669
0.030147	-2.452187	10.974021	-5.228740	-17.179699
0.030088	-2.448928	10.932363	-5.229411	-17.270606
0.030027	-2.447342	10.890441	-5.230157	-17.361392
0.029964	-2.445442	10.848256	-5.230978	-17.452054
0.029901	-2.445241	10.805808	-5.231872	-17.542594
0.029838	-2.445753	10.763097	-5.232840	-17.633009
0.029775	-2.447992	10.720126	-5.233881	-17.723299
0.029714	-2.450972	10.676895	-5.234997	-17.813465
0.029655	-2.454692	10.633405	-5.236187	-17.903505
0.029598	-2.459093	10.589658	-5.237453	-17.993419
0.029542	-2.465105	10.545654	-5.238796	-18.083207
0.029488	-2.471656	10.501395	-5.240217	-18.172868
0.029435	-2.478674	10.456882	-5.241718	-18.262402
0.029382	-2.487087	10.412117	-5.243301	-18.351809
0.029330	-2.495823	10.367101	-5.244968	-18.441088
0.029276	-2.504812	10.321835	-5.246721	-18.530239
0.029222	-2.513981	10.276321	-5.248563	-18.619263
0.029165	-2.524261	10.230562	-5.250496	-18.708157
0.029105	-2.533581	10.184557	-5.252523	-18.796924
0.029042	-2.543873	10.138310	-5.254646	-18.885562
0.028974	-2.554066	10.091822	-5.256868	-18.974071
0.028901	-2.563093	10.045095	-5.259190	-19.062452
0.028820	-2.572886	9.998130	-5.261616	-19.150704
0.028732	-2.582376	9.950930	-5.264148	-19.238828
0.028635	-2.591497	9.903497	-5.266787	-19.326823
0.028527	-2.600180	9.855833	-5.269537	-19.414690
0.028408	-2.608356	9.807940	-5.272398	-19.502428
0.028275	-2.615956	9.759820	-5.275372	-19.590039
0.028129	-2.622923	9.711475	-5.278461	-19.677522
0.027969	-2.629261	9.662908	-5.281667	-19.764877
0.027797	-2.633987	9.614120	-5.284989	-19.852105
0.027614	-2.639116	9.565115	-5.288428	-19.939207
0.027420	-2.642660	9.515895	-5.291985	-20.026182
0.027218	-2.646630	9.466461	-5.295660	-20.113031
0.027009	-2.649036	9.416817	-5.299453	-20.199755
0.026793	-2.651887	9.366963	-5.303363	-20.286354
0.026573	-2.653189	9.316904	-5.307391	-20.372829
0.026349	-2.653950	9.266641	-5.311535	-20.459179
0.026123	-2.654175	9.216175	-5.315796	-20.545406
0.025897	-2.653872	9.165510	-5.320170	-20.631510
0.025671	-2.653046	9.114647	-5.324659	-20.717492
0.025447	-2.651704	9.063588	-5.329260	-20.803351
0.025227	-2.648854	9.012336	-5.333972	-20.889089
0.025012	-2.646504	8.960891	-5.338794	-20.974705
0.024804	-2.642664	8.909255	-5.343724	-21.060201
0.024604	-2.639346	8.857431	-5.348760	-21.145576
0.024413	-2.634565	8.805419	-5.353900	-21.230830
0.024234	-2.629335	8.753221	-5.359144	-21.315965
0.024067	-2.623685	8.700839	-5.364488	-21.400980
0.023912	-2.617684	8.648272	-5.369931	-21.485874
0.023769	-2.611412	8.595523	-5.375471	-21.570650
0.023639	-2.604953	8.542591	-5.381106	-21.655305
0.023519	-2.598390	8.489479	-5.386833	-21.739840
0.023411	-2.591812	8.436185	-5.392652	-21.824256
0.023313	-2.584306	8.382712	-5.398560	-21.908551
0.023225	-2.577961	8.329059	-5.404555	-21.992726
0.023146	-2.571868	8.275226	-5.410635	-22.076780
0.023076	-2.566115	8.221215	-5.416799	-22.160713
0.023015	-2.560793	8.167026	-5.423045	-22.244526
0.022961	-2.555991	8.112659	-5.429373	-22.328216
0.022914	-2.551798	8.058113	-5.435779	-22.411786
0.022873	-2.548301	8.003391	-5.442265	-22.495233
0.022838	-2.546588	7.948492	-5.448827	-22.578557
0.022808	-2.544747	7.893416	-5.455467	-22.661759
0.022783	-2.544861	7.838164	-5.462184	-22.744838
0.022761	-2.546017	7.782736	-5.468976	-22.827794
0.022744	-2.548298	7.727133	-5.475846	-22.910626
0.022729	-2.552788	7.671356	-5.482792	-22.993334
0.022717	-2.557539	7.615405	-5.489816	-23.075918
0.022708	-2.564479	7.559280	-5.496919	-23.158378
0.022701	-2.573507	7.502984	-5.504102	-23.240713
0.022694	-2.582518	7.446516	-5.511367	-23.322924
0.022689	-2.593412	7.389878	-5.518716	-23.405010
0.022684	-2.605089	7.333071	-5.526151	-23.486972
0.022678	-2.617447	7.276097	-5.533675	-23.568809
0.022671	-2.630390	7.218956	-5.541289	-23.650521
0.022662	-2.643821	7.161650	-5.548997	-23.732110
0.022651	-2.657647	7.104181	-5.556801	-23.813574
0.022636	-2.672774	7.046551	-5.564705	-23.894914
0.022616	-2.687115	6.988760	-5.572710	-23.976131
0.022590	-2.701583	6.930811	-5.580819	-24.057224
0.022557	-2.717092	6.872706	-5.589036	-24.138195
0.022516	-2.731561	6.814446	-5.597364	-24.219044
0.022466	-2.745910	6.756035	-5.605804	-24.299771
0.022404	-2.760063	6.697473	-5.614359	-24.380377
0.022329	-2.774944	6.638763	-5.623032	-24.460862
0.022239	-2.788479	6.579907	-5.631825	-24.541229
0.022134	-2.801595	6.520909	-5.640740	-24.621476
0.022010	-2.813245	6.461769	-5.649779	-24.701606
0.021868	-2.825485	6.402491	-5.658943	-24.781620
0.021709	-2.837396	6.343077	-5.668233	-24.861517
0.021532	-2.848061	6.283530	-5.677651	-24.941301
0.021337	-2.859561	6.223851	-5.687197	-25.020971
0.021126	-2.869980	6.164045	-5.696872	-25.100530
0.020898	-2.880403	6.104113	-5.706677	-25.179979
0.020654	-2.890919	6.044059	-5.716611	-25.259319
0.020394	-2.900619	5.983885	-5.726676	-25.338551
0.020120	-2.911601	5.923595	-5.736870	-25.417679
0.019831	-2.922965	5.863190	-5.747193	-25.496702
0.019529	-2.933818	5.802675	-5.757646	-25.575624
0.019215	-2.945277	5.742052	-5.768228	-25.654446
0.018888	-2.957463	5.681326	-5.778938	-25.733171
0.018551	-2.970510	5.620498	-5.789777	-25.811800
0.018204	-2.984560	5.559572	-5.800743	-25.890335
0.017850	-2.998767	5.498553	-5.811835	-25.968780
0.017488	-3.015297	5.437444	-5.823054	-26.047137
0.017121	-3.032330	5.376247	-5.834398	-26.125408
0.016751	-3.051058	5.314969	-5.845867	-26.203596
0.016380	-3.071641	5.253611	-5.857460	-26.281704
0.016012	-3.093045	5.192178	-5.869176	-26.359734
0.015651	-3.117163	5.130675	-5.881016	-26.437690
0.015300	3.141331	5.069105	-5.892978	-26.515576
0.014965	3.114249	5.007473	-5.905062	-26.593392
0.014647	3.087006	4.945783	-5.917268	-26.671144
0.014350	3.058879	4.884039	-5.929595	-26.748834
0.014075	3.030198	4.822245	-5.942043	-26.826465
0.013825	3.001342	4.760406	-5.954611	-26.904040
0.013601	2.972734	4.698524	-5.967300	-26.981562
0.013403	2.944837	4.636603	-5.980110	-27.059033
0.013231	2.917144	4.574648	-5.993039	-27.136456
0.013086	2.892165	4.512661	-6.006089	-27.213834
0.012965	2.869418	4.450645	-6.019258	-27.291168
0.012868	2.848416	4.388602	-6.032548	-27.368461
0.012792	2.831662	4.326536	-6.045957	-27.445713
0.012738	2.817635	4.264448	-6.059486	-27.522927
0.012703	2.807787	4.202339	-6.073136	-27.600104
0.012686	2.802539	4.140211	-6.086905	-27.677243
0.012689	2.801273	4.078064	-6.100794	-27.754346
0.012711	2.805171	4.015899	-6.114804	-27.831412
0.012758	2.813729	3.953714	-6.128933	-27.908441
0.012837	2.826225	3.891511	-6.143183	-27.985432
0.012954	2.841875	3.829286	-6.157553	-28.062384
0.013116	2.858840	3.767039	-6.172044	-28.139295
0.013328	2.877244	3.704767	-6.186657	-28.216163
0.013597	2.896196	3.642469	-6.201392	-28.292987
0.013928	2.915827	3.580142	-6.216251	-28.369763
0.014323	2.932327	3.517784	-6.231237	-28.446488
0.014788	2.947974	3.455391	-6.246351	-28.523161
0.015323	2.961162	3.392962	-6.261597	-28.599778
0.015933	2.971412	3.330493	-6.276978	-28.676336
0.016618	2.978384	3.267982	-6.292500	-28.752831
0.017382	2.981866	3.205427	-6.308168	-28.829259
0.018228	2.981765	3.142825	-6.323988	-28.905618
0.019158	2.979096	3.080174	-6.339967	-28.981904
0.020176	2.971959	3.017472	-6.356115	-29.058113
0.021289	2.961529	2.954718	-6.372439	-29.134240
0.022500	2.949034	2.891911	-6.388952	-29.210284
0.023818	2.933745	2.829050	-6.405665	-29.286239
0.025248	2.916064	2.766135	-6.422590	-29.362102
0.026786	2.896762	2.703167	-6.439743	-29.437870
0.028427	2.876562	2.640146	-6.457140	-29.513539
0.030164	2.857033	2.577075	-6.474797	-29.589105
0.031991	2.837611	2.513954	-6.492731	-29.664565
0.033899	2.818619	2.450788	-6.510963	-29.739914
0.035880	2.799287	2.387578	-6.529511	-29.815150
0.037924	2.781773	2.324327	-6.548395	-29.890269
0.040023	2.766177	2.261041	-6.567637	-29.965266
0.042166	2.750555	2.197722	-6.587258	-30.040137
0.044342	2.735933	2.134375	-6.607278	-30.114879
0.046540	2.722313	2.071004	-6.627721	-30.189486
0.048751	2.709680	2.007615	-6.648607	-30.263955
0.050962	2.699011	1.944213	-6.669960	-30.338281
0.053163	2.688273	1.880804	-6.691800	-30.412458
0.055342	2.678433	1.817393	-6.714149	-30.486482
0.057488	2.669455	1.753986	-6.737028	-30.560347
0.059590	2.662302	1.690589	-6.760458	-30.634049
0.061635	2.654942	1.627209	-6.784459	-30.707580
0.063612	2.648342	1.563851	-6.809050	-30.780936
0.065513	2.641465	1.500523	-6.834251	-30.854110
0.067332	2.636232	1.437231	-6.860077	-30.927097
0.069068	2.631566	1.373981	-6.886548	-30.999890
0.070718	2.627404	1.310781	-6.913678	-31.072483
0.072282	2.622689	1.247637	-6.941481	-31.144869
0.073757	2.619372	1.184556	-6.969973	-31.217043
0.075142	2.615412	1.121545	-6.999165	-31.288997
0.076435	2.612772	1.058611	-7.029070	-31.360726
0.077634	2.609420	0.995760	-7.059698	-31.432221
0.078737	2.606327	0.932999	-7.091059	-31.503478
0.079743	2.604469	0.870335	-7.123162	-31.574490
0.080651	2.601822	0.807776	-7.156015	-31.645250
0.081458	2.600368	0.745327	-7.189624	-31.715752
0.082164	2.598087	0.682994	-7.223994	-31.785990
0.082766	2.596965	0.620786	-7.259131	-31.855958
0.083263	2.594986	0.558706	-7.295036	-31.925649
0.083654	2.594137	0.496762	-7.331714	-31.995059
0.083937	2.593407	0.434959	-7.369164	-32.064181
0.084111	2.591783	0.373302	-7.407387	-32.133010
0.084174	2.591255	0.311797	-7.446382	-32.201542
0.084126	2.590814	0.250450	-7.486147	-32.269771
0.083972	2.590446	0.189264	-7.526678	-32.337693
0.083720	2.591140	0.128243	-7.567972	-32.405305
0.083374	2.590882	0.067392	-7.610023	-32.472602
0.082943	2.590662	0.006713	-7.652824	-32.539580
0.082432	2.590469	-0.053790	-7.696370	-32.606237
0.081849	2.591292	-0.114113	-7.740652	-32.672571
0.081199	2.591122	-0.174255	-7.785663	-32.738579
0.080490	2.591947	-0.234212	-7.831394	-32.804259
0.079728	2.591758	-0.293983	-7.877834	-32.869609
0.078921	2.591545	-0.353567	-7.924976	-32.934628
0.078073	2.592296	-0.412960	-7.972808	-32.999316
0.077192	2.592003	-0.472161	-8.021320	-33.063672
0.076285	2.591653	-0.531170	-8.070502	-33.127697
0.075359	2.592237	-0.589985	-8.120343	-33.191389
0.074419	2.591743	-0.648604	-8.170832	-33.254750
0.073473	2.591161	-0.707028	-8.221958	-33.317780
0.072527	2.590479	-0.765254	-8.273711	-33.380481
0.071588	2.589686	-0.823283	-8.326079	-33.442853
0.070663	2.588772	-0.881113	-8.379052	-33.504898
0.069756	2.587729	-0.938743	-8.432619	-33.566617
0.068868	2.585561	-0.996172	-8.486771	-33.628013
0.067998	2.584278	-1.053400	-8.541498	-33.689087
0.067145	2.581887	-1.110425	-8.596789	-33.749840
0.066307	2.580398	-1.167246	-8.652635	-33.810277
0.065484	2.577821	-1.223863	-8.709028	-33.870397
0.064673	2.576166	-1.280274	-8.765957	-33.930204
0.063875	2.573443	-1.336478	-8.823414	-33.989700
0.063087	2.570664	-1.392475	-8.881390	-34.048886
0.062308	2.568839	-1.448263	-8.939877	-34.107767
0.061538	2.565980	-1.503843	-8.998867	-34.166344
0.060775	2.563099	-1.559212	-9.058350	-34.224619
0.060017	2.561209	-1.614371	-9.118318	-34.282595
0.059264	2.558323	-1.669319	-9.178764	-34.340276
0.058514	2.556453	-1.724055	-9.239679	-34.397662
0.057767	2.553614	-1.778580	-9.301056	-34.454758
0.057019	2.551820	-1.832893	-9.362887	-34.511566
0.056272	2.550085	-1.886995	-9.425163	-34.568088
0.055522	2.548425	-1.940885	-9.487877	-34.624326
0.054770	2.546855	-1.994564	-9.551021	-34.680285
0.054013	2.545389	-2.048032	-9.614588	-34.735966
0.053251	2.544027	-2.101291	-9.678570	-34.791371
0.052484	2.543768	-2.154342	-9.742959	-34.846504
0.051712	2.542609	-2.207185	-9.807748	-34.901368
0.050933	2.542548	-2.259822	-9.872929	-34.955965
0.050149	2.542581	-2.312254	-9.938495	-35.010297
0.049359	2.541707	-2.364484	-10.004437	-35.064368
0.048562	2.541922	-2.416513	-10.070748	-35.118180
0.047757	2.542223	-2.468343	-10.137422	-35.171737
0.046946	2.542607	-2.519977	-10.204449	-35.225040
0.046127	2.543070	-2.571416	-10.271823	-35.278094
0.045300	2.543610	-2.622663	-10.339537	-35.330902
0.044465	2.544221	-2.673721	-10.407582	-35.383465
0.043622	2.544900	-2.724592	-10.475952	-35.435789
0.042769	2.545643	-2.775280	-10.544638	-35.487875
0.041908	2.546444	-2.825786	-10.613633	-35.539728
0.041038	2.547299	-2.876114	-10.682931	-35.591351
0.040158	2.548202	-2.926268	-10.752522	-35.642748
0.039268	2.549148	-2.976249	-10.822401	-35.693922
0.038368	2.550129	-3.026063	-10.892559	-35.744878
0.037459	2.550142	-3.075711	-10.962988	-35.795619
0.036540	2.551190	-3.125198	-11.033683	-35.846150
0.035613	2.551281	-3.174526	-11.104634	-35.896475
0.034679	2.552423	-3.223700	-11.175835	-35.946599
0.033741	2.552624	-3.272723	-11.247278	-35.996525
0.032798	2.552896	-3.321598	-11.318956	-36.046259
0.031852	2.554251	-3.370329	-11.390862	-36.095806
0.030905	2.554701	-3.418921	-11.462987	-36.145170
0.029958	2.555263	-3.467376	-11.535325	-36.194356
0.029011	2.556953	-3.515700	-11.607869	-36.243368
0.028067	2.557792	-3.563895	-11.680612	-36.292212
0.027127	2.559801	-3.611967	-11.753545	-36.340893
0.026191	2.561007	-3.659918	-11.826664	-36.389415
0.025261	2.563439	-3.707754	-11.899960	-36.437783
0.024338	2.565130	-3.755478	-11.973426	-36.486002
0.023424	2.568118	-3.803094	-12.047057	-36.534077
0.022520	2.571446	-3.850607	-12.120845	-36.582012
0.021627	2.575163	-3.898022	-12.194784	-36.629813
0.020746	2.579326	-3.945342	-12.268867	-36.677483
0.019879	2.583999	-3.992572	-12.343089	-36.725028
0.019027	2.590247	-4.039715	-12.417443	-36.772451
0.018191	2.596109	-4.086778	-12.491922	-36.819758
0.017372	2.603622	-4.133763	-12.566522	-36.866952
0.016571	2.610821	-4.180675	-12.641236	-36.914037
0.015788	2.619746	-4.227518	-12.716059	-36.961018
0.015024	2.629440	-4.274297	-12.790986	-37.007899
0.014281	2.639942	-4.321015	-12.866010	-37.054683
0.013559	2.651297	-4.367677	-12.941127	-37.101374
0.012860	2.663546	-4.414287	-13.016332	-37.147976
0.012183	2.676729	-4.460848	-13.091620	-37.194493
0.011530	2.690882	-4.507365	-13.166986	-37.240928
0.010902	2.706032	-4.553840	-13.242426	-37.287283
0.010299	2.722198	-4.600278	-13.317935	-37.333564
0.009723	2.739381	-4.646682	-13.393509	-37.379773
0.009175	2.757564	-4.693055	-13.469144	-37.425912
0.008654	2.775699	-4.739400	-13.544837	-37.471985
0.008161	2.795704	-4.785721	-13.620583	-37.517996
0.007698	2.815449	-4.832019	-13.696379	-37.563946
0.007264	2.836749	-4.878297	-13.772223	-37.609838
0.006861	2.857351	-4.924558	-13.848110	-37.655675
0.006487	2.877956	-4.970804	-13.924038	-37.701459
0.006141	2.898342	-5.017037	-14.000005	-37.747192
0.005822	2.918293	-5.063259	-14.076008	-37.792878
0.005527	2.936577	-5.109470	-14.152045	-37.838516
0.005255	2.954951	-5.155674	-14.228113	-37.884111
0.005003	2.971165	-5.201870	-14.304212	-37.929662
0.004769	2.986963	-5.248059	-14.380338	-37.975173
0.004552	3.000095	-5.294244	-14.456491	-38.020645
0.004350	3.011314	-5.340424	-14.532670	-38.066079
0.004162	3.021383	-5.386601	-14.608872	-38.111477
0.003984	3.028075	-5.432774	-14.685097	-38.156840
0.003817	3.032174	-5.478944	-14.761344	-38.202170
0.003657	3.034469	-5.525111	-14.837611	-38.247467
0.003505	3.032754	-5.571276	-14.913898	-38.292735
0.003358	3.028821	-5.617438	-14.990204	-38.337972
0.003216	3.020446	-5.663598	-15.066528	-38.383182
0.003076	3.009382	-5.709756	-15.142869	-38.428365
0.002939	2.993338	-5.755910	-15.219227	-38.473522
0.002803	2.973958	-5.802061	-15.295602	-38.518654
0.002668	2.949792	-5.848209	-15.371992	-38.563764
0.002533	2.920246	-5.894353	-15.448398	-38.608852
0.002400	2.885538	-5.940493	-15.524818	-38.653920
0.002271	2.842807	-5.986628	-15.601251	-38.698969
0.002149	2.793196	-6.032758	-15.677699	-38.744001
0.002037	2.733968	-6.078881	-15.754159	-38.789017
0.001938	2.666692	-6.124998	-15.830633	-38.834018
0.001855	2.590489	-6.171108	-15.907118	-38.879006
0.001791	2.506304	-6.217209	-15.983615	-38.923982
0.001751	2.416102	-6.263301	-16.060124	-38.968948
0.001734	2.322846	-6.309383	-16.136644	-39.013905
0.001743	2.230166	-6.355455	-16.213175	-39.058854
0.001777	2.141785	-6.401514	-16.289716	-39.103797
0.001834	2.060898	-6.447560	-16.366269	-39.148735
0.001914	1.989759	-6.493592	-16.442833	-39.193669
0.002011	1.929579	-6.539609	-16.519408	-39.238600
0.002125	1.880668	-6.585609	-16.595994	-39.283528
0.002253	1.842701	-6.631592	-16.672591	-39.328455
0.002393	1.813972	-6.677555	-16.749201	-39.373381
0.002543	1.795596	-6.723498	-16.825823	-39.418308
0.002703	1.784642	-6.769419	-16.902457	-39.463234
0.002871	1.782041	-6.815316	-16.979106	-39.508161
0.003045	1.784200	-6.861189	-17.055769	-39.553089
0.003224	1.790639	-6.907036	-17.132447	-39.598017
0.003405	1.800156	-6.952854	-17.209142	-39.642945
0.003588	1.811789	-6.998644	-17.285854	-39.687874
0.003769	1.823775	-7.044403	-17.362584	-39.732803
0.003947	1.837513	-7.090129	-17.439334	-39.777731
0.004120	1.850534	-7.135822	-17.516105	-39.822658
0.004287	1.864467	-7.181480	-17.592897	-39.867583
0.004444	1.877021	-7.227102	-17.669713	-39.912506
0.004590	1.888961	-7.272686	-17.746552	-39.957426
0.004723	1.900096	-7.318232	-17.823416	-40.002342
0.004841	1.910263	-7.363738	-17.900305	-40.047255
0.004940	1.919311	-7.409205	-17.977222	-40.092163
0.005019	1.927097	-7.454630	-18.054165	-40.137066
0.005076	1.933470	-7.500014	-18.131136	-40.181963
0.005108	1.938260	-7.545356	-18.208135	-40.226854
0.005112	1.941265	-7.590656	-18.285163	-40.271740
0.005087	1.943233	-7.635913	-18.362219	-40.316619
0.005030	1.941841	-7.681129	-18.439303	-40.361491
0.004941	1.937771	-7.726304	-18.516415	-40.406358
0.004820	1.931030	-7.771438	-18.593554	-40.451218
0.004673	1.921652	-7.816532	-18.670720	-40.496073
0.004502	1.909607	-7.861587	-18.747911	-40.540923
0.004310	1.895806	-7.906605	-18.825127	-40.585768
0.004102	1.878110	-7.951587	-18.902366	-40.630610
0.003880	1.857332	-7.996534	-18.979627	-40.675449
0.003649	1.834242	-8.041447	-19.056908	-40.720286
0.003411	1.807582	-8.086330	-19.134208	-40.765122
0.003170	1.776075	-8.131183	-19.211525	-40.809958
0.002929	1.741454	-8.176009	-19.288858	-40.854794
0.002691	1.702506	-8.220809	-19.366205	-40.899632
0.002460	1.659136	-8.265585	-19.443564	-40.944473
0.002238	1.612475	-8.310339	-19.520934	-40.989316
0.002027	1.561023	-8.355074	-19.598314	-41.034163
0.001829	1.507858	-8.399790	-19.675701	-41.079014
0.001644	1.452899	-8.444490	-19.753095	-41.123870
0.001472	1.401242	-8.489175	-19.830495	-41.168732
0.001313	1.356597	-8.533847	-19.907899	-41.213598
0.001165	1.326906	-8.578508	-19.985307	-41.258469
0.001027	1.319261	-8.623158	-20.062719	-41.303345
0.000898	1.344045	-8.667800	-20.140132	-41.348225
0.000780	1.410610	-8.712434	-20.217549	-41.393109
0.000680	1.531877	-8.757060	-20.294968	-41.437995
0.000607	1.717758	-8.801681	-20.372389	-41.482883
0.000577	1.960078	-8.846296	-20.449813	-41.527771
0.000598	2.215663	-8.890907	-20.527241	-41.572659
0.000666	2.437660	-8.935513	-20.604672	-41.617544
0.000769	2.604535	-8.980116	-20.682107	-41.662426
0.000893	2.721717	-9.024715	-20.759547	-41.707303
0.001026	2.802110	-9.069311	-20.836993	-41.752173
0.001161	2.856907	-9.113905	-20.914445	-41.797036
0.001292	2.893968	-9.158495	-20.991903	-41.841890
0.001414	2.918456	-9.203084	-21.069369	-41.886734
0.001523	2.933680	-9.247669	-21.146843	-41.931566
0.001615	2.941707	-9.292252	-21.224325	-41.976385
0.001687	2.943746	-9.336833	-21.301817	-42.021192
0.001735	2.940361	-9.381411	-21.379318	-42.065985
0.001757	2.931562	-9.425986	-21.456829	-42.110764
0.001748	2.915776	-9.470559	-21.534349	-42.155528
0.001708	2.893951	-9.515128	-21.611880	-42.200279
0.001638	2.863221	-9.559694	-21.689420	-42.245016
0.001542	2.823156	-9.604256	-21.766970	-42.289740
0.001423	2.771241	-9.648814	-21.844529	-42.334452
0.001285	2.703281	-9.693368	-21.922096	-42.379154
0.001133	2.612244	-9.737917	-21.999671	-42.423847
0.000974	2.486152	-9.782462	-22.077254	-42.468532
0.000820	2.304811	-9.827001	-22.154842	-42.513212
0.000689	2.038566	-9.871534	-22.232436	-42.557889
0.000614	1.667819	-9.916063	-22.310034	-42.602563
0.000629	1.244556	-9.960586	-22.387634	-42.647239
0.000738	0.876889	-10.005103	-22.465236	-42.691918
0.000913	0.609820	-10.049616	-22.542837	-42.736601
0.001127	0.422243	-10.094123	-22.620437	-42.781293
0.001364	0.282905	-10.138626	-22.698034	-42.825994
0.001615	0.174215	-10.183126	-22.775626	-42.870707
0.001876	0.084513	-10.227622	-22.853212	-42.915435
0.002143	0.004841	-10.272117	-22.930788	-42.960180
0.002417	-0.067080	-10.316611	-23.008355	-43.004943
0.002696	-0.134977	-10.361107	-23.085908	-43.049727
0.002983	-0.199353	-10.405605	-23.163448	-43.094533
0.003279	-0.261147	-10.450107	-23.240970	-43.139364
0.003587	-0.319965	-10.494616	-23.318474	-43.184220
0.003910	-0.374461	-10.539135	-23.395956	-43.229104
0.004248	-0.425374	-10.583666	-23.473415	-43.274017
0.004602	-0.472538	-10.628211	-23.550848	-43.318960
0.004972	-0.515879	-10.672775	-23.628252	-43.363934
0.005358	-0.554405	-10.717359	-23.705626	-43.408941
0.005759	-0.589188	-10.761968	-23.782965	-43.453982
0.006174	-0.620349	-10.806604	-23.860268	-43.499058
0.006601	-0.648043	-10.851271	-23.937533	-43.544170
0.007039	-0.671441	-10.895972	-24.014755	-43.589320
0.007486	-0.692724	-10.940711	-24.091932	-43.634509
0.007940	-0.710073	-10.985492	-24.169062	-43.679739
0.008400	-0.725665	-11.030317	-24.246141	-43.725010
0.008863	-0.737665	-11.075191	-24.323167	-43.770325
0.009327	-0.748227	-11.120116	-24.400136	-43.815684
0.009791	-0.755491	-11.165096	-24.477046	-43.861089
0.010252	-0.761581	-11.210134	-24.553894	-43.906543
0.010708	-0.765608	-11.255233	-24.630676	-43.952046
0.011158	-0.767703	-11.300397	-24.707390	-43.997602
0.011601	-0.768120	-11.345628	-24.784032	-44.043210
0.012037	-0.767102	-11.390928	-24.860600	-44.088875
0.012467	-0.765853	-11.436300	-24.937091	-44.134597
0.012891	-0.762546	-11.481746	-25.013502	-44.180379
0.013308	-0.759326	-11.527270	-25.089829	-44.226224
0.013719	-0.754319	-11.572872	-25.166071	-44.272132
0.014125	-0.749633	-11.618554	-25.242225	-44.318108
0.014526	-0.743362	-11.664320	-25.318287	-44.364153
0.014922	-0.736589	-11.710169	-25.394255	-44.410270
0.015313	-0.730387	-11.756104	-25.470126	-44.456460
0.015701	-0.722818	-11.802126	-25.545897	-44.502728
0.016085	-0.714942	-11.848236	-25.621566	-44.549076
0.016466	-0.706809	-11.894436	-25.697129	-44.595506
0.016844	-0.697466	-11.940727	-25.772585	-44.642021
0.017220	-0.687955	-11.987109	-25.847929	-44.688624
0.017595	-0.678314	-12.033583	-25.923161	-44.735318
0.017968	-0.667578	-12.080151	-25.998277	-44.782106
0.018340	-0.656779	-12.126811	-26.073273	-44.828992
0.018711	-0.644947	-12.173566	-26.148149	-44.875978
0.000000	0.000000	-12.173566	-26.148149	-44.875978
