0.050646	-0.856313	0.000000	0.000000	0.000000
0.046270	-0.816411	0.099999	0.000332	-0.000383
0.041978	-0.769497	0.199994	0.000981	-0.001102
0.037802	-0.713883	0.299984	0.001931	-0.002114
0.033781	-0.647325	0.399969	0.003167	-0.003373
0.029960	-0.566842	0.499947	0.004672	-0.004836
0.026395	-0.469549	0.599918	0.006430	-0.006460
0.023159	-0.348626	0.699883	0.008423	-0.008203
0.020343	-0.200793	0.799842	0.010634	-0.010025
0.018059	-0.020991	0.899796	0.013044	-0.011888
0.016421	0.190111	0.999745	0.015635	-0.013755
0.015511	0.423053	1.099690	0.018387	-0.015590
0.015327	0.659838	1.199632	0.021280	-0.017362
0.015761	0.881633	1.299573	0.024295	-0.019039
0.016637	1.076369	1.399512	0.027409	-0.020595
0.017774	1.243315	1.499451	0.030603	-0.022005
0.019020	1.387355	1.599391	0.033853	-0.023246
0.020264	1.512199	1.699331	0.037138	-0.024300
0.021430	1.624432	1.799273	0.040436	-0.025152
0.022469	1.728901	1.899217	0.043721	-0.025790
0.023358	1.829710	1.999163	0.046971	-0.026206
0.024097	1.930197	2.099112	0.050162	-0.026397
0.024732	2.032345	2.199064	0.053267	-0.026361
0.025322	2.136136	2.299019	0.056263	-0.026105
0.025930	2.243774	2.398977	0.059122	-0.025634
0.026617	2.352729	2.498938	0.061820	-0.024961
0.027440	2.463822	2.598903	0.064330	-0.024099
0.028445	2.573392	2.698871	0.066627	-0.023066
0.029665	2.681539	2.798843	0.068684	-0.021879
0.031119	2.784405	2.898818	0.070475	-0.020561
0.032809	2.881420	2.998797	0.071974	-0.019134
0.034723	2.972453	3.098778	0.073156	-0.017623
0.036841	3.054848	3.198763	0.073996	-0.016053
0.039133	3.129379	3.298749	0.074469	-0.014452
0.041564	-3.087034	3.398736	0.074550	-0.012847
0.044098	-3.026693	3.498723	0.074217	-0.011264
0.046697	-2.974328	3.598708	0.073445	-0.009733
0.049323	-2.928435	3.698690	0.072213	-0.008279
0.051939	-2.888508	3.798666	0.070500	-0.006931
0.054510	-2.853077	3.898634	0.068283	-0.005713
0.057001	-2.823723	3.998591	0.065545	-0.004650
0.059383	-2.798988	4.098533	0.062265	-0.003767
0.061647	-2.777106	4.198457	0.058426	-0.003084
0.063789	-2.759368	4.298359	0.054013	-0.002621
0.065810	-2.744198	4.398233	0.049008	-0.002397
0.067711	-2.731126	4.498076	0.043398	-0.002428
0.069498	-2.718755	4.597881	0.037168	-0.002731
0.071174	-2.708756	4.697644	0.030306	-0.003319
0.072747	-2.699842	4.797358	0.022801	-0.004207
0.074223	-2.690768	4.897017	0.014640	-0.005406
0.075609	-2.683315	4.996615	0.005815	-0.006930
0.076912	-2.676289	5.096145	-0.003685	-0.008789
0.078142	-2.668516	5.195601	-0.013868	-0.010994
0.079305	-2.661834	5.294975	-0.024741	-0.013555
0.080410	-2.654096	5.394260	-0.036312	-0.016482
0.081466	-2.647164	5.493449	-0.048587	-0.019786
0.082483	-2.638910	5.592534	-0.061571	-0.023476
0.083469	-2.631214	5.691507	-0.075270	-0.027564
0.084434	-2.621963	5.790360	-0.089688	-0.032058
0.085388	-2.613052	5.889085	-0.104828	-0.036971
0.086341	-2.602382	5.987674	-0.120693	-0.042313
0.087302	-2.590895	6.086118	-0.137286	-0.048097
0.088275	-2.579649	6.184408	-0.154608	-0.054335
0.089258	-2.566733	6.282536	-0.172661	-0.061041
0.090253	-2.553229	6.380493	-0.191446	-0.068228
0.091260	-2.539219	6.478269	-0.210962	-0.075913
0.092279	-2.525778	6.575854	-0.231209	-0.084110
0.093309	-2.510980	6.673239	-0.252186	-0.092834
0.094350	-2.496895	6.770414	-0.273891	-0.102103
0.095402	-2.481587	6.867369	-0.296323	-0.111931
0.096464	-2.467121	6.964093	-0.319479	-0.122336
0.097534	-2.451555	7.060575	-0.343357	-0.133335
0.098611	-2.436944	7.156806	-0.367952	-0.144944
0.099694	-2.422341	7.252773	-0.393261	-0.157180
0.100779	-2.406795	7.348466	-0.419280	-0.170060
0.101866	-2.392352	7.443873	-0.446003	-0.183602
0.102951	-2.379053	7.538982	-0.473426	-0.197822
0.104032	-2.364938	7.633782	-0.501544	-0.212735
0.105106	-2.351044	7.728260	-0.530351	-0.228358
0.106170	-2.338404	7.822404	-0.559840	-0.244707
0.107219	-2.325049	7.916201	-0.590007	-0.261798
0.108252	-2.313000	8.009639	-0.620843	-0.279644
0.109266	-2.301249	8.102704	-0.652343	-0.298260
0.110263	-2.289781	8.195384	-0.684499	-0.317660
0.111240	-2.278582	8.287666	-0.717304	-0.337857
0.112198	-2.267637	8.379535	-0.750752	-0.358865
0.113137	-2.257935	8.470979	-0.784832	-0.380694
0.114056	-2.247462	8.561984	-0.819540	-0.403357
0.114954	-2.237209	8.652535	-0.854865	-0.426864
0.115833	-2.228162	8.742619	-0.890799	-0.451227
0.116690	-2.218314	8.832222	-0.927335	-0.476456
0.117527	-2.209652	8.921330	-0.964461	-0.502560
0.118343	-2.200170	9.009928	-1.002171	-0.529549
0.119138	-2.190856	9.098002	-1.040453	-0.557430
0.119912	-2.181704	9.185538	-1.079297	-0.586215
0.120665	-2.172705	9.272522	-1.118693	-0.615909
0.121396	-2.163851	9.358940	-1.158629	-0.646521
0.122106	-2.155136	9.444776	-1.199095	-0.678059
0.122795	-2.146552	9.530018	-1.240079	-0.710528
0.123462	-2.138094	9.614649	-1.281569	-0.743935
0.124107	-2.128754	9.698657	-1.323554	-0.778286
0.124731	-2.119528	9.782027	-1.366019	-0.813588
0.125331	-2.110419	9.864745	-1.408951	-0.849844
0.125908	-2.101430	9.946798	-1.452336	-0.887061
0.126458	-2.092564	10.028171	-1.496161	-0.925243
0.126980	-2.083823	10.108851	-1.540410	-0.964393
0.127473	-2.074210	10.188824	-1.585069	-1.004515
0.127935	-2.064728	10.268078	-1.630123	-1.045613
0.128365	-2.056378	10.346599	-1.675554	-1.087689
0.128760	-2.046163	10.424375	-1.721348	-1.130746
0.129119	-2.037084	10.501393	-1.767488	-1.174784
0.129441	-2.028143	10.577641	-1.813956	-1.219805
0.129724	-2.018342	10.653107	-1.860736	-1.265810
0.129965	-2.009682	10.727781	-1.907810	-1.312799
0.130164	-2.000164	10.801650	-1.955160	-1.360770
0.130319	-1.990790	10.874705	-2.002769	-1.409724
0.130427	-1.981561	10.946934	-2.050618	-1.459657
0.130487	-1.972479	11.018330	-2.098690	-1.510567
0.130498	-1.962545	11.088881	-2.146965	-1.562452
0.130457	-1.953759	11.158580	-2.195424	-1.615307
0.130363	-1.945125	11.227419	-2.244049	-1.669129
0.130216	-1.935634	11.295389	-2.292823	-1.723912
0.130024	-1.926249	11.362485	-2.341725	-1.779651
0.129797	-1.916925	11.428699	-2.390737	-1.836339
0.129545	-1.907617	11.494025	-2.439840	-1.893970
0.129279	-1.898283	11.558459	-2.489014	-1.952537
0.129009	-1.888882	11.621996	-2.538242	-2.012033
0.128746	-1.879375	11.684630	-2.587504	-2.072450
0.128500	-1.868725	11.746357	-2.636781	-2.133781
0.128282	-1.857893	11.807173	-2.686054	-2.196019
0.128103	-1.847847	11.867076	-2.735301	-2.259157
0.127974	-1.835553	11.926061	-2.784505	-2.323187
0.127907	-1.823983	11.984125	-2.833642	-2.388103
0.127912	-1.812108	12.041264	-2.882693	-2.453899
0.128001	-1.798907	12.097476	-2.931635	-2.520569
0.128185	-1.785358	12.152757	-2.980447	-2.588107
0.128477	-1.771447	12.207103	-3.029105	-2.656510
0.128888	-1.756162	12.260511	-3.077585	-2.725772
0.129430	-1.740499	12.312978	-3.125862	-2.795890
0.130114	-1.724455	12.364499	-3.173908	-2.866862
0.130955	-1.707036	12.415071	-3.221698	-2.938686
0.131957	-1.689281	12.464689	-3.269202	-3.011360
0.133106	-1.671336	12.513348	-3.316389	-3.084883
0.134377	-1.652367	12.561042	-3.363229	-3.159256
0.135748	-1.634524	12.607768	-3.409687	-3.234477
0.137195	-1.615947	12.653519	-3.455732	-3.310548
0.138692	-1.597761	12.698289	-3.501328	-3.387468
0.140214	-1.581080	12.742072	-3.546443	-3.465234
0.141735	-1.564003	12.784863	-3.591042	-3.543847
0.143229	-1.549623	12.826655	-3.635092	-3.623301
0.144670	-1.536022	12.867442	-3.678560	-3.703594
0.146029	-1.524277	12.907215	-3.721417	-3.784719
0.147282	-1.514458	12.945969	-3.763634	-3.866670
0.148400	-1.506636	12.983693	-3.805185	-3.949437
0.149358	-1.501880	13.020379	-3.846047	-4.033010
0.150129	-1.499262	13.056016	-3.886200	-4.117377
0.150688	-1.499862	13.090594	-3.925629	-4.202522
0.151009	-1.502763	13.124101	-3.964323	-4.288430
0.151068	-1.509065	13.156522	-4.002274	-4.375081
0.150841	-1.517879	13.187846	-4.039482	-4.462456
0.150307	-1.529337	13.218058	-4.075950	-4.550532
0.149453	-1.544546	13.247145	-4.111685	-4.639284
0.148303	-1.562440	13.275093	-4.146702	-4.728686
0.146890	-1.582912	13.301891	-4.181020	-4.818709
0.145246	-1.603862	13.327526	-4.214663	-4.909324
0.143403	-1.627194	13.351989	-4.247656	-5.000499
0.141394	-1.651805	13.375273	-4.280029	-5.092205
0.139250	-1.676585	13.397372	-4.311813	-5.184408
0.137000	-1.701413	13.418282	-4.343041	-5.277077
0.134675	-1.727153	13.438003	-4.373745	-5.370181
0.132300	-1.753648	13.456537	-4.403958	-5.463688
0.129902	-1.778719	13.473886	-4.433715	-5.557569
0.127504	-1.804159	13.490057	-4.463049	-5.651792
0.125126	-1.829735	13.505055	-4.491991	-5.746330
0.122787	-1.853180	13.518889	-4.520574	-5.841154
0.120502	-1.876197	13.531570	-4.548826	-5.936238
0.118285	-1.897456	13.543108	-4.576775	-6.031557
0.116146	-1.917593	13.553517	-4.604445	-6.127088
0.114093	-1.934213	13.562808	-4.631861	-6.222806
0.112135	-1.948892	13.570996	-4.659040	-6.318693
0.110278	-1.960177	13.578094	-4.685998	-6.414729
0.108523	-1.967680	13.584117	-4.712749	-6.510896
0.106863	-1.971349	13.589080	-4.739299	-6.607179
0.105286	-1.971236	13.592998	-4.765652	-6.703565
0.103787	-1.967407	13.595886	-4.791808	-6.800040
0.102360	-1.959949	13.597758	-4.817764	-6.896594
0.101004	-1.949963	13.598630	-4.843512	-6.993219
0.099716	-1.936567	13.598518	-4.869043	-7.089905
0.098498	-1.918893	13.597437	-4.894344	-7.186645
0.097351	-1.899090	13.595403	-4.919400	-7.283434
0.096276	-1.876323	13.592433	-4.944192	-7.380266
0.095275	-1.850773	13.588544	-4.968702	-7.477138
0.094349	-1.823635	13.583753	-4.992907	-7.574046
0.093499	-1.793118	13.578077	-5.016785	-7.670987
0.092724	-1.761442	13.571536	-5.040312	-7.767960
0.092022	-1.726841	13.564148	-5.063461	-7.864963
0.091390	-1.691553	13.555933	-5.086206	-7.961995
0.090823	-1.655821	13.546914	-5.108520	-8.059055
0.090313	-1.618892	13.537110	-5.130376	-8.156143
0.089854	-1.582010	13.526545	-5.151748	-8.253260
0.089433	-1.546415	13.515241	-5.172610	-8.350404
0.089040	-1.511315	13.503220	-5.192938	-8.447576
0.088665	-1.477801	13.490505	-5.212707	-8.544774
0.088301	-1.444931	13.477120	-5.231898	-8.641998
0.087938	-1.414760	13.463086	-5.250489	-8.739247
0.087566	-1.386332	13.448426	-5.268464	-8.836520
0.087178	-1.360692	13.433161	-5.285807	-8.933814
0.086764	-1.335876	13.417309	-5.302504	-9.031128
0.086314	-1.313919	13.400892	-5.318543	-9.128458
0.085819	-1.292854	13.383928	-5.333916	-9.225802
0.085271	-1.274708	13.366434	-5.348613	-9.323157
0.084660	-1.258513	13.348427	-5.362629	-9.420519
0.083977	-1.244296	13.329924	-5.375959	-9.517884
0.083213	-1.231089	13.310938	-5.388602	-9.615248
0.082361	-1.219926	13.291484	-5.400557	-9.712606
0.081410	-1.210846	13.271577	-5.411824	-9.809954
0.080353	-1.202892	13.251227	-5.422408	-9.907288
0.079183	-1.196118	13.230449	-5.432313	-10.004603
0.077890	-1.191588	13.209253	-5.441545	-10.101894
0.076469	-1.187380	13.187650	-5.450114	-10.199156
0.074912	-1.185588	13.165653	-5.458029	-10.296385
0.073214	-1.184309	13.143271	-5.465301	-10.393576
0.071385	-1.184571	13.120516	-5.471946	-10.490725
0.069436	-1.186402	13.097396	-5.477978	-10.587829
0.067379	-1.188847	13.073924	-5.483415	-10.684883
0.065226	-1.193973	13.050108	-5.488274	-10.781884
0.062990	-1.199865	13.025958	-5.492576	-10.878829
0.060686	-1.207632	13.001483	-5.496341	-10.975714
0.058326	-1.217406	12.976692	-5.499592	-11.072538
0.055926	-1.229343	12.951595	-5.502351	-11.169298
0.053499	-1.243628	12.926198	-5.504642	-11.265992
0.051063	-1.260472	12.900509	-5.506490	-11.362618
0.048632	-1.279111	12.874536	-5.507919	-11.459176
0.046223	-1.301812	12.848285	-5.508956	-11.555663
0.043855	-1.327861	12.821763	-5.509624	-11.652080
0.041543	-1.356558	12.794976	-5.509951	-11.748425
0.039308	-1.390204	12.767929	-5.509963	-11.844697
0.037169	-1.427078	12.740627	-5.509683	-11.940898
0.035143	-1.469405	12.713075	-5.509139	-12.037026
0.033251	-1.515316	12.685276	-5.508355	-12.133081
0.031511	-1.566785	12.657235	-5.507355	-12.229064
0.029937	-1.621629	12.628954	-5.506163	-12.324974
0.028539	-1.681643	12.600438	-5.504803	-12.420812
0.027321	-1.745471	12.571687	-5.503296	-12.516578
0.026287	-1.811532	12.542704	-5.501664	-12.612272
0.025437	-1.881022	12.513491	-5.499927	-12.707894
0.024769	-1.951940	12.484049	-5.498106	-12.803444
0.024277	-2.023149	12.454379	-5.496218	-12.898923
0.023951	-2.093460	12.424482	-5.494284	-12.994329
0.023776	-2.161728	12.394359	-5.492318	-13.089664
0.023737	-2.226939	12.364010	-5.490339	-13.184927
0.023816	-2.288268	12.333434	-5.488361	-13.280117
0.023994	-2.345113	12.302633	-5.486400	-13.375235
0.024252	-2.397088	12.271605	-5.484468	-13.470280
0.024572	-2.445002	12.240349	-5.482579	-13.565251
0.024936	-2.486824	12.208866	-5.480745	-13.660148
0.025331	-2.524635	12.177155	-5.478976	-13.754971
0.025742	-2.557596	12.145213	-5.477283	-13.849717
0.026156	-2.584912	12.113042	-5.475676	-13.944387
0.026565	-2.608811	12.080638	-5.474161	-14.038979
0.026959	-2.629517	12.048002	-5.472748	-14.133493
0.027330	-2.645283	12.015131	-5.471441	-14.227927
0.027676	-2.657482	11.982025	-5.470247	-14.322281
0.027994	-2.667485	11.948682	-5.469171	-14.416552
0.028284	-2.673630	11.915101	-5.468216	-14.510740
0.028545	-2.678219	11.881280	-5.467384	-14.604843
0.028778	-2.680531	11.847218	-5.466679	-14.698861
0.028984	-2.679819	11.812913	-5.466102	-14.792791
0.029165	-2.678318	11.778365	-5.465653	-14.886632
0.029322	-2.674248	11.743570	-5.465334	-14.980383
0.029457	-2.669815	11.708529	-5.465143	-15.074043
0.029572	-2.663219	11.673240	-5.465080	-15.167609
0.029670	-2.655652	11.637700	-5.465144	-15.261080
0.029751	-2.647301	11.601910	-5.465333	-15.354456
0.029818	-2.638348	11.565866	-5.465646	-15.447734
0.029873	-2.628976	11.529569	-5.466080	-15.540913
0.029916	-2.618366	11.493017	-5.466632	-15.633992
0.029949	-2.608698	11.456209	-5.467301	-15.726969
0.029972	-2.597154	11.419143	-5.468083	-15.819842
0.029988	-2.586913	11.381819	-5.468975	-15.912611
0.029996	-2.576159	11.344236	-5.469975	-16.005275
0.029996	-2.566043	11.306393	-5.471080	-16.097831
0.029989	-2.555590	11.268289	-5.472286	-16.190279
0.029975	-2.546792	11.229925	-5.473591	-16.282618
0.029955	-2.537646	11.191298	-5.474992	-16.374846
0.029928	-2.528146	11.152410	-5.476487	-16.466963
0.029896	-2.520290	11.113260	-5.478072	-16.558967
0.029859	-2.512078	11.073848	-5.479746	-16.650858
0.029817	-2.504507	11.034173	-5.481506	-16.742634
0.029770	-2.497580	10.994237	-5.483349	-16.834294
0.029720	-2.491297	10.954039	-5.485273	-16.925839
0.029666	-2.486660	10.913579	-5.487277	-17.017267
0.029610	-2.481672	10.872859	-5.489359	-17.108577
0.029552	-2.477336	10.831878	-5.491518	-17.199768
0.029494	-2.473656	10.790637	-5.493751	-17.290841
0.029434	-2.471636	10.749137	-5.496058	-17.381794
0.029375	-2.469278	10.707379	-5.498438	-17.472626
0.029318	-2.468587	10.665363	-5.500891	-17.563338
0.029262	-2.468565	10.623089	-5.503415	-17.653928
0.029210	-2.470216	10.580560	-5.506011	-17.744397
0.029161	-2.472541	10.537775	-5.508679	-17.834742
0.029117	-2.475529	10.494736	-5.511419	-17.924965
0.029077	-2.479124	10.451444	-5.514233	-18.015064
0.029041	-2.484255	10.407900	-5.517121	-18.105040
0.029008	-2.489855	10.364104	-5.520084	-18.194890
0.028976	-2.495854	10.320058	-5.523124	-18.284616
0.028946	-2.503184	10.275762	-5.526242	-18.374216
0.028916	-2.510776	10.231219	-5.529441	-18.463691
0.028886	-2.518565	10.186429	-5.532722	-18.553039
0.028854	-2.526482	10.141394	-5.536088	-18.642260
0.028820	-2.535463	10.096114	-5.539540	-18.731355
0.028781	-2.543443	10.050592	-5.543081	-18.820322
0.028739	-2.552359	10.004828	-5.546713	-18.909162
0.028690	-2.561147	9.958824	-5.550438	-18.997873
0.028634	-2.568746	9.912582	-5.554258	-19.086457
0.028569	-2.577093	9.866102	-5.558175	-19.174912
0.028495	-2.585129	9.819388	-5.562191	-19.263239
0.028409	-2.592791	9.772440	-5.566309	-19.351438
0.028311	-2.600019	9.725261	-5.570529	-19.439508
0.028199	-2.606751	9.677852	-5.574853	-19.527449
0.028070	-2.612922	9.630215	-5.579282	-19.615262
0.027926	-2.618481	9.582352	-5.583818	-19.702946
0.027765	-2.623433	9.534266	-5.588462	-19.790503
0.027589	-2.626790	9.485958	-5.593214	-19.877932
0.027400	-2.630566	9.437431	-5.598073	-19.965233
0.027199	-2.632770	9.388686	-5.603041	-20.052407
0.026987	-2.635411	9.339727	-5.608118	-20.139454
0.026765	-2.636496	9.290554	-5.613302	-20.226374
0.026536	-2.638031	9.241172	-5.618593	-20.313169
0.026299	-2.638019	9.191581	-5.623990	-20.399839
0.026058	-2.637465	9.141784	-5.629494	-20.486384
0.025813	-2.636373	9.091783	-5.635102	-20.572804
0.025565	-2.634746	9.041581	-5.640812	-20.659101
0.025317	-2.632586	8.991179	-5.646625	-20.745274
0.025069	-2.629899	8.940580	-5.652538	-20.831325
0.024824	-2.625688	8.889785	-5.658550	-20.917254
0.024582	-2.621961	8.838796	-5.664658	-21.003061
0.024346	-2.616723	8.787616	-5.670861	-21.088747
0.024116	-2.611985	8.736245	-5.677156	-21.174312
0.023896	-2.605758	8.684687	-5.683543	-21.259758
0.023685	-2.599058	8.632941	-5.690018	-21.345083
0.023486	-2.591910	8.581010	-5.696579	-21.430289
0.023298	-2.584384	8.528894	-5.703224	-21.515376
0.023122	-2.576562	8.476596	-5.709950	-21.600345
0.022957	-2.568527	8.424115	-5.716756	-21.685194
0.022804	-2.560367	8.371454	-5.723639	-21.769926
0.022661	-2.552172	8.318612	-5.730596	-21.854539
0.022529	-2.543035	8.265591	-5.737625	-21.939033
0.022406	-2.535049	8.212391	-5.744724	-22.023410
0.022294	-2.527309	8.159014	-5.751891	-22.107668
0.022191	-2.519910	8.105459	-5.759124	-22.191809
0.022096	-2.512950	8.051728	-5.766421	-22.275831
0.022010	-2.506525	7.997820	-5.773780	-22.359734
0.021931	-2.500730	7.943737	-5.781199	-22.443520
0.021859	-2.495663	7.889480	-5.788677	-22.527187
0.021794	-2.492418	7.835047	-5.796213	-22.610735
0.021734	-2.489091	7.780441	-5.803806	-22.694165
0.021680	-2.487776	7.725662	-5.811454	-22.777476
0.021630	-2.487567	7.670711	-5.819158	-22.860668
0.021585	-2.488556	7.615587	-5.826917	-22.943742
0.021543	-2.491837	7.560292	-5.834732	-23.026696
0.021506	-2.495468	7.504826	-5.842602	-23.109531
0.021471	-2.501382	7.449191	-5.850529	-23.192246
0.021440	-2.509476	7.393386	-5.858514	-23.274843
0.021412	-2.517646	7.337414	-5.866557	-23.357319
0.021386	-2.527788	7.281275	-5.874661	-23.439676
0.021363	-2.538798	7.224970	-5.882828	-23.521914
0.021342	-2.550571	7.168500	-5.891059	-23.604032
0.021323	-2.563001	7.111866	-5.899358	-23.686031
0.021305	-2.575984	7.055070	-5.907726	-23.767910
0.021288	-2.589416	6.998113	-5.916166	-23.849670
0.021271	-2.604195	6.940996	-5.924680	-23.931310
0.021254	-2.618218	6.883721	-5.933272	-24.012832
0.021236	-2.632386	6.826289	-5.941944	-24.094234
0.021216	-2.647600	6.768701	-5.950698	-24.175518
0.021193	-2.661764	6.710960	-5.959538	-24.256683
0.021167	-2.675782	6.653066	-5.968466	-24.337730
0.021135	-2.689562	6.595022	-5.977484	-24.418659
0.021097	-2.704012	6.536829	-5.986596	-24.499470
0.021051	-2.717043	6.478488	-5.995803	-24.580165
0.020997	-2.729565	6.420002	-6.005108	-24.660743
0.020932	-2.740518	6.361372	-6.014512	-24.741205
0.020855	-2.751956	6.302600	-6.024018	-24.821551
0.020765	-2.762963	6.243688	-6.033627	-24.901782
0.020661	-2.772622	6.184638	-6.043341	-24.981899
0.020542	-2.783022	6.125451	-6.053160	-25.061902
0.020407	-2.792250	6.066130	-6.063086	-25.141792
0.020254	-2.801399	6.006677	-6.073120	-25.221571
0.020084	-2.810565	5.947093	-6.083262	-25.301239
0.019895	-2.818847	5.887381	-6.093513	-25.380796
0.019686	-2.828352	5.827544	-6.103873	-25.460245
0.019457	-2.838192	5.767583	-6.114343	-25.539587
0.019207	-2.847490	5.707501	-6.124923	-25.618822
0.018935	-2.857376	5.647302	-6.135613	-25.697954
0.018642	-2.867995	5.586988	-6.146412	-25.776982
0.018326	-2.879509	5.526561	-6.157322	-25.855910
0.017988	-2.892095	5.466025	-6.168341	-25.934739
0.017627	-2.904956	5.405384	-6.179469	-26.013472
0.017244	-2.920321	5.344641	-6.190705	-26.092111
0.016839	-2.936451	5.283800	-6.202051	-26.170658
0.016412	-2.954648	5.222865	-6.213504	-26.249116
0.015967	-2.975210	5.161840	-6.225064	-26.327489
0.015509	-2.997252	5.100730	-6.236732	-26.405780
0.015048	-3.022819	5.039539	-6.248505	-26.483991
0.014590	-3.049918	4.978272	-6.260385	-26.562127
0.014146	-3.080496	4.916934	-6.272369	-26.640191
0.013721	-3.112422	4.855530	-6.284459	-26.718188
0.013325	3.136725	4.794065	-6.296653	-26.796119
0.012963	3.100930	4.732544	-6.308952	-26.873990
0.012642	3.063877	4.670971	-6.321355	-26.951804
0.012367	3.026204	4.609352	-6.333863	-27.029564
0.012142	2.988691	4.547690	-6.346475	-27.107273
0.011970	2.951228	4.485990	-6.359192	-27.184935
0.011853	2.916783	4.424255	-6.372014	-27.262552
0.011792	2.885350	4.362489	-6.384943	-27.340127
0.011786	2.856895	4.300695	-6.397979	-27.417661
0.011835	2.834303	4.238876	-6.411123	-27.495157
0.011939	2.816332	4.177034	-6.424377	-27.572616
0.012097	2.804584	4.115169	-6.437743	-27.650038
0.012310	2.799478	4.053284	-6.451222	-27.727423
0.012580	2.800242	3.991378	-6.464817	-27.804772
0.012910	2.807722	3.929451	-6.478530	-27.882083
0.013297	2.820887	3.867501	-6.492364	-27.959354
0.013736	2.838517	3.805527	-6.506322	-28.036583
0.014225	2.859453	3.743526	-6.520406	-28.113768
0.014760	2.881640	3.681495	-6.534622	-28.190905
0.015337	2.905154	3.619431	-6.548971	-28.267991
0.015951	2.929213	3.557330	-6.563458	-28.345020
0.016596	2.954173	3.495187	-6.578087	-28.421989
0.017265	2.976525	3.432998	-6.592862	-28.498894
0.017951	2.998876	3.370759	-6.607787	-28.575728
0.018646	3.019936	3.308465	-6.622865	-28.652488
0.019342	3.039493	3.246111	-6.638100	-28.729168
0.020029	3.057403	3.183692	-6.653497	-28.805763
0.020699	3.073566	3.121204	-6.669059	-28.882269
0.021341	3.087919	3.058642	-6.684790	-28.958679
0.021947	3.101415	2.996003	-6.700693	-29.034991
0.022506	3.112020	2.933282	-6.716771	-29.111198
0.023009	3.120700	2.870476	-6.733027	-29.187298
0.023446	3.128412	2.807582	-6.749465	-29.263286
0.023807	3.134097	2.744598	-6.766086	-29.339159
0.024086	3.137736	2.681521	-6.782891	-29.414914
0.024283	3.139524	2.618351	-6.799884	-29.490550
0.024401	3.139673	2.555086	-6.817064	-29.566064
0.024443	3.139360	2.491726	-6.834434	-29.641456
0.024414	3.137730	2.428273	-6.851992	-29.716724
0.024317	3.134905	2.364725	-6.869738	-29.791869
0.024156	3.129993	2.301086	-6.887674	-29.866891
0.023933	3.125086	2.237356	-6.905797	-29.941791
0.023654	3.120270	2.173537	-6.924106	-30.016571
0.023322	3.113623	2.109632	-6.942601	-30.091231
0.022940	3.106221	2.045643	-6.961279	-30.165773
0.022512	3.098138	1.981574	-6.980138	-30.240200
0.022043	3.089453	1.917426	-6.999176	-30.314515
0.021534	3.081248	1.853204	-7.018390	-30.388720
0.020990	3.071614	1.788911	-7.037777	-30.462818
0.020413	3.061654	1.724550	-7.057333	-30.536812
0.019807	3.051485	1.660124	-7.077055	-30.610707
0.019175	3.042244	1.595638	-7.096939	-30.684505
0.018520	3.032091	1.531095	-7.116981	-30.758210
0.017843	3.022220	1.466497	-7.137176	-30.831826
0.017148	3.011808	1.401850	-7.157520	-30.905358
0.016437	3.002857	1.337155	-7.178007	-30.978808
0.015712	2.994321	1.272417	-7.198632	-31.052180
0.014975	2.986155	1.207638	-7.219391	-31.125479
0.014230	2.977310	1.142821	-7.240276	-31.198709
0.013478	2.969740	1.077970	-7.261283	-31.271873
0.012722	2.961391	1.013086	-7.282405	-31.344976
0.011965	2.954206	0.948173	-7.303637	-31.418020
0.011209	2.946121	0.883233	-7.324972	-31.491011
0.010457	2.938062	0.818268	-7.346404	-31.563951
0.009712	2.930940	0.753281	-7.367927	-31.636844
0.008977	2.922648	0.688274	-7.389534	-31.709695
0.008253	2.915050	0.623249	-7.411221	-31.782506
0.007545	2.905977	0.558209	-7.432980	-31.855281
0.006855	2.897208	0.493154	-7.454805	-31.928024
0.006185	2.886453	0.428086	-7.476691	-32.000737
0.005539	2.875321	0.363008	-7.498633	-32.073424
0.004919	2.862282	0.297922	-7.520624	-32.146088
0.004330	2.845599	0.232827	-7.542659	-32.218733
0.003773	2.826239	0.167727	-7.564733	-32.291359
0.003251	2.801754	0.102622	-7.586842	-32.363971
0.002766	2.770120	0.037513	-7.608981	-32.436571
0.002316	2.729239	-0.027598	-7.631145	-32.509161
0.001904	2.672104	-0.092710	-7.653331	-32.581743
0.001531	2.591280	-0.157822	-7.675536	-32.654320
0.001201	2.472068	-0.222934	-7.697755	-32.726893
0.000925	2.290162	-0.288043	-7.719986	-32.799463
0.000720	2.007898	-0.353151	-7.742226	-32.872034
0.000615	1.617519	-0.418255	-7.764472	-32.944605
0.000622	1.207931	-0.483354	-7.786722	-33.017179
0.000709	0.895244	-0.548449	-7.808974	-33.089756
0.000832	0.692776	-0.613539	-7.831226	-33.162338
0.000961	0.563646	-0.678623	-7.853476	-33.234926
0.001082	0.480127	-0.743701	-7.875723	-33.307520
0.001190	0.426192	-0.808772	-7.897966	-33.380122
0.001281	0.390201	-0.873836	-7.920204	-33.452732
0.001354	0.367619	-0.938892	-7.942436	-33.525350
0.001409	0.355201	-1.003941	-7.964661	-33.597977
0.001446	0.351054	-1.068982	-7.986879	-33.670614
0.001466	0.354143	-1.134015	-8.009090	-33.743259
0.001470	0.363962	-1.199039	-8.031293	-33.815915
0.001458	0.379212	-1.264055	-8.053489	-33.888580
0.001432	0.401896	-1.329063	-8.075679	-33.961255
0.001394	0.430343	-1.394062	-8.097861	-34.033939
0.001345	0.467189	-1.459053	-8.120038	-34.106633
0.001287	0.511389	-1.524036	-8.142209	-34.179336
0.001222	0.566241	-1.589010	-8.164375	-34.252048
0.001153	0.631401	-1.653977	-8.186538	-34.324767
0.001083	0.709852	-1.718935	-8.208697	-34.397495
0.001014	0.804765	-1.783886	-8.230855	-34.470231
0.000950	0.916142	-1.848830	-8.253012	-34.542973
0.000895	1.046105	-1.913766	-8.275169	-34.615721
0.000854	1.194836	-1.978696	-8.297327	-34.688475
0.000830	1.356517	-2.043619	-8.319488	-34.761234
0.000826	1.526146	-2.108536	-8.341652	-34.833998
0.000841	1.692968	-2.173447	-8.363821	-34.906765
0.000875	1.851031	-2.238353	-8.385996	-34.979535
0.000924	1.994230	-2.303254	-8.408178	-35.052307
0.000983	2.120728	-2.368151	-8.430368	-35.125081
0.001049	2.231139	-2.433044	-8.452567	-35.197855
0.001119	2.327373	-2.497934	-8.474776	-35.270629
0.001189	2.411594	-2.562821	-8.496995	-35.343402
0.001258	2.486708	-2.627706	-8.519227	-35.416174
0.001326	2.552296	-2.692589	-8.541470	-35.488944
0.001391	2.611635	-2.757471	-8.563727	-35.561711
0.001452	2.664746	-2.822352	-8.585997	-35.634474
0.001508	2.711432	-2.887234	-8.608280	-35.707232
0.001559	2.754325	-2.952116	-8.630578	-35.779986
0.001604	2.792913	-3.016999	-8.652891	-35.852735
0.001642	2.827567	-3.081883	-8.675218	-35.925477
0.001672	2.858554	-3.146770	-8.697561	-35.998213
0.001695	2.886054	-3.211659	-8.719918	-36.070942
0.001709	2.910162	-3.276552	-8.742291	-36.143664
0.001713	2.930887	-3.341447	-8.764678	-36.216379
0.001708	2.948148	-3.406346	-8.787081	-36.289086
0.001692	2.961760	-3.471248	-8.809498	-36.361785
0.001666	2.971408	-3.536154	-8.831929	-36.434476
0.001629	2.976613	-3.601064	-8.854375	-36.507159
0.001579	2.976674	-3.665978	-8.876835	-36.579835
0.001518	2.970572	-3.730896	-8.899308	-36.652503
0.001446	2.956085	-3.795817	-8.921794	-36.725164
0.001363	2.934477	-3.860741	-8.944293	-36.797819
0.001272	2.902812	-3.925668	-8.966803	-36.870467
0.001174	2.861625	-3.990597	-8.989325	-36.943110
0.001072	2.806767	-4.055528	-9.011857	-37.015748
0.000968	2.736199	-4.120460	-9.034399	-37.088382
0.000866	2.646751	-4.185393	-9.056950	-37.161012
0.000769	2.531001	-4.250326	-9.079510	-37.233640
0.000681	2.383678	-4.315257	-9.102076	-37.306267
0.000609	2.200529	-4.380188	-9.124650	-37.378892
0.000558	1.979702	-4.445116	-9.147229	-37.451518
0.000534	1.734237	-4.510042	-9.169813	-37.524145
0.000536	1.483791	-4.574964	-9.192401	-37.596773
0.000561	1.252140	-4.639883	-9.214992	-37.669404
0.000602	1.048432	-4.704797	-9.237585	-37.742038
0.000653	0.874559	-4.769707	-9.260178	-37.814676
0.000707	0.723570	-4.834612	-9.282772	-37.887318
0.000759	0.588123	-4.899512	-9.305364	-37.959965
0.000809	0.461406	-4.964407	-9.327954	-38.032617
0.000854	0.337586	-5.029296	-9.350541	-38.105275
0.000895	0.213357	-5.094182	-9.373123	-38.177938
0.000936	0.085824	-5.159063	-9.395700	-38.250607
0.000979	-0.042122	-5.223940	-9.418270	-38.323281
0.001027	-0.170730	-5.288813	-9.440833	-38.395961
0.001082	-0.295841	-5.353685	-9.463387	-38.468645
0.001145	-0.416355	-5.418555	-9.485931	-38.541334
0.001216	-0.530601	-5.483425	-9.508464	-38.614026
0.001293	-0.637539	-5.548295	-9.530986	-38.686722
0.001375	-0.736778	-5.613166	-9.553495	-38.759420
0.001461	-0.828482	-5.678041	-9.575990	-38.832120
0.001548	-0.913213	-5.742919	-9.598472	-38.904821
0.001634	-0.991793	-5.807802	-9.620939	-38.977522
0.001716	-1.065194	-5.872691	-9.643390	-39.050222
0.001793	-1.134462	-5.937587	-9.665827	-39.122921
0.001862	-1.200687	-6.002492	-9.688247	-39.195617
0.001921	-1.265994	-6.067406	-9.710652	-39.268309
0.001969	-1.329565	-6.132331	-9.733041	-39.340997
0.002004	-1.394667	-6.197266	-9.755415	-39.413680
0.002024	-1.460711	-6.262214	-9.777775	-39.486356
0.002029	-1.531322	-6.327175	-9.800120	-39.559026
0.002019	-1.607252	-6.392149	-9.822453	-39.631687
0.001999	-1.689709	-6.457137	-9.844773	-39.704339
0.001973	-1.779486	-6.522139	-9.867084	-39.776982
0.001946	-1.877957	-6.587155	-9.889385	-39.849615
0.001923	-1.982912	-6.652186	-9.911680	-39.922236
0.001909	-2.095402	-6.717232	-9.933970	-39.994846
0.001909	-2.211680	-6.782292	-9.956257	-40.067444
0.001924	-2.331298	-6.847367	-9.978544	-40.140030
0.001956	-2.450419	-6.912455	-10.000832	-40.212602
0.002005	-2.565245	-6.977557	-10.023124	-40.285161
0.002070	-2.675434	-7.042673	-10.045422	-40.357706
0.002148	-2.778357	-7.107801	-10.067728	-40.430237
0.002235	-2.872162	-7.172941	-10.090045	-40.502754
0.002327	-2.958671	-7.238093	-10.112375	-40.575257
0.002419	-3.036206	-7.303256	-10.134720	-40.647745
0.002508	-3.107409	-7.368429	-10.157081	-40.720219
0.002588	3.112090	-7.433611	-10.179461	-40.792679
0.002657	3.053031	-7.498801	-10.201860	-40.865125
0.002710	2.999686	-7.564000	-10.224282	-40.937558
0.002744	2.950146	-7.629205	-10.246726	-41.009977
0.002756	2.903404	-7.694416	-10.269194	-41.082384
0.002747	2.859163	-7.759632	-10.291686	-41.154779
0.002719	2.814264	-7.824851	-10.314203	-41.227163
0.002677	2.769725	-7.890074	-10.336745	-41.299536
0.002622	2.722705	-7.955299	-10.359311	-41.371899
0.002559	2.674481	-8.020526	-10.381902	-41.444253
0.002489	2.623464	-8.085752	-10.404518	-41.516600
0.002418	2.569230	-8.150978	-10.427158	-41.588940
0.002348	2.511584	-8.216202	-10.449821	-41.661275
0.002283	2.450634	-8.281423	-10.472507	-41.733604
0.002227	2.386878	-8.346640	-10.495215	-41.805930
0.002181	2.321266	-8.411853	-10.517944	-41.878254
0.002150	2.255215	-8.477060	-10.540695	-41.950575
0.002134	2.190549	-8.542260	-10.563466	-42.022897
0.002134	2.129352	-8.607454	-10.586258	-42.095218
0.002152	2.073757	-8.672639	-10.609069	-42.167541
0.002187	2.025730	-8.737814	-10.631899	-42.239866
0.002237	1.985891	-8.802980	-10.654748	-42.312194
0.002304	1.957410	-8.868135	-10.677617	-42.384526
0.002386	1.938972	-8.933279	-10.700506	-42.456861
0.002484	1.932500	-8.998411	-10.723414	-42.529201
0.002594	1.934388	-9.063530	-10.746343	-42.601546
0.002715	1.943713	-9.128636	-10.769295	-42.673896
0.002845	1.958701	-9.193728	-10.792269	-42.746251
0.002984	1.977797	-9.258806	-10.815267	-42.818610
0.003128	1.998682	-9.323870	-10.838291	-42.890975
0.003277	2.022276	-9.388919	-10.861342	-42.963344
0.003428	2.045714	-9.453953	-10.884422	-43.035717
0.003581	2.070320	-9.518971	-10.907532	-43.108095
0.003732	2.093576	-9.583975	-10.930675	-43.180476
0.003881	2.116099	-9.648963	-10.953851	-43.252860
0.004023	2.137606	-9.713935	-10.977063	-43.325246
0.004157	2.157893	-9.778892	-11.000312	-43.397635
0.004280	2.176815	-9.843833	-11.023600	-43.470025
0.004390	2.194265	-9.908759	-11.046927	-43.542416
0.004483	2.210162	-9.973670	-11.070296	-43.614808
0.004558	2.224432	-10.038565	-11.093706	-43.687200
0.004611	2.237001	-10.103445	-11.117160	-43.759591
0.004639	2.248779	-10.168311	-11.140657	-43.831981
0.004639	2.257645	-10.233162	-11.164199	-43.904370
0.004610	2.264524	-10.297999	-11.187784	-43.976757
0.004554	2.269626	-10.362821	-11.211414	-44.049143
0.004471	2.273188	-10.427630	-11.235087	-44.121527
0.004366	2.275398	-10.492426	-11.258802	-44.193908
0.004240	2.277413	-10.557209	-11.282559	-44.266288
0.004096	2.277371	-10.621980	-11.306357	-44.338665
0.003937	2.276399	-10.686738	-11.330193	-44.411040
0.003765	2.275627	-10.751485	-11.354068	-44.483414
0.003582	2.274196	-10.816220	-11.377978	-44.555785
0.003391	2.271275	-10.880945	-11.401922	-44.628155
0.003195	2.269076	-10.945659	-11.425898	-44.700523
0.002996	2.266876	-11.010364	-11.449905	-44.772890
0.002796	2.265044	-11.075060	-11.473941	-44.845255
0.002599	2.265076	-11.139747	-11.498003	-44.917620
0.002405	2.265644	-11.204427	-11.522090	-44.989983
0.002219	2.269643	-11.269099	-11.546200	-45.062345
0.002042	2.276252	-11.333764	-11.570330	-45.134706
0.001877	2.288979	-11.398423	-11.594481	-45.207066
0.001727	2.308670	-11.463077	-11.618649	-45.279425
0.001594	2.338415	-11.527726	-11.642834	-45.351782
0.001483	2.377991	-11.592371	-11.667034	-45.424138
0.001392	2.429517	-11.657013	-11.691248	-45.496493
0.001322	2.490896	-11.721652	-11.715476	-45.568845
0.001273	2.559983	-11.786289	-11.739717	-45.641194
0.001243	2.633749	-11.850925	-11.763970	-45.713541
0.001230	2.709714	-11.915560	-11.788235	-45.785883
0.001233	2.782528	-11.980196	-11.812511	-45.858222
0.001248	2.851489	-12.044833	-11.836799	-45.930556
0.001272	2.913800	-12.109471	-11.861098	-46.002885
0.001300	2.968566	-12.174112	-11.885408	-46.075208
0.001330	3.015600	-12.238755	-11.909730	-46.147524
0.001359	3.055174	-12.303402	-11.934062	-46.219834
0.001382	3.087792	-12.368053	-11.958405	-46.292137
0.001396	3.114013	-12.432708	-11.982759	-46.364433
0.001400	3.134328	-12.497367	-12.007124	-46.436721
0.001389	-3.134116	-12.562031	-12.031500	-46.509001
0.001362	-3.124862	-12.626700	-12.055886	-46.581273
0.001316	-3.121365	-12.691373	-12.080282	-46.653538
0.001249	-3.124441	-12.756051	-12.104688	-46.725795
0.001158	-3.136837	-12.820734	-12.129103	-46.798045
0.001042	3.123521	-12.885421	-12.153527	-46.870289
0.000904	3.083749	-12.950110	-12.177959	-46.942527
0.000747	3.018689	-13.014803	-12.202398	-47.014760
0.000578	2.906027	-13.079498	-12.226843	-47.086989
0.000407	2.683909	-13.144193	-12.251294	-47.159216
0.000273	2.171917	-13.208889	-12.275748	-47.231441
0.000276	1.316144	-13.273583	-12.300205	-47.303666
0.000431	0.787704	-13.338276	-12.324662	-47.375893
0.000642	0.551805	-13.402965	-12.349120	-47.448123
0.000874	0.423522	-13.467650	-12.373575	-47.520357
0.001114	0.339789	-13.532330	-12.398027	-47.592597
0.001358	0.275278	-13.597004	-12.422472	-47.664845
0.001604	0.220846	-13.661671	-12.446910	-47.737101
0.001849	0.172382	-13.726331	-12.471339	-47.809368
0.002091	0.124998	-13.790982	-12.495755	-47.881646
0.002331	0.078897	-13.855624	-12.520158	-47.953936
0.002569	0.032871	-13.920257	-12.544544	-48.026241
0.002803	-0.015935	-13.984880	-12.568911	-48.098560
0.003036	-0.066148	-14.049495	-12.593256	-48.170894
0.003269	-0.119219	-14.114100	-12.617578	-48.243245
0.003504	-0.174178	-14.178697	-12.641872	-48.315612
0.003747	-0.230932	-14.243287	-12.666137	-48.387996
0.004001	-0.288218	-14.307870	-12.690369	-48.460397
0.004270	-0.343903	-14.372447	-12.714565	-48.532814
0.004557	-0.398006	-14.437021	-12.738722	-48.605249
0.004862	-0.449723	-14.501592	-12.762836	-48.677699
0.005188	-0.498434	-14.566163	-12.786905	-48.750165
0.005533	-0.542703	-14.630736	-12.810923	-48.822646
0.005897	-0.583257	-14.695311	-12.834889	-48.895142
0.006279	-0.619962	-14.759892	-12.858797	-48.967653
0.006678	-0.652797	-14.824480	-12.882645	-49.040176
0.007090	-0.680821	-14.889078	-12.906428	-49.112713
0.007515	-0.706151	-14.953687	-12.930141	-49.185262
0.007949	-0.726937	-15.018309	-12.953782	-49.257822
0.008390	-0.745350	-15.082947	-12.977346	-49.330394
0.008836	-0.759563	-15.147603	-13.000829	-49.402977
0.009284	-0.771749	-15.212277	-13.024225	-49.475570
0.009732	-0.780067	-15.276973	-13.047532	-49.548174
0.010176	-0.786665	-15.341692	-13.070745	-49.620787
0.010616	-0.790672	-15.406434	-13.093860	-49.693411
0.011048	-0.792250	-15.471201	-13.116871	-49.766044
0.011472	-0.791717	-15.535995	-13.139776	-49.838688
0.011888	-0.789385	-15.600817	-13.162571	-49.911343
0.012296	-0.786513	-15.665666	-13.185250	-49.984008
0.012697	-0.781322	-15.730543	-13.207810	-50.056685
0.013090	-0.776000	-15.795450	-13.230247	-50.129375
0.013477	-0.768709	-15.860385	-13.252557	-50.202077
0.013858	-0.761588	-15.925350	-13.274736	-50.274793
0.014232	-0.752761	-15.990344	-13.296781	-50.347525
0.014601	-0.743335	-16.055367	-13.318687	-50.420272
0.014965	-0.734408	-16.120418	-13.340451	-50.493036
0.015325	-0.724065	-16.185498	-13.362069	-50.565819
0.015681	-0.713383	-16.250605	-13.383537	-50.638622
0.016034	-0.702434	-16.315739	-13.404853	-50.711445
0.016383	-0.690281	-16.380898	-13.426012	-50.784291
0.016730	-0.677983	-16.446082	-13.447011	-50.857162
0.017076	-0.665594	-16.511290	-13.467846	-50.930058
0.017420	-0.652164	-16.576520	-13.488514	-51.002981
0.017763	-0.638740	-16.641771	-13.509012	-51.075935
0.018105	-0.624364	-16.707041	-13.529336	-51.148920
0.000000	0.000000	-16.707041	-13.529336	-51.148920
