0.050817	-0.861234	0.000000	0.000000	0.000000
0.046446	-0.820855	0.099999	0.000331	-0.000386
0.042160	-0.773407	0.199994	0.000979	-0.001111
0.037993	-0.717205	0.299984	0.001928	-0.002131
0.033983	-0.650019	0.399969	0.003164	-0.003400
0.030177	-0.568910	0.499946	0.004670	-0.004875
0.026630	-0.471080	0.599917	0.006430	-0.006513
0.023416	-0.349889	0.699882	0.008427	-0.008272
0.020626	-0.202372	0.799841	0.010645	-0.010110
0.018367	-0.023917	0.899794	0.013064	-0.011990
0.016751	0.184419	0.999742	0.015667	-0.013875
0.015852	0.413278	1.099686	0.018435	-0.015729
0.015664	0.645525	1.199628	0.021347	-0.017518
0.016081	0.863422	1.299567	0.024385	-0.019214
0.016935	1.055451	1.399506	0.027527	-0.020788
0.018046	1.220798	1.499443	0.030753	-0.022214
0.019267	1.364000	1.599382	0.034041	-0.023470
0.020488	1.488446	1.699320	0.037368	-0.024538
0.021632	1.600495	1.799261	0.040712	-0.025402
0.022651	1.704861	1.899203	0.044049	-0.026050
0.023519	1.805572	1.999147	0.047356	-0.026473
0.024237	1.905935	2.099094	0.050608	-0.026667
0.024850	2.007942	2.199044	0.053781	-0.026633
0.025416	2.111605	2.298997	0.056848	-0.026373
0.025997	2.219165	2.398952	0.059785	-0.025896
0.026656	2.328131	2.498911	0.062564	-0.025211
0.027448	2.439361	2.598874	0.065160	-0.024333
0.028421	2.549213	2.698840	0.067547	-0.023278
0.029608	2.657789	2.798809	0.069697	-0.022064
0.031028	2.761212	2.898782	0.071586	-0.020712
0.032684	2.858881	2.998759	0.073186	-0.019246
0.034565	2.950624	3.098738	0.074473	-0.017688
0.036651	3.033751	3.198721	0.075420	-0.016066
0.038912	3.109005	3.298705	0.076003	-0.014404
0.041312	-3.106713	3.398691	0.076196	-0.012729
0.043816	-3.045718	3.498677	0.075977	-0.011070
0.046385	-2.992746	3.598662	0.075322	-0.009452
0.048982	-2.946294	3.698643	0.074208	-0.007904
0.051568	-2.905856	3.798620	0.072614	-0.006452
0.054109	-2.869956	3.898589	0.070519	-0.005120
0.056569	-2.840174	3.998548	0.067902	-0.003935
0.058920	-2.815046	4.098493	0.064746	-0.002917
0.061150	-2.792803	4.198421	0.061032	-0.002090
0.063259	-2.774731	4.298327	0.056744	-0.001472
0.065245	-2.759251	4.398207	0.051867	-0.001083
0.067112	-2.745890	4.498057	0.046386	-0.000937
0.068862	-2.733252	4.597870	0.040286	-0.001051
0.070503	-2.723003	4.697643	0.033556	-0.001439
0.072039	-2.713859	4.797369	0.026185	-0.002115
0.073479	-2.704572	4.897041	0.018160	-0.003090
0.074828	-2.696923	4.996655	0.009473	-0.004378
0.076096	-2.689719	5.096203	0.000113	-0.005988
0.077289	-2.681784	5.195679	-0.009927	-0.007931
0.078417	-2.674958	5.295075	-0.020654	-0.010217
0.079489	-2.667093	5.394386	-0.032076	-0.012857
0.080512	-2.660051	5.493603	-0.044199	-0.015860
0.081497	-2.651704	5.592719	-0.057029	-0.019236
0.082453	-2.643933	5.691727	-0.070569	-0.022996
0.083390	-2.634625	5.790618	-0.084825	-0.027148
0.084318	-2.625675	5.889385	-0.099799	-0.031705
0.085246	-2.614986	5.988021	-0.115496	-0.036677
0.086186	-2.603498	6.086515	-0.131917	-0.042076
0.087139	-2.592268	6.184861	-0.149063	-0.047915
0.088105	-2.579382	6.283049	-0.166938	-0.054206
0.089084	-2.565920	6.381071	-0.185541	-0.060965
0.090078	-2.551959	6.478917	-0.204872	-0.068205
0.091086	-2.538575	6.576579	-0.224932	-0.075941
0.092109	-2.523838	6.674046	-0.245720	-0.084190
0.093144	-2.509816	6.771309	-0.267234	-0.092967
0.094193	-2.494574	6.868358	-0.289474	-0.102288
0.095255	-2.480172	6.965183	-0.312436	-0.112169
0.096327	-2.464669	7.061773	-0.336120	-0.122627
0.097409	-2.450118	7.158119	-0.360520	-0.133679
0.098500	-2.435570	7.254208	-0.385635	-0.145343
0.099597	-2.420074	7.350031	-0.411461	-0.157633
0.100699	-2.405674	7.445575	-0.437993	-0.170569
0.101803	-2.392411	7.540830	-0.465227	-0.184166
0.102906	-2.378324	7.635783	-0.493158	-0.198441
0.104006	-2.364447	7.730423	-0.521781	-0.213410
0.105099	-2.351815	7.824736	-0.551091	-0.229088
0.106183	-2.338456	7.918712	-0.581083	-0.245492
0.107255	-2.326393	8.012337	-0.611749	-0.262637
0.108313	-2.314617	8.105598	-0.643085	-0.280536
0.109356	-2.303114	8.198483	-0.675083	-0.299205
0.110384	-2.291873	8.290978	-0.707738	-0.318658
0.111395	-2.280880	8.383069	-0.741042	-0.338906
0.112389	-2.271124	8.474744	-0.774989	-0.359964
0.113364	-2.260591	8.565988	-0.809570	-0.381842
0.114321	-2.250272	8.656787	-0.844780	-0.404554
0.115258	-2.241156	8.747127	-0.880608	-0.428109
0.116175	-2.231231	8.836995	-0.917048	-0.452520
0.117071	-2.222489	8.926376	-0.954091	-0.477797
0.117946	-2.212918	9.015256	-0.991728	-0.503948
0.118798	-2.203511	9.103619	-1.029950	-0.530985
0.119627	-2.194257	9.191453	-1.068746	-0.558915
0.120433	-2.185148	9.278741	-1.108107	-0.587749
0.121215	-2.176177	9.365471	-1.148023	-0.617495
0.121972	-2.167333	9.451626	-1.188481	-0.648159
0.122704	-2.158610	9.537194	-1.229471	-0.679750
0.123410	-2.150000	9.622159	-1.270982	-0.712275
0.124090	-2.140494	9.706506	-1.313001	-0.745740
0.124744	-2.131089	9.790222	-1.355515	-0.780152
0.125369	-2.121787	9.873293	-1.398511	-0.815516
0.125965	-2.112593	9.955704	-1.441974	-0.851838
0.126530	-2.103511	10.037442	-1.485891	-0.889123
0.127063	-2.094546	10.118493	-1.530247	-0.927376
0.127562	-2.084701	10.198843	-1.575028	-0.966601
0.128025	-2.074982	10.278480	-1.620216	-1.006800
0.128452	-2.066391	10.357390	-1.665797	-1.047978
0.128840	-2.055932	10.435560	-1.711754	-1.090136
0.129188	-2.046608	10.512979	-1.758070	-1.133278
0.129495	-2.037422	10.589634	-1.804728	-1.177403
0.129758	-2.027379	10.665513	-1.851711	-1.222514
0.129976	-2.018480	10.740606	-1.899000	-1.268610
0.130148	-2.008729	10.814901	-1.946578	-1.315690
0.130271	-1.999129	10.888388	-1.994426	-1.363754
0.130344	-1.989683	10.961057	-2.042527	-1.412800
0.130365	-1.980394	11.032899	-2.090862	-1.462826
0.130332	-1.970265	11.103904	-2.139411	-1.513829
0.130244	-1.961299	11.174064	-2.188156	-1.565804
0.130099	-1.952499	11.243372	-2.237077	-1.618748
0.129897	-1.942862	11.311820	-2.286157	-1.672656
0.129647	-1.933345	11.379402	-2.335376	-1.727521
0.129360	-1.923902	11.446111	-2.384715	-1.783338
0.129046	-1.914488	11.511943	-2.434155	-1.840100
0.128718	-1.905059	11.576892	-2.483676	-1.897799
0.128385	-1.895572	11.640954	-2.533261	-1.956429
0.128061	-1.885985	11.704124	-2.582889	-2.015982
0.127756	-1.875260	11.766399	-2.632542	-2.076450
0.127481	-1.864358	11.827775	-2.682201	-2.137826
0.127249	-1.854245	11.888250	-2.731844	-2.200103
0.127072	-1.841886	11.947819	-2.781452	-2.263274
0.126961	-1.830251	12.006480	-2.831005	-2.327331
0.126929	-1.818313	12.064230	-2.880481	-2.392270
0.126987	-1.805048	12.121066	-2.929859	-2.458084
0.127149	-1.791436	12.176985	-2.979117	-2.524768
0.127427	-1.777462	12.231984	-3.028232	-2.592317
0.127833	-1.762115	12.286058	-3.077179	-2.660728
0.128381	-1.746392	12.339206	-3.125934	-2.729998
0.129083	-1.730292	12.391423	-3.174470	-2.800124
0.129953	-1.712824	12.442704	-3.222761	-2.871105
0.130998	-1.695028	12.493045	-3.270776	-2.942940
0.132200	-1.677056	12.542440	-3.318487	-3.015629
0.133535	-1.658075	12.590886	-3.365861	-3.089173
0.134978	-1.640240	12.638374	-3.412866	-3.163573
0.136503	-1.621691	12.684900	-3.459470	-3.238829
0.138084	-1.603555	12.730457	-3.505637	-3.314942
0.139693	-1.586943	12.775038	-3.551334	-3.391912
0.141304	-1.569955	12.818637	-3.596527	-3.469737
0.142888	-1.555682	12.861246	-3.641182	-3.548415
0.144417	-1.542203	12.902859	-3.685268	-3.627944
0.145864	-1.530593	12.943466	-3.728753	-3.708319
0.147199	-1.520920	12.983060	-3.771609	-3.789533
0.148395	-1.513252	13.021631	-3.813810	-3.871578
0.149423	-1.508656	13.059168	-3.855332	-3.954444
0.150257	-1.506202	13.095662	-3.896156	-4.038120
0.150868	-1.506967	13.131100	-3.936265	-4.122591
0.151230	-1.510034	13.165469	-3.975650	-4.207842
0.151318	-1.516502	13.198755	-4.014302	-4.293853
0.151107	-1.525482	13.230945	-4.052220	-4.380606
0.150573	-1.537107	13.262025	-4.089408	-4.468077
0.149704	-1.552487	13.291980	-4.125873	-4.556241
0.148524	-1.570557	13.320798	-4.161629	-4.645073
0.147068	-1.591215	13.348465	-4.196696	-4.734542
0.145370	-1.612368	13.374971	-4.231098	-4.824620
0.143464	-1.635920	13.400305	-4.264860	-4.915275
0.141385	-1.660773	13.424460	-4.298013	-5.006475
0.139166	-1.685823	13.447431	-4.330588	-5.098187
0.136839	-1.710952	13.469216	-4.362617	-5.190380
0.134434	-1.737025	13.489813	-4.394135	-5.283021
0.131981	-1.763886	13.509225	-4.425173	-5.376079
0.129507	-1.789356	13.527456	-4.455768	-5.469522
0.127036	-1.815228	13.544511	-4.485952	-5.563320
0.124592	-1.841261	13.560397	-4.515757	-5.657444
0.122193	-1.865185	13.575125	-4.545216	-5.751865
0.119858	-1.888691	13.588704	-4.574357	-5.846556
0.117600	-1.910438	13.601146	-4.603208	-5.941491
0.115431	-1.931048	13.612463	-4.631796	-6.036647
0.113362	-1.948109	13.622669	-4.660142	-6.132001
0.111400	-1.963180	13.631778	-4.688265	-6.227532
0.109552	-1.974789	13.639803	-4.716182	-6.323220
0.107821	-1.982532	13.646759	-4.743905	-6.419048
0.106198	-1.986354	13.652660	-4.771442	-6.515001
0.104671	-1.986306	13.657522	-4.798795	-6.611064
0.103231	-1.982461	13.661357	-4.825965	-6.707226
0.101874	-1.974912	13.664182	-4.852948	-6.803475
0.100595	-1.964769	13.666009	-4.879735	-6.899803
0.099392	-1.951158	13.666854	-4.906317	-6.996202
0.098266	-1.933225	13.666732	-4.932681	-7.092664
0.097217	-1.913132	13.665657	-4.958810	-7.189184
0.096245	-1.890056	13.663645	-4.984687	-7.285757
0.095351	-1.864189	13.660711	-5.010290	-7.382379
0.094535	-1.836741	13.656872	-5.035598	-7.479048
0.093797	-1.805932	13.652145	-5.060586	-7.575760
0.093136	-1.773992	13.646546	-5.085229	-7.672514
0.092547	-1.739163	13.640094	-5.109501	-7.769308
0.092027	-1.703687	13.632808	-5.133374	-7.866143
0.091569	-1.667814	13.624707	-5.156820	-7.963018
0.091165	-1.630788	13.615813	-5.179812	-8.059932
0.090805	-1.593852	13.606146	-5.202321	-8.156885
0.090477	-1.558244	13.595729	-5.224320	-8.253877
0.090169	-1.523163	13.584583	-5.245784	-8.350908
0.089872	-1.489696	13.572730	-5.266690	-8.447977
0.089578	-1.456895	13.560194	-5.287014	-8.545084
0.089276	-1.426808	13.546995	-5.306736	-8.642228
0.088960	-1.398477	13.533155	-5.325837	-8.739406
0.088620	-1.372941	13.518695	-5.344301	-8.836617
0.088247	-1.348234	13.503635	-5.362114	-8.933858
0.087831	-1.326387	13.487994	-5.379263	-9.031127
0.087365	-1.305429	13.471791	-5.395738	-9.128421
0.086839	-1.287389	13.455044	-5.411530	-9.225735
0.086244	-1.271294	13.437768	-5.426633	-9.323067
0.085572	-1.257172	13.419981	-5.441041	-9.420412
0.084814	-1.244054	13.401696	-5.454754	-9.517765
0.083961	-1.232973	13.382929	-5.467768	-9.615122
0.083006	-1.223969	13.363693	-5.480087	-9.712478
0.081940	-1.216086	13.344001	-5.491712	-9.809828
0.080755	-1.209379	13.323864	-5.502648	-9.907168
0.079445	-1.204913	13.303297	-5.512902	-10.004491
0.078001	-1.200767	13.282309	-5.522482	-10.101793
0.076418	-1.199039	13.260912	-5.531398	-10.199069
0.074691	-1.197825	13.239117	-5.539663	-10.296315
0.072829	-1.198156	13.216935	-5.547290	-10.393525
0.070844	-1.200056	13.194376	-5.554295	-10.490695
0.068750	-1.202570	13.171451	-5.560695	-10.587821
0.066558	-1.207762	13.148171	-5.566508	-10.684900
0.064283	-1.213716	13.124544	-5.571756	-10.781927
0.061938	-1.221537	13.100581	-5.576458	-10.878899
0.059538	-1.231354	13.076291	-5.580638	-10.975814
0.057097	-1.243319	13.051682	-5.584318	-11.072669
0.054633	-1.257609	13.026763	-5.587523	-11.169461
0.052159	-1.274425	13.001542	-5.590277	-11.266189
0.049693	-1.292994	12.976027	-5.592606	-11.362851
0.047252	-1.315565	12.950224	-5.594535	-11.459446
0.044854	-1.341405	12.924140	-5.596090	-11.555971
0.042517	-1.369789	12.897782	-5.597298	-11.652428
0.040259	-1.402984	12.871155	-5.598184	-11.748813
0.038100	-1.439231	12.844264	-5.598774	-11.845128
0.036059	-1.480708	12.817114	-5.599094	-11.941371
0.034155	-1.525489	12.789710	-5.599168	-12.037543
0.032405	-1.575494	12.762056	-5.599022	-12.133643
0.030823	-1.628486	12.734154	-5.598678	-12.229671
0.029417	-1.686233	12.706008	-5.598161	-12.325627
0.028189	-1.747374	12.677621	-5.597492	-12.421511
0.027142	-1.810358	12.648995	-5.596693	-12.517323
0.026274	-1.876447	12.620131	-5.595783	-12.613062
0.025583	-1.943739	12.591032	-5.594783	-12.708729
0.025061	-2.011226	12.561698	-5.593711	-12.804324
0.024698	-2.077860	12.532130	-5.592585	-12.899846
0.024480	-2.142631	12.502329	-5.591422	-12.995295
0.024394	-2.204638	12.472295	-5.590238	-13.090671
0.024421	-2.263139	12.442029	-5.589048	-13.185974
0.024545	-2.317577	12.411531	-5.587867	-13.281202
0.024748	-2.367584	12.380799	-5.586707	-13.376356
0.025013	-2.413960	12.349835	-5.585583	-13.471434
0.025325	-2.454645	12.318636	-5.584504	-13.566437
0.025669	-2.491689	12.287203	-5.583482	-13.661363
0.026032	-2.524216	12.255535	-5.582527	-13.756211
0.026404	-2.551398	12.223630	-5.581648	-13.850981
0.026773	-2.575432	12.191488	-5.580854	-13.945671
0.027133	-2.596522	12.159108	-5.580150	-14.040281
0.027477	-2.612897	12.126488	-5.579544	-14.134809
0.027799	-2.625892	12.093627	-5.579041	-14.229254
0.028099	-2.636844	12.060524	-5.578646	-14.323615
0.028375	-2.644058	12.027177	-5.578362	-14.417891
0.028626	-2.649817	11.993586	-5.578193	-14.512080
0.028853	-2.653378	11.959749	-5.578142	-14.606182
0.029056	-2.653980	11.925665	-5.578209	-14.700194
0.029237	-2.653842	11.891333	-5.578397	-14.794115
0.029396	-2.651173	11.856750	-5.578706	-14.887944
0.029535	-2.648169	11.821917	-5.579135	-14.981680
0.029657	-2.643016	11.786830	-5.579684	-15.075322
0.029761	-2.636897	11.751491	-5.580354	-15.168866
0.029851	-2.629986	11.715896	-5.581141	-15.262314
0.029927	-2.622455	11.680045	-5.582046	-15.355662
0.029991	-2.614475	11.643936	-5.583065	-15.448909
0.030045	-2.605214	11.607569	-5.584197	-15.542055
0.030088	-2.596838	11.570943	-5.585440	-15.635098
0.030123	-2.586515	11.534056	-5.586792	-15.728036
0.030150	-2.577412	11.496907	-5.588249	-15.820869
0.030169	-2.567697	11.459496	-5.589809	-15.913594
0.030181	-2.558509	11.421822	-5.591470	-16.006211
0.030186	-2.548877	11.383885	-5.593229	-16.098719
0.030184	-2.540802	11.345683	-5.595082	-16.191115
0.030176	-2.532286	11.307216	-5.597029	-16.283401
0.030162	-2.523333	11.268485	-5.599065	-16.375573
0.030142	-2.515946	11.229489	-5.601190	-16.467631
0.030117	-2.508130	11.190227	-5.603399	-16.559575
0.030086	-2.500891	11.150700	-5.605692	-16.651403
0.030051	-2.494237	11.110907	-5.608066	-16.743114
0.030011	-2.488174	11.070850	-5.610518	-16.834707
0.029967	-2.483711	11.030527	-5.613047	-16.926183
0.029920	-2.478857	10.989941	-5.615652	-17.017539
0.029869	-2.474621	10.949090	-5.618331	-17.108775
0.029816	-2.471013	10.907976	-5.621083	-17.199890
0.029761	-2.469044	10.866599	-5.623905	-17.290885
0.029705	-2.466724	10.824960	-5.626799	-17.381757
0.029647	-2.466063	10.783059	-5.629762	-17.472507
0.029590	-2.466074	10.740898	-5.632795	-17.563134
0.029534	-2.467765	10.698477	-5.635897	-17.653637
0.029478	-2.470148	10.655797	-5.639069	-17.744016
0.029425	-2.473220	10.612859	-5.642311	-17.834271
0.029374	-2.476925	10.569665	-5.645624	-17.924400
0.029324	-2.482198	10.526215	-5.649008	-18.014404
0.029275	-2.487970	10.482511	-5.652466	-18.104281
0.029226	-2.494174	10.438554	-5.655999	-18.194032
0.029177	-2.501742	10.394344	-5.659607	-18.283656
0.029128	-2.509607	10.349884	-5.663294	-18.373153
0.029077	-2.517702	10.305175	-5.667061	-18.462523
0.029024	-2.525961	10.260217	-5.670910	-18.551764
0.028969	-2.535319	10.215014	-5.674844	-18.640877
0.028910	-2.543708	10.169566	-5.678865	-18.729862
0.028846	-2.553066	10.123874	-5.682974	-18.818718
0.028778	-2.562327	10.077941	-5.687175	-18.907445
0.028702	-2.570426	10.031769	-5.691470	-18.996044
0.028620	-2.579301	9.985359	-5.695859	-19.084513
0.028529	-2.587888	9.938712	-5.700347	-19.172853
0.028428	-2.596123	9.891832	-5.704933	-19.261064
0.028317	-2.603941	9.844719	-5.709621	-19.349146
0.028193	-2.611277	9.797376	-5.714412	-19.437099
0.028056	-2.618065	9.749805	-5.719308	-19.524923
0.027904	-2.624250	9.702008	-5.724309	-19.612618
0.027739	-2.629835	9.653988	-5.729416	-19.700185
0.027562	-2.633832	9.605746	-5.734630	-19.787623
0.027373	-2.638252	9.557285	-5.739953	-19.874934
0.027175	-2.641103	9.508607	-5.745383	-19.962118
0.026967	-2.644394	9.459715	-5.750921	-20.049175
0.026752	-2.646131	9.410610	-5.756566	-20.136104
0.026532	-2.648318	9.361294	-5.762319	-20.222908
0.026306	-2.648960	9.311771	-5.768179	-20.309587
0.026077	-2.649059	9.262043	-5.774145	-20.396140
0.025846	-2.648620	9.212111	-5.780216	-20.482569
0.025615	-2.647644	9.161977	-5.786391	-20.568873
0.025384	-2.646135	9.111644	-5.792669	-20.655054
0.025156	-2.644096	9.061113	-5.799049	-20.741112
0.024932	-2.640532	9.010387	-5.805529	-20.827048
0.024713	-2.637449	8.959468	-5.812107	-20.912861
0.024500	-2.632853	8.908356	-5.818782	-20.998552
0.024297	-2.628753	8.857054	-5.825551	-21.084122
0.024103	-2.623162	8.805562	-5.832414	-21.169571
0.023920	-2.617092	8.753883	-5.839368	-21.254900
0.023751	-2.610572	8.702018	-5.846411	-21.340108
0.023594	-2.603672	8.649967	-5.853541	-21.425195
0.023449	-2.596477	8.597732	-5.860756	-21.510162
0.023316	-2.589075	8.545313	-5.868053	-21.595009
0.023195	-2.581556	8.492711	-5.875431	-21.679736
0.023085	-2.574010	8.439927	-5.882888	-21.764343
0.022986	-2.565531	8.386962	-5.890420	-21.848829
0.022896	-2.558212	8.333815	-5.898027	-21.933194
0.022816	-2.551148	8.280488	-5.905707	-22.017440
0.022745	-2.544432	8.226981	-5.913456	-22.101564
0.022682	-2.538159	8.173293	-5.921275	-22.185567
0.022625	-2.532423	8.119427	-5.929161	-22.269449
0.022576	-2.527316	8.065380	-5.937112	-22.353209
0.022532	-2.522930	8.011156	-5.945128	-22.436848
0.022493	-2.520357	7.956752	-5.953207	-22.520364
0.022458	-2.517688	7.902171	-5.961349	-22.603758
0.022426	-2.517012	7.847412	-5.969553	-22.687030
0.022398	-2.517420	7.792476	-5.977818	-22.770179
0.022372	-2.518999	7.737363	-5.986145	-22.853204
0.022347	-2.522839	7.682074	-5.994534	-22.936106
0.022324	-2.526995	7.626610	-6.002985	-23.018885
0.022302	-2.533394	7.570971	-6.011500	-23.101539
0.022281	-2.541928	7.515158	-6.020079	-23.184070
0.022260	-2.550488	7.459172	-6.028725	-23.266477
0.022239	-2.560968	7.403015	-6.037438	-23.348759
0.022218	-2.572261	7.346687	-6.046222	-23.430918
0.022195	-2.584260	7.290190	-6.055078	-23.512952
0.022172	-2.596862	7.233524	-6.064009	-23.594862
0.022147	-2.609961	7.176692	-6.073017	-23.676648
0.022119	-2.623455	7.119694	-6.082105	-23.758310
0.022088	-2.638242	7.062533	-6.091275	-23.839848
0.022053	-2.652224	7.005209	-6.100530	-23.921263
0.022013	-2.666302	6.947726	-6.109874	-24.002555
0.021966	-2.681380	6.890083	-6.119308	-24.083723
0.021913	-2.695364	6.832284	-6.128835	-24.164770
0.021852	-2.709160	6.774330	-6.138458	-24.245694
0.021780	-2.722677	6.716223	-6.148179	-24.326497
0.021698	-2.736824	6.657966	-6.158000	-24.407179
0.021603	-2.749510	6.599559	-6.167924	-24.487741
0.021493	-2.761645	6.541006	-6.177953	-24.568183
0.021368	-2.772169	6.482309	-6.188088	-24.648507
0.021227	-2.783155	6.423470	-6.198330	-24.728713
0.021070	-2.793705	6.364490	-6.208681	-24.808802
0.020898	-2.802924	6.305373	-6.219142	-24.888775
0.020711	-2.812916	6.246121	-6.229713	-24.968634
0.020509	-2.821789	6.186735	-6.240395	-25.048379
0.020293	-2.830653	6.127220	-6.251189	-25.128012
0.020064	-2.839620	6.067576	-6.262095	-25.207533
0.019823	-2.847808	6.007807	-6.273113	-25.286946
0.019569	-2.857341	5.947916	-6.284242	-25.366250
0.019304	-2.867348	5.887904	-6.295484	-25.445447
0.019029	-2.876965	5.827775	-6.306837	-25.524540
0.018744	-2.887339	5.767532	-6.318303	-25.603529
0.018452	-2.898623	5.707178	-6.329880	-25.682417
0.018152	-2.910981	5.646715	-6.341568	-25.761206
0.017847	-2.924589	5.586147	-6.353368	-25.839897
0.017537	-2.938633	5.525478	-6.365280	-25.918493
0.017226	-2.955309	5.464710	-6.377303	-25.996996
0.016914	-2.972826	5.403847	-6.389437	-26.075408
0.016605	-2.992401	5.342893	-6.401683	-26.153731
0.016301	-3.014188	5.281851	-6.414041	-26.231969
0.016005	-3.037063	5.220725	-6.426511	-26.310124
0.015718	-3.062808	5.159520	-6.439094	-26.388198
0.015442	-3.089175	5.098239	-6.451791	-26.466195
0.015178	-3.117885	5.036886	-6.464603	-26.544116
0.014929	3.136556	4.975466	-6.477529	-26.621965
0.014693	3.107113	4.913983	-6.490572	-26.699745
0.014470	3.077331	4.852440	-6.503731	-26.777458
0.014259	3.047589	4.790842	-6.517008	-26.855107
0.014059	3.018277	4.729192	-6.530402	-26.932695
0.013867	2.989795	4.667495	-6.543916	-27.010224
0.013681	2.961544	4.605753	-6.557548	-27.087698
0.013496	2.935927	4.543971	-6.571300	-27.165118
0.013310	2.912345	4.482152	-6.585170	-27.242487
0.013118	2.890203	4.420298	-6.599160	-27.319807
0.012916	2.871915	4.358412	-6.613268	-27.397080
0.012699	2.855914	4.296497	-6.627493	-27.474308
0.012464	2.843664	4.234554	-6.641834	-27.551492
0.012207	2.835688	4.172586	-6.656290	-27.628635
0.011923	2.831587	4.110594	-6.670859	-27.705737
0.011614	2.832918	4.048579	-6.685538	-27.782800
0.011291	2.839700	3.986542	-6.700324	-27.859824
0.010973	2.851799	3.924482	-6.715214	-27.936810
0.010675	2.868996	3.862399	-6.730204	-28.013758
0.010415	2.889895	3.800293	-6.745291	-28.090668
0.010211	2.914828	3.738162	-6.760473	-28.167541
0.010081	2.942780	3.676006	-6.775745	-28.244374
0.010040	2.973370	3.613822	-6.791105	-28.321167
0.010104	3.001910	3.551609	-6.806552	-28.397919
0.010285	3.029558	3.489364	-6.822085	-28.474629
0.010597	3.053540	3.427085	-6.837703	-28.551292
0.011048	3.072380	3.364768	-6.853409	-28.627909
0.011650	3.085078	3.302412	-6.869204	-28.704474
0.012414	3.091187	3.240013	-6.885093	-28.780984
0.013349	3.090796	3.177567	-6.901081	-28.857437
0.014471	3.085421	3.115072	-6.917175	-28.933826
0.015792	3.073877	3.052524	-6.933386	-29.010147
0.017328	3.058129	2.989919	-6.949725	-29.086394
0.019097	3.040178	2.927254	-6.966204	-29.162562
0.021115	3.019968	2.864525	-6.982842	-29.238643
0.023396	2.998465	2.801729	-6.999657	-29.314629
0.025925	2.976873	2.738863	-7.016669	-29.390513
0.028681	2.956051	2.675924	-7.033905	-29.466287
0.031642	2.937476	2.612908	-7.051388	-29.541939
0.034785	2.920374	2.549812	-7.069149	-29.617461
0.038086	2.904808	2.486635	-7.087217	-29.692841
0.041519	2.889749	2.423372	-7.105623	-29.768068
0.045060	2.877114	2.360023	-7.124400	-29.843130
0.048684	2.866797	2.296585	-7.143581	-29.918014
0.052366	2.856682	2.233057	-7.163202	-29.992708
0.056079	2.847658	2.169437	-7.183295	-30.067198
0.059799	2.839617	2.105725	-7.203897	-30.141470
0.063501	2.832462	2.041919	-7.225042	-30.215509
0.067157	2.827107	1.978021	-7.246765	-30.289300
0.070744	2.821474	1.914031	-7.269098	-30.362829
0.074234	2.816495	1.849949	-7.292076	-30.436079
0.077604	2.812113	1.785778	-7.315729	-30.509035
0.080828	2.809275	1.721520	-7.340088	-30.581682
0.083879	2.805940	1.657177	-7.365182	-30.654002
0.086732	2.803072	1.592752	-7.391038	-30.725981
0.089368	2.799632	1.528249	-7.417680	-30.797602
0.091780	2.797563	1.463674	-7.445131	-30.868851
0.093971	2.795812	1.399031	-7.473412	-30.939714
0.095941	2.794334	1.334326	-7.502540	-31.010175
0.097691	2.792092	1.269563	-7.532531	-31.080220
0.099222	2.791057	1.204751	-7.563399	-31.149837
0.100534	2.789202	1.139895	-7.595154	-31.219013
0.101628	2.788506	1.075002	-7.627806	-31.287735
0.102505	2.786949	1.010080	-7.661361	-31.355993
0.103165	2.785515	0.945135	-7.695825	-31.423776
0.103611	2.785191	0.880177	-7.731199	-31.491074
0.103842	2.783963	0.815212	-7.767484	-31.557880
0.103859	2.783821	0.750248	-7.804678	-31.624184
0.103664	2.782755	0.685292	-7.842779	-31.689979
0.103257	2.782755	0.620352	-7.881780	-31.755262
0.102638	2.781813	0.555435	-7.921673	-31.820025
0.101810	2.781922	0.490549	-7.962449	-31.884267
0.100772	2.782075	0.425699	-8.004098	-31.947984
0.099526	2.781264	0.360892	-8.046605	-32.011176
0.098073	2.781483	0.296134	-8.089956	-32.073843
0.096415	2.781725	0.231432	-8.134135	-32.135986
0.094564	2.781983	0.166789	-8.179123	-32.197609
0.092534	2.783248	0.102210	-8.224901	-32.258716
0.090339	2.783514	0.037699	-8.271447	-32.319311
0.087992	2.783772	-0.026740	-8.318739	-32.379402
0.085508	2.784013	-0.091106	-8.366755	-32.438997
0.082900	2.785230	-0.155395	-8.415469	-32.498106
0.080181	2.785411	-0.219605	-8.464857	-32.556739
0.077367	2.786546	-0.283737	-8.514894	-32.614907
0.074469	2.786622	-0.347788	-8.565554	-32.672622
0.071503	2.786625	-0.411758	-8.616810	-32.729899
0.068482	2.787539	-0.475648	-8.668635	-32.786751
0.065420	2.787345	-0.539457	-8.721004	-32.843195
0.062330	2.787022	-0.603188	-8.773890	-32.899244
0.059226	2.787544	-0.666840	-8.827265	-32.954917
0.056123	2.786880	-0.730416	-8.881105	-33.010229
0.053033	2.785997	-0.793917	-8.935382	-33.065198
0.049971	2.784851	-0.857345	-8.990071	-33.119842
0.046951	2.783394	-0.920703	-9.045148	-33.174178
0.043985	2.781568	-0.983992	-9.100587	-33.228223
0.041087	2.779306	-1.047215	-9.156366	-33.281997
0.038262	2.775550	-1.110375	-9.212460	-33.335515
0.035512	2.772232	-1.173474	-9.268848	-33.388796
0.032842	2.767270	-1.236515	-9.325509	-33.441857
0.030256	2.762568	-1.299500	-9.382421	-33.494715
0.027755	2.756006	-1.362431	-9.439566	-33.547385
0.025345	2.749439	-1.425312	-9.496923	-33.599885
0.023029	2.740687	-1.488144	-9.554474	-33.652229
0.020810	2.730528	-1.550931	-9.612202	-33.704433
0.018693	2.719679	-1.613676	-9.670090	-33.756511
0.016680	2.705785	-1.676380	-9.728122	-33.808477
0.014775	2.689386	-1.739046	-9.786284	-33.860344
0.012984	2.670892	-1.801676	-9.844560	-33.912126
0.011308	2.647528	-1.864273	-9.902938	-33.963833
0.009754	2.620278	-1.926840	-9.961404	-34.015477
0.008324	2.585803	-1.989378	-10.019947	-34.067069
0.007024	2.544345	-2.051889	-10.078556	-34.118618
0.005858	2.492650	-2.114376	-10.137222	-34.170132
0.004832	2.427973	-2.176840	-10.195935	-34.221620
0.003950	2.347396	-2.239284	-10.254687	-34.273089
0.003214	2.248467	-2.301708	-10.313470	-34.324544
0.002617	2.129133	-2.364116	-10.372280	-34.375990
0.002151	1.990864	-2.426508	-10.431110	-34.427433
0.001800	1.837440	-2.488885	-10.489956	-34.478874
0.001543	1.683306	-2.551249	-10.548814	-34.530317
0.001356	1.544362	-2.613602	-10.607682	-34.581763
0.001210	1.436123	-2.675944	-10.666558	-34.633214
0.001084	1.373848	-2.738277	-10.725438	-34.684669
0.000967	1.368132	-2.800601	-10.784324	-34.736130
0.000856	1.432708	-2.862918	-10.843213	-34.787595
0.000766	1.583568	-2.925228	-10.902107	-34.839064
0.000720	1.823628	-2.987532	-10.961005	-34.890535
0.000749	2.110756	-3.049831	-11.019908	-34.942006
0.000860	2.369980	-3.112125	-11.078816	-34.993477
0.001035	2.561433	-3.174415	-11.137732	-35.044944
0.001250	2.690653	-3.236702	-11.196655	-35.096406
0.001483	2.776008	-3.298986	-11.255589	-35.147861
0.001721	2.832544	-3.361267	-11.314533	-35.199306
0.001950	2.870076	-3.423545	-11.373490	-35.250740
0.002160	2.894635	-3.485822	-11.432461	-35.302161
0.002343	2.909023	-3.548096	-11.491448	-35.353566
0.002498	2.918052	-3.610369	-11.550450	-35.404955
0.002626	2.921552	-3.672640	-11.609470	-35.456325
0.002729	2.922693	-3.734909	-11.668509	-35.507677
0.002806	2.920267	-3.797176	-11.727566	-35.559010
0.002861	2.915835	-3.859442	-11.786643	-35.610322
0.002894	2.910819	-3.921705	-11.845740	-35.661614
0.002905	2.903553	-3.983966	-11.904857	-35.712886
0.002898	2.895320	-4.046224	-11.963994	-35.764137
0.002872	2.887377	-4.108480	-12.023152	-35.815367
0.002830	2.877977	-4.170733	-12.082330	-35.866578
0.002771	2.869386	-4.232983	-12.141529	-35.917768
0.002698	2.859897	-4.295230	-12.200747	-35.968940
0.002612	2.851859	-4.357474	-12.259984	-36.020093
0.002513	2.843694	-4.419714	-12.319240	-36.071228
0.002402	2.837933	-4.481952	-12.378515	-36.122346
0.002281	2.834263	-4.544185	-12.437807	-36.173448
0.002151	2.833591	-4.606416	-12.497115	-36.224535
0.002012	2.837144	-4.668644	-12.556439	-36.275607
0.001865	2.846621	-4.730869	-12.615778	-36.326666
0.001713	2.865186	-4.793092	-12.675130	-36.377712
0.001556	2.892945	-4.855312	-12.734494	-36.428746
0.001398	2.934734	-4.917531	-12.793869	-36.479769
0.001240	2.992758	-4.979749	-12.853254	-36.530782
0.001087	3.075180	-5.041967	-12.912647	-36.581786
0.000945	-3.093515	-5.104186	-12.972047	-36.632781
0.000821	-2.936253	-5.166406	-13.031452	-36.683768
0.000728	-2.727748	-5.228628	-13.090861	-36.734749
0.000678	-2.473223	-5.290853	-13.150272	-36.785723
0.000679	-2.202468	-5.353081	-13.209684	-36.836692
0.000729	-1.956671	-5.415315	-13.269096	-36.887656
0.000815	-1.759551	-5.477553	-13.328505	-36.938615
0.000924	-1.611589	-5.539799	-13.387911	-36.989571
0.001043	-1.502999	-5.602051	-13.447312	-37.040524
0.001166	-1.423390	-5.664311	-13.506706	-37.091474
0.001286	-1.365728	-5.726581	-13.566094	-37.142422
0.001400	-1.322389	-5.788859	-13.625472	-37.193368
0.001504	-1.291561	-5.851148	-13.684842	-37.244313
0.001596	-1.268691	-5.913448	-13.744201	-37.295257
0.001674	-1.254096	-5.975759	-13.803549	-37.346200
0.001736	-1.245595	-6.038082	-13.862884	-37.397142
0.001783	-1.242057	-6.100417	-13.922208	-37.448084
0.001816	-1.242635	-6.162764	-13.981519	-37.499025
0.001834	-1.247750	-6.225125	-14.040817	-37.549965
0.001840	-1.255010	-6.287498	-14.100102	-37.600905
0.001834	-1.266151	-6.349884	-14.159374	-37.651844
0.001816	-1.279003	-6.412284	-14.218633	-37.702782
0.001789	-1.295466	-6.474696	-14.277880	-37.753719
0.001753	-1.314494	-6.537121	-14.337114	-37.804655
0.001708	-1.335081	-6.599559	-14.396336	-37.855589
0.001656	-1.359255	-6.662009	-14.455546	-37.906521
0.001598	-1.386070	-6.724471	-14.514746	-37.957451
0.001535	-1.414597	-6.786946	-14.573935	-38.008379
0.001467	-1.446921	-6.849431	-14.633114	-38.059303
0.001395	-1.481132	-6.911928	-14.692285	-38.110225
0.001321	-1.519322	-6.974436	-14.751447	-38.161144
0.001244	-1.559574	-7.036954	-14.810601	-38.212059
0.001165	-1.603954	-7.099481	-14.869748	-38.262970
0.001086	-1.650508	-7.162017	-14.928889	-38.313877
0.001005	-1.700252	-7.224562	-14.988024	-38.364780
0.000924	-1.753539	-7.287115	-15.047155	-38.415680
0.000842	-1.811494	-7.349675	-15.106282	-38.466575
0.000760	-1.879737	-7.412241	-15.165405	-38.517466
0.000676	-1.961774	-7.474813	-15.224526	-38.568353
0.000594	-2.068090	-7.537391	-15.283645	-38.619235
0.000517	-2.209581	-7.599972	-15.342762	-38.670114
0.000450	-2.404835	-7.662557	-15.401879	-38.720990
0.000404	-2.668984	-7.725145	-15.460996	-38.771861
0.000393	-2.990192	-7.787735	-15.520115	-38.822729
0.000426	2.972064	-7.850325	-15.579235	-38.873594
0.000503	2.710287	-7.912916	-15.638358	-38.924456
0.000612	2.521508	-7.975505	-15.697485	-38.975314
0.000746	2.391174	-8.038092	-15.756617	-39.026170
0.000900	2.301585	-8.100675	-15.815755	-39.077023
0.001071	2.239646	-8.163254	-15.874900	-39.127873
0.001257	2.196728	-8.225827	-15.934054	-39.178721
0.001459	2.167238	-8.288393	-15.993218	-39.229565
0.001675	2.146486	-8.350950	-16.052393	-39.280407
0.001907	2.133973	-8.413498	-16.111581	-39.331246
0.002155	2.125953	-8.476034	-16.170784	-39.382081
0.002418	2.123109	-8.538557	-16.230004	-39.432913
0.002695	2.122251	-8.601065	-16.289243	-39.483741
0.002983	2.123471	-8.663557	-16.348503	-39.534565
0.003278	2.126124	-8.726030	-16.407786	-39.585384
0.003578	2.129760	-8.788484	-16.467094	-39.636198
0.003880	2.133058	-8.850917	-16.526431	-39.687006
0.004180	2.137795	-8.913325	-16.585797	-39.737807
0.004477	2.141814	-8.975709	-16.645197	-39.788601
0.004767	2.147006	-9.038066	-16.704631	-39.839387
0.005048	2.151295	-9.100394	-16.764102	-39.890164
0.005316	2.155631	-9.162693	-16.823613	-39.940932
0.005569	2.159979	-9.224960	-16.883165	-39.991690
0.005803	2.164319	-9.287193	-16.942762	-40.042437
0.006017	2.168638	-9.349393	-17.002403	-40.093172
0.006206	2.172934	-9.411557	-17.062092	-40.143896
0.006369	2.177209	-9.473685	-17.121829	-40.194606
0.006501	2.181469	-9.535776	-17.181616	-40.245304
0.006601	2.185726	-9.597829	-17.241455	-40.295987
0.006666	2.190998	-9.659844	-17.301345	-40.346657
0.006692	2.195305	-9.721820	-17.361287	-40.397311
0.006678	2.199681	-9.783757	-17.421282	-40.447951
0.006626	2.204179	-9.845657	-17.481330	-40.498575
0.006538	2.208857	-9.907518	-17.541429	-40.549183
0.006418	2.213777	-9.969342	-17.601580	-40.599776
0.006269	2.220001	-10.031129	-17.661782	-40.650354
0.006093	2.225602	-10.092882	-17.722033	-40.700916
0.005893	2.231659	-10.154600	-17.782332	-40.751462
0.005673	2.239264	-10.216285	-17.842677	-40.801993
0.005436	2.247524	-10.277938	-17.903067	-40.852510
0.005184	2.255564	-10.339562	-17.963500	-40.903011
0.004920	2.265532	-10.401157	-18.023974	-40.953498
0.004648	2.276602	-10.462726	-18.084487	-41.003971
0.004371	2.288982	-10.524269	-18.145036	-41.054431
0.004091	2.303917	-10.585790	-18.205620	-41.104876
0.003811	2.319695	-10.647289	-18.266237	-41.155309
0.003535	2.338647	-10.708769	-18.326884	-41.205729
0.003267	2.359150	-10.770231	-18.387559	-41.256137
0.003008	2.383612	-10.831678	-18.448259	-41.306533
0.002762	2.411445	-10.893110	-18.508984	-41.356918
0.002533	2.444009	-10.954529	-18.569731	-41.407291
0.002322	2.479536	-11.015938	-18.630498	-41.457654
0.002131	2.520138	-11.077337	-18.691283	-41.508006
0.001957	2.564821	-11.138728	-18.752085	-41.558348
0.001800	2.613453	-11.200112	-18.812902	-41.608679
0.001659	2.665741	-11.261491	-18.873733	-41.659001
0.001532	2.722223	-11.322865	-18.934577	-41.709313
0.001418	2.780271	-11.384235	-18.995432	-41.759616
0.001315	2.841128	-11.445602	-19.056298	-41.809909
0.001221	2.902969	-11.506968	-19.117173	-41.860193
0.001134	2.964973	-11.568332	-19.178056	-41.910469
0.001053	3.026416	-11.629696	-19.238947	-41.960736
0.000975	3.086762	-11.691060	-19.299845	-42.010995
0.000897	-3.137433	-11.752424	-19.360748	-42.061246
0.000819	-3.079671	-11.813789	-19.421657	-42.111490
0.000737	-3.022468	-11.875156	-19.482570	-42.161727
0.000650	-2.964308	-11.936523	-19.543487	-42.211958
0.000556	-2.902095	-11.997892	-19.604407	-42.262183
0.000455	-2.829203	-12.059263	-19.665330	-42.312404
0.000345	-2.729055	-12.120635	-19.726254	-42.362621
0.000227	-2.547762	-12.182009	-19.787179	-42.412835
0.000118	-2.000607	-12.243383	-19.848105	-42.463046
0.000128	-0.673880	-12.304759	-19.909030	-42.513258
0.000263	-0.182065	-12.366135	-19.969955	-42.563469
0.000426	-0.028147	-12.427511	-20.030877	-42.613683
0.000600	0.041753	-12.488887	-20.091797	-42.663900
0.000782	0.078720	-12.550262	-20.152714	-42.714122
0.000969	0.098566	-12.611636	-20.213626	-42.764350
0.001160	0.107701	-12.673009	-20.274534	-42.814587
0.001354	0.109190	-12.734379	-20.335435	-42.864833
0.001548	0.104655	-12.795747	-20.396330	-42.915091
0.001743	0.096009	-12.857113	-20.457217	-42.965362
0.001937	0.081781	-12.918475	-20.518094	-43.015647
0.002130	0.063271	-12.979834	-20.578961	-43.065948
0.002322	0.041641	-13.041191	-20.639817	-43.116268
0.002512	0.014969	-13.102544	-20.700659	-43.166606
0.002701	-0.014715	-13.163895	-20.761488	-43.216964
0.002890	-0.047402	-13.225244	-20.822300	-43.267345
0.003080	-0.085076	-13.286591	-20.883095	-43.317748
0.003273	-0.125693	-13.347938	-20.943871	-43.368175
0.003471	-0.170155	-13.409285	-21.004626	-43.418628
0.003677	-0.217082	-13.470633	-21.065358	-43.469106
0.003894	-0.266249	-13.531984	-21.126064	-43.519611
0.004127	-0.316355	-13.593339	-21.186744	-43.570144
0.004376	-0.365258	-13.654701	-21.247393	-43.620704
0.004644	-0.412994	-13.716072	-21.308011	-43.671293
0.004932	-0.458785	-13.777453	-21.368593	-43.721910
0.005239	-0.502040	-13.838847	-21.429138	-43.772557
0.005567	-0.541345	-13.900256	-21.489643	-43.823234
0.005913	-0.577440	-13.961684	-21.550104	-43.873940
0.006276	-0.610193	-14.023132	-21.610519	-43.924677
0.006656	-0.639578	-14.084603	-21.670884	-43.975444
0.007050	-0.664638	-14.146100	-21.731197	-44.026242
0.007456	-0.687472	-14.207626	-21.791453	-44.077073
0.007872	-0.706212	-14.269184	-21.851650	-44.127935
0.008297	-0.723006	-14.330775	-21.911785	-44.178831
0.008727	-0.736010	-14.392404	-21.971853	-44.229760
0.009160	-0.747379	-14.454072	-22.031851	-44.280723
0.009595	-0.755260	-14.515782	-22.091776	-44.331722
0.010029	-0.761792	-14.577536	-22.151624	-44.382757
0.010460	-0.766098	-14.639338	-22.211392	-44.433830
0.010887	-0.768326	-14.701188	-22.271076	-44.484941
0.011308	-0.768743	-14.763090	-22.330672	-44.536092
0.011724	-0.767606	-14.825045	-22.390178	-44.587285
0.012134	-0.766134	-14.887055	-22.449589	-44.638521
0.012540	-0.762511	-14.949121	-22.508903	-44.689801
0.012940	-0.758896	-15.011245	-22.568116	-44.741127
0.013335	-0.753427	-15.073429	-22.627224	-44.792502
0.013726	-0.748221	-15.135674	-22.686225	-44.843927
0.014113	-0.741383	-15.197981	-22.745115	-44.895403
0.014496	-0.734003	-15.260351	-22.803891	-44.946934
0.014875	-0.727164	-15.322785	-22.862549	-44.998521
0.015251	-0.718936	-15.385284	-22.921087	-45.050166
0.015624	-0.710384	-15.447848	-22.979502	-45.101872
0.015995	-0.701566	-15.510478	-23.037789	-45.153641
0.016363	-0.691535	-15.573175	-23.095947	-45.205475
0.016730	-0.681338	-15.635939	-23.153972	-45.257378
0.017094	-0.671018	-15.698769	-23.211860	-45.309351
0.017458	-0.659616	-15.761667	-23.269610	-45.361397
0.017821	-0.648167	-15.824632	-23.327218	-45.413520
0.018184	-0.635705	-15.887664	-23.384681	-45.465722
0.000000	0.000000	-15.887664	-23.384681	-45.465722
