0.050869	-0.862629	0.000000	0.000000	0.000000
0.046507	-0.822400	0.099999	0.000331	-0.000386
0.042230	-0.775161	0.199994	0.000978	-0.001114
0.038071	-0.719253	0.299984	0.001927	-0.002136
0.034068	-0.652484	0.399968	0.003162	-0.003410
0.030266	-0.571965	0.499946	0.004668	-0.004890
0.026721	-0.474972	0.599917	0.006429	-0.006534
0.023505	-0.354940	0.699882	0.008427	-0.008300
0.020705	-0.208961	0.799840	0.010645	-0.010148
0.018428	-0.032363	0.899793	0.013066	-0.012039
0.016783	0.174093	0.999741	0.015671	-0.013935
0.015846	0.401599	1.099685	0.018441	-0.015803
0.015615	0.633518	1.199626	0.021357	-0.017608
0.015991	0.852151	1.299565	0.024399	-0.019321
0.016806	1.045597	1.399503	0.027546	-0.020914
0.017885	1.212612	1.499440	0.030777	-0.022361
0.019080	1.357477	1.599378	0.034071	-0.023641
0.020279	1.483485	1.699316	0.037405	-0.024734
0.021406	1.596993	1.799256	0.040757	-0.025625
0.022412	1.702747	1.899198	0.044104	-0.026302
0.023271	1.804822	1.999142	0.047421	-0.026757
0.023984	1.906565	2.099088	0.050683	-0.026986
0.024595	2.009979	2.199038	0.053867	-0.026988
0.025166	2.115060	2.298990	0.056946	-0.026768
0.025759	2.224009	2.398946	0.059895	-0.026333
0.026435	2.334273	2.498905	0.062687	-0.025693
0.027251	2.446636	2.598867	0.065296	-0.024862
0.028253	2.557391	2.698833	0.067696	-0.023857
0.029474	2.666594	2.798803	0.069860	-0.022696
0.030932	2.770357	2.898777	0.071762	-0.021400
0.032627	2.868096	2.998754	0.073376	-0.019992
0.034549	2.959686	3.098734	0.074676	-0.018497
0.036674	3.042492	3.198717	0.075635	-0.016939
0.038973	3.117313	3.298703	0.076230	-0.015345
0.041409	-3.098902	3.398690	0.076435	-0.013742
0.043947	-3.038427	3.498677	0.076227	-0.012157
0.046547	-2.985974	3.598663	0.075581	-0.010618
0.049172	-2.940018	3.698646	0.074476	-0.009151
0.051784	-2.900043	3.798624	0.072889	-0.007783
0.054348	-2.864568	3.898595	0.070799	-0.006539
0.056829	-2.835167	3.998555	0.068187	-0.005445
0.059197	-2.810378	4.098501	0.065033	-0.004523
0.061444	-2.788435	4.198429	0.061320	-0.003794
0.063567	-2.770629	4.298336	0.057032	-0.003278
0.065565	-2.755385	4.398216	0.052151	-0.002994
0.067442	-2.742233	4.498066	0.046665	-0.002957
0.069202	-2.729780	4.597879	0.040558	-0.003184
0.070851	-2.719696	4.697650	0.033820	-0.003688
0.072394	-2.710699	4.797374	0.026437	-0.004483
0.073839	-2.701542	4.897044	0.018398	-0.005582
0.075193	-2.694010	4.996655	0.009695	-0.006996
0.076465	-2.686909	5.096199	0.000318	-0.008735
0.077661	-2.679066	5.195670	-0.009743	-0.010812
0.078792	-2.672321	5.295061	-0.020493	-0.013235
0.079864	-2.664526	5.394365	-0.031941	-0.016015
0.080889	-2.657546	5.493574	-0.044091	-0.019162
0.081874	-2.649253	5.592681	-0.056950	-0.022685
0.082830	-2.641527	5.691678	-0.070523	-0.026595
0.083765	-2.632257	5.790558	-0.084813	-0.030902
0.084691	-2.623337	5.889313	-0.099824	-0.035616
0.085618	-2.612671	5.987934	-0.115559	-0.040749
0.086556	-2.601199	6.086412	-0.132021	-0.046312
0.087506	-2.589980	6.184741	-0.149211	-0.052318
0.088469	-2.577099	6.282910	-0.167130	-0.058780
0.089446	-2.563639	6.380910	-0.185780	-0.065713
0.090437	-2.549677	6.478734	-0.205159	-0.073130
0.091442	-2.536290	6.576370	-0.225269	-0.081048
0.092461	-2.521549	6.673810	-0.246108	-0.089481
0.093494	-2.507524	6.771045	-0.267675	-0.098445
0.094540	-2.492279	6.868063	-0.289969	-0.107957
0.095598	-2.477878	6.964855	-0.312987	-0.118033
0.096668	-2.462378	7.061410	-0.336727	-0.128689
0.097747	-2.447835	7.157717	-0.361185	-0.139943
0.098835	-2.433301	7.253766	-0.386358	-0.151811
0.099930	-2.417824	7.349546	-0.412243	-0.164310
0.101029	-2.403451	7.445045	-0.438834	-0.177457
0.102131	-2.390223	7.540252	-0.466128	-0.191270
0.103231	-2.376180	7.635154	-0.494119	-0.205762
0.104329	-2.362357	7.729740	-0.522804	-0.220952
0.105420	-2.349790	7.823997	-0.552175	-0.236855
0.106502	-2.336507	7.917913	-0.582228	-0.253487
0.107572	-2.324532	8.011475	-0.612955	-0.270862
0.108627	-2.312854	8.104671	-0.644353	-0.288995
0.109668	-2.301461	8.197487	-0.676413	-0.307900
0.110693	-2.290336	8.289909	-0.709130	-0.327591
0.111701	-2.279467	8.381925	-0.742496	-0.348080
0.112692	-2.269839	8.473520	-0.776504	-0.369382
0.113664	-2.259440	8.564681	-0.811148	-0.391506
0.114617	-2.249258	8.655394	-0.846419	-0.414465
0.115550	-2.240280	8.745644	-0.882310	-0.438270
0.116463	-2.230495	8.835418	-0.918812	-0.462933
0.117354	-2.221892	8.924701	-0.955917	-0.488462
0.118223	-2.212460	9.013479	-0.993617	-0.514868
0.119070	-2.203189	9.101736	-1.031902	-0.542160
0.119894	-2.194068	9.189460	-1.070762	-0.570347
0.120694	-2.185089	9.276634	-1.110187	-0.599438
0.121470	-2.176242	9.363245	-1.150167	-0.629441
0.122221	-2.167518	9.449278	-1.190690	-0.660364
0.122946	-2.158907	9.534718	-1.231745	-0.692213
0.123646	-2.150402	9.619552	-1.273321	-0.724997
0.124319	-2.140994	9.703763	-1.315406	-0.758720
0.124966	-2.131677	9.787339	-1.357986	-0.793390
0.125585	-2.122454	9.870265	-1.401049	-0.829012
0.126174	-2.113333	9.952527	-1.444580	-0.865591
0.126733	-2.104316	10.034111	-1.488565	-0.903133
0.127259	-2.095411	10.115003	-1.532990	-0.941641
0.127752	-2.085620	10.195190	-1.577839	-0.981120
0.128210	-2.075950	10.274658	-1.623098	-1.021573
0.128631	-2.067404	10.353396	-1.668748	-1.063003
0.129015	-2.056986	10.431389	-1.714776	-1.105412
0.129358	-2.047701	10.508625	-1.761163	-1.148803
0.129661	-2.038552	10.585093	-1.807893	-1.193176
0.129920	-2.028543	10.660781	-1.854948	-1.238532
0.130136	-2.019678	10.735678	-1.902309	-1.284872
0.130305	-2.009961	10.809772	-1.949960	-1.332195
0.130426	-2.000395	10.883053	-1.997882	-1.380500
0.130498	-1.990984	10.955512	-2.046057	-1.429784
0.130518	-1.981732	11.027138	-2.094466	-1.480046
0.130486	-1.971642	11.097923	-2.143090	-1.531282
0.130399	-1.962719	11.167859	-2.191910	-1.583490
0.130256	-1.953965	11.236937	-2.240907	-1.636664
0.130057	-1.944378	11.305151	-2.290063	-1.690799
0.129810	-1.934916	11.372493	-2.339358	-1.745889
0.129527	-1.925531	11.438958	-2.388774	-1.801929
0.129218	-1.916179	11.504541	-2.438292	-1.858911
0.128894	-1.906814	11.569236	-2.487891	-1.916828
0.128566	-1.897394	11.633039	-2.537555	-1.975674
0.128246	-1.887876	11.695945	-2.587262	-2.035440
0.127945	-1.877222	11.757950	-2.636996	-2.096118
0.127674	-1.866391	11.819052	-2.686735	-2.157702
0.127445	-1.856350	11.879247	-2.736459	-2.220185
0.127270	-1.844062	11.938531	-2.786150	-2.283559
0.127161	-1.832497	11.996902	-2.835786	-2.347817
0.127129	-1.820626	12.054356	-2.885346	-2.412954
0.127187	-1.807425	12.110891	-2.934809	-2.478963
0.127346	-1.793873	12.166504	-2.984152	-2.545840
0.127621	-1.779953	12.221191	-3.033352	-2.613579
0.128022	-1.764654	12.274949	-3.082387	-2.682177
0.128563	-1.748971	12.327774	-3.131229	-2.751632
0.129256	-1.732903	12.379663	-3.179854	-2.821939
0.130116	-1.715457	12.430611	-3.228235	-2.893099
0.131148	-1.697671	12.480613	-3.276341	-2.965109
0.132335	-1.679698	12.529666	-3.324143	-3.037971
0.133654	-1.660705	12.577762	-3.371609	-3.111685
0.135079	-1.642848	12.624897	-3.418708	-3.186250
0.136586	-1.624268	12.671065	-3.465405	-3.261669
0.138148	-1.606091	12.716258	-3.511667	-3.337940
0.139738	-1.589430	12.760472	-3.557459	-3.415065
0.141329	-1.572388	12.803699	-3.602749	-3.493041
0.142894	-1.558053	12.845932	-3.647501	-3.571867
0.144404	-1.544509	12.887165	-3.691685	-3.651540
0.145832	-1.532829	12.927388	-3.735269	-3.732054
0.147149	-1.523084	12.966595	-3.778225	-3.813403
0.148328	-1.515341	13.004775	-3.820526	-3.895579
0.149341	-1.510670	13.041919	-3.862149	-3.978571
0.150160	-1.508141	13.078016	-3.903075	-4.062369
0.150758	-1.508831	13.113055	-3.943288	-4.146958
0.151110	-1.511825	13.147023	-3.982776	-4.232321
0.151189	-1.518220	13.179906	-4.021533	-4.318441
0.150970	-1.527129	13.211691	-4.059556	-4.405297
0.150432	-1.538686	13.242364	-4.096849	-4.492866
0.149560	-1.553999	13.271911	-4.133419	-4.581125
0.148380	-1.572004	13.300320	-4.169281	-4.670045
0.146925	-1.592598	13.327577	-4.204455	-4.759599
0.145230	-1.613687	13.353672	-4.238963	-4.849756
0.143330	-1.637174	13.378594	-4.272832	-4.940485
0.141257	-1.661963	13.402337	-4.306091	-5.031754
0.139044	-1.686947	13.424896	-4.338772	-5.123532
0.136724	-1.712007	13.446268	-4.370906	-5.215785
0.134327	-1.738010	13.466453	-4.402528	-5.308481
0.131881	-1.764799	13.485452	-4.433671	-5.401590
0.129414	-1.790195	13.503270	-4.464368	-5.495078
0.126951	-1.815990	13.519912	-4.494654	-5.588918
0.124513	-1.841946	13.535386	-4.524560	-5.683078
0.122120	-1.865791	13.549701	-4.554117	-5.777532
0.119789	-1.889219	13.562867	-4.583356	-5.872251
0.117535	-1.910890	13.574897	-4.612304	-5.967211
0.115369	-1.931426	13.585802	-4.640985	-6.062386
0.113301	-1.948419	13.595597	-4.669424	-6.157756
0.111339	-1.963428	13.604294	-4.697638	-6.253298
0.109490	-1.974985	13.611908	-4.725644	-6.348994
0.107757	-1.982684	13.618454	-4.753454	-6.444826
0.106130	-1.986473	13.623946	-4.781075	-6.540778
0.104597	-1.986403	13.628398	-4.808512	-6.636838
0.103151	-1.982546	13.631826	-4.835763	-6.732992
0.101785	-1.974993	13.634242	-4.862824	-6.829231
0.100497	-1.964855	13.635663	-4.889688	-6.925544
0.099284	-1.951256	13.636103	-4.916345	-7.021925
0.098147	-1.933341	13.635577	-4.942783	-7.118365
0.097084	-1.913270	13.634099	-4.968984	-7.214860
0.096098	-1.890218	13.631686	-4.994931	-7.311405
0.095188	-1.864378	13.628353	-5.020603	-7.407997
0.094355	-1.836954	13.624117	-5.045978	-7.504631
0.093598	-1.806165	13.618995	-5.071033	-7.601306
0.092916	-1.774242	13.613003	-5.095741	-7.698019
0.092306	-1.739420	13.606161	-5.120078	-7.794771
0.091763	-1.703945	13.598488	-5.144016	-7.891560
0.091280	-1.668061	13.590003	-5.167526	-7.988386
0.090851	-1.631013	13.580728	-5.190581	-8.085249
0.090464	-1.594044	13.570684	-5.213154	-8.182149
0.090108	-1.558387	13.559892	-5.235218	-8.279086
0.089771	-1.523245	13.548376	-5.256747	-8.376059
0.089443	-1.489702	13.536158	-5.277719	-8.473069
0.089118	-1.456812	13.523260	-5.298111	-8.570114
0.088786	-1.426620	13.509704	-5.317903	-8.667195
0.088439	-1.398172	13.495512	-5.337075	-8.764308
0.088069	-1.372504	13.480705	-5.355613	-8.861453
0.087666	-1.347653	13.465304	-5.373503	-8.958627
0.087222	-1.325651	13.449327	-5.390731	-9.055827
0.086729	-1.304527	13.432793	-5.407288	-9.153051
0.086177	-1.286312	13.415721	-5.423166	-9.250295
0.085559	-1.270033	13.398127	-5.438358	-9.347556
0.084865	-1.255721	13.380027	-5.452860	-9.444829
0.084088	-1.242406	13.361436	-5.466670	-9.542111
0.083219	-1.231125	13.342370	-5.479786	-9.639396
0.082251	-1.221917	13.322841	-5.492211	-9.736680
0.081174	-1.213828	13.302863	-5.503947	-9.833959
0.079983	-1.206913	13.282448	-5.514998	-9.931227
0.078669	-1.202239	13.261609	-5.525372	-10.028480
0.077227	-1.197886	13.240356	-5.535077	-10.125712
0.075648	-1.195952	13.218702	-5.544122	-10.222920
0.073930	-1.194535	13.196657	-5.552521	-10.320097
0.072080	-1.194663	13.174232	-5.560286	-10.417241
0.070112	-1.196363	13.151437	-5.567434	-10.514345
0.068036	-1.198679	13.128284	-5.573981	-10.611408
0.065866	-1.203675	13.104782	-5.579945	-10.708423
0.063613	-1.209435	13.080940	-5.585348	-10.805389
0.061293	-1.217066	13.056769	-5.590208	-10.902302
0.058919	-1.226696	13.032277	-5.594550	-10.999160
0.056504	-1.238477	13.007474	-5.598394	-11.095958
0.054066	-1.252588	12.982367	-5.601767	-11.192697
0.051618	-1.269234	12.956964	-5.604691	-11.289372
0.049177	-1.287645	12.931272	-5.607192	-11.385983
0.046760	-1.310073	12.905298	-5.609295	-11.482528
0.044384	-1.335794	12.879050	-5.611026	-11.579006
0.042066	-1.364092	12.852532	-5.612411	-11.675416
0.039827	-1.397248	12.825751	-5.613476	-11.771757
0.037683	-1.433519	12.798711	-5.614245	-11.868029
0.035655	-1.475107	12.771417	-5.614745	-11.964231
0.033760	-1.520113	12.743873	-5.615001	-12.060363
0.032017	-1.570490	12.716084	-5.615036	-12.156424
0.030441	-1.624034	12.688051	-5.614876	-12.252414
0.029038	-1.682532	12.659779	-5.614541	-12.348334
0.027814	-1.744637	12.631269	-5.614055	-12.444182
0.026771	-1.808793	12.602524	-5.613439	-12.539960
0.025909	-1.876242	12.573545	-5.612714	-12.635666
0.025226	-1.945047	12.544334	-5.611899	-12.731301
0.024715	-2.014148	12.514892	-5.611013	-12.826865
0.024366	-2.082433	12.485219	-5.610073	-12.922356
0.024166	-2.148830	12.455316	-5.609098	-13.017776
0.024100	-2.212379	12.425184	-5.608103	-13.113123
0.024150	-2.272292	12.394821	-5.607103	-13.208397
0.024299	-2.327981	12.364229	-5.606114	-13.303597
0.024528	-2.379058	12.333407	-5.605148	-13.398724
0.024821	-2.426319	12.302354	-5.604219	-13.493776
0.025160	-2.467707	12.271070	-5.603338	-13.588752
0.025531	-2.505281	12.239553	-5.602516	-13.683652
0.025921	-2.538178	12.207803	-5.601763	-13.778475
0.026317	-2.565582	12.175819	-5.601089	-13.873220
0.026711	-2.589702	12.143599	-5.600502	-13.967885
0.027092	-2.610752	12.111142	-5.600008	-14.062470
0.027455	-2.626970	12.078448	-5.599615	-14.156974
0.027795	-2.639710	12.045514	-5.599328	-14.251394
0.028110	-2.650324	12.012339	-5.599152	-14.345731
0.028399	-2.657135	11.978922	-5.599091	-14.439983
0.028660	-2.662433	11.945262	-5.599147	-14.534147
0.028894	-2.665485	11.911357	-5.599323	-14.628224
0.029103	-2.665536	11.877205	-5.599620	-14.722211
0.029286	-2.664813	11.842806	-5.600041	-14.816107
0.029445	-2.661527	11.808158	-5.600585	-14.909911
0.029582	-2.657876	11.773259	-5.601251	-15.003622
0.029699	-2.652052	11.738108	-5.602041	-15.097237
0.029796	-2.645235	11.702704	-5.602952	-15.190756
0.029875	-2.637604	11.667046	-5.603983	-15.284176
0.029939	-2.629331	11.631132	-5.605133	-15.377498
0.029987	-2.620588	11.594961	-5.606398	-15.470718
0.030022	-2.610543	11.558532	-5.607778	-15.563836
0.030044	-2.601365	11.521844	-5.609269	-15.656852
0.030055	-2.590221	11.484897	-5.610869	-15.749762
0.030054	-2.580283	11.447689	-5.612575	-15.842566
0.030042	-2.569718	11.410219	-5.614383	-15.935264
0.030020	-2.559671	11.372488	-5.616292	-16.027853
0.029987	-2.549173	11.334495	-5.618297	-16.120332
0.029946	-2.540231	11.296239	-5.620397	-16.212701
0.029897	-2.530854	11.257721	-5.622587	-16.304959
0.029841	-2.521051	11.218939	-5.624866	-16.397105
0.029778	-2.512834	11.179896	-5.627230	-16.489138
0.029710	-2.504217	11.140589	-5.629677	-16.581056
0.029637	-2.496215	11.101021	-5.632204	-16.672860
0.029561	-2.488844	11.061191	-5.634808	-16.764549
0.029482	-2.482122	11.021100	-5.637488	-16.856121
0.029401	-2.477067	10.980748	-5.640241	-16.947577
0.029321	-2.471698	10.940136	-5.643065	-17.038915
0.029241	-2.467035	10.899265	-5.645959	-17.130136
0.029162	-2.463098	10.858135	-5.648921	-17.221238
0.029087	-2.460907	10.816748	-5.651951	-17.312221
0.029016	-2.458482	10.775104	-5.655046	-17.403085
0.028950	-2.457842	10.733204	-5.658206	-17.493828
0.028892	-2.458005	10.691049	-5.661431	-17.584451
0.028841	-2.459987	10.648639	-5.664721	-17.674953
0.028801	-2.462802	10.605976	-5.668076	-17.765334
0.028771	-2.466447	10.563061	-5.671496	-17.855592
0.028752	-2.470846	10.519894	-5.674984	-17.945728
0.028741	-2.476909	10.476476	-5.678539	-18.035740
0.028739	-2.483543	10.432809	-5.682164	-18.125629
0.028744	-2.490656	10.388892	-5.685860	-18.215394
0.028754	-2.499157	10.344727	-5.689629	-18.305033
0.028769	-2.507957	10.300315	-5.693474	-18.394547
0.028787	-2.516967	10.255656	-5.697397	-18.483935
0.028806	-2.526101	10.210752	-5.701401	-18.573197
0.028826	-2.536276	10.165602	-5.705487	-18.662331
0.028844	-2.545408	10.120210	-5.709660	-18.751337
0.028859	-2.555420	10.074574	-5.713921	-18.840214
0.028869	-2.565232	10.028697	-5.718273	-18.928963
0.028873	-2.573771	9.982580	-5.722720	-19.017583
0.028867	-2.582962	9.936223	-5.727262	-19.106072
0.028851	-2.591735	9.889628	-5.731903	-19.194432
0.028823	-2.600017	9.842797	-5.736645	-19.282661
0.028779	-2.607739	9.795730	-5.741490	-19.370759
0.028718	-2.614829	9.748430	-5.746440	-19.458726
0.028639	-2.621217	9.700897	-5.751496	-19.546561
0.028539	-2.626847	9.653134	-5.756660	-19.634266
0.028418	-2.631734	9.605143	-5.761933	-19.721838
0.028279	-2.634907	9.556924	-5.767316	-19.809280
0.028121	-2.638393	9.508481	-5.772809	-19.896590
0.027948	-2.640215	9.459814	-5.778412	-19.983769
0.027759	-2.642396	9.410926	-5.784125	-20.070817
0.027556	-2.642954	9.361820	-5.789947	-20.157734
0.027340	-2.643909	9.312496	-5.795879	-20.244521
0.027114	-2.643277	9.262958	-5.801919	-20.331179
0.026877	-2.642075	9.213207	-5.808066	-20.417706
0.026632	-2.640318	9.163245	-5.814319	-20.504105
0.026381	-2.638022	9.113075	-5.820677	-20.590375
0.026124	-2.635203	9.062698	-5.827138	-20.676517
0.025863	-2.631877	9.012117	-5.833700	-20.762532
0.025600	-2.627061	8.961334	-5.840361	-20.848419
0.025336	-2.622774	8.910350	-5.847119	-20.934181
0.025073	-2.617035	8.859168	-5.853973	-21.019816
0.024812	-2.611868	8.807790	-5.860919	-21.105327
0.024555	-2.605295	8.756217	-5.867956	-21.190712
0.024303	-2.598345	8.704452	-5.875081	-21.275974
0.024057	-2.591052	8.652495	-5.882291	-21.361112
0.023819	-2.583477	8.600349	-5.889585	-21.446128
0.023588	-2.575691	8.548015	-5.896959	-21.531020
0.023366	-2.567768	8.495495	-5.904411	-21.615791
0.023154	-2.559784	8.442790	-5.911938	-21.700441
0.022950	-2.551822	8.389902	-5.919539	-21.784969
0.022757	-2.542967	8.336832	-5.927209	-21.869377
0.022574	-2.535307	8.283580	-5.934948	-21.953665
0.022401	-2.527932	8.230149	-5.942753	-22.037833
0.022239	-2.520936	8.176540	-5.950621	-22.121881
0.022088	-2.514414	8.122753	-5.958550	-22.205810
0.021949	-2.508465	8.068790	-5.966540	-22.289620
0.021821	-2.503185	8.014652	-5.974588	-22.373312
0.021705	-2.498674	7.960339	-5.982692	-22.456885
0.021601	-2.496030	7.905853	-5.990852	-22.540340
0.021508	-2.493352	7.851195	-5.999066	-22.623676
0.021429	-2.492735	7.796365	-6.007334	-22.706895
0.021362	-2.493275	7.741364	-6.015655	-22.789995
0.021308	-2.495063	7.686194	-6.024029	-22.872978
0.021267	-2.499187	7.630854	-6.032457	-22.955842
0.021241	-2.503697	7.575346	-6.040939	-23.038588
0.021228	-2.510512	7.519671	-6.049476	-23.121216
0.021227	-2.519514	7.463828	-6.058069	-23.203725
0.021235	-2.528581	7.407820	-6.066720	-23.286116
0.021254	-2.539592	7.351646	-6.075431	-23.368387
0.021279	-2.551428	7.295307	-6.084204	-23.450540
0.021312	-2.563967	7.238805	-6.093041	-23.532573
0.021349	-2.577092	7.182139	-6.101946	-23.614486
0.021390	-2.590691	7.125312	-6.110921	-23.696279
0.021434	-2.604654	7.068323	-6.119968	-23.777951
0.021477	-2.619874	7.011174	-6.129091	-23.859503
0.021519	-2.634252	6.953866	-6.138293	-23.940935
0.021558	-2.648693	6.896399	-6.147576	-24.022245
0.021591	-2.664107	6.838776	-6.156944	-24.103435
0.021617	-2.678409	6.780996	-6.166400	-24.184504
0.021634	-2.692520	6.723062	-6.175946	-24.265451
0.021639	-2.706364	6.664975	-6.185586	-24.346278
0.021630	-2.720872	6.606736	-6.195321	-24.426984
0.021604	-2.733975	6.548348	-6.205156	-24.507570
0.021559	-2.746609	6.489810	-6.215092	-24.588035
0.021493	-2.757736	6.431127	-6.225131	-24.668381
0.021406	-2.769416	6.372298	-6.235274	-24.748607
0.021296	-2.780733	6.313326	-6.245525	-24.828715
0.021164	-2.790769	6.254214	-6.255883	-24.908705
0.021010	-2.801607	6.194963	-6.266351	-24.988579
0.020834	-2.811331	6.135576	-6.276929	-25.068336
0.020635	-2.821028	6.076055	-6.287618	-25.147979
0.020415	-2.830785	6.016403	-6.298419	-25.227509
0.020172	-2.839695	5.956621	-6.309332	-25.306926
0.019908	-2.849856	5.896714	-6.320356	-25.386233
0.019622	-2.860371	5.836684	-6.331493	-25.465431
0.019315	-2.870353	5.776533	-6.342743	-25.544522
0.018987	-2.880922	5.716266	-6.354104	-25.623507
0.018639	-2.892211	5.655884	-6.365577	-25.702390
0.018271	-2.904367	5.595393	-6.377162	-25.781172
0.017884	-2.917552	5.534794	-6.388857	-25.859855
0.017479	-2.930949	5.474093	-6.400662	-25.938442
0.017057	-2.946763	5.413292	-6.412578	-26.016936
0.016619	-2.963226	5.352396	-6.424602	-26.095340
0.016166	-2.981602	5.291410	-6.436734	-26.173656
0.015702	-3.002147	5.230336	-6.448974	-26.251888
0.015232	-3.023974	5.169181	-6.461320	-26.330039
0.014764	-3.049133	5.107948	-6.473772	-26.408113
0.014305	-3.075632	5.046642	-6.486329	-26.486112
0.013864	-3.105425	4.985269	-6.498991	-26.564042
0.013445	-3.136386	4.923832	-6.511757	-26.641904
0.013058	3.113892	4.862337	-6.524626	-26.719704
0.012706	3.079376	4.800789	-6.537598	-26.797444
0.012397	3.043719	4.739191	-6.550672	-26.875128
0.012135	3.007521	4.677549	-6.563850	-26.952758
0.011924	2.971508	4.615865	-6.577131	-27.030339
0.011766	2.935507	4.554145	-6.590514	-27.107873
0.011664	2.902414	4.492392	-6.604002	-27.185363
0.011619	2.872142	4.430609	-6.617594	-27.262810
0.011630	2.844575	4.368799	-6.631292	-27.340218
0.011698	2.822512	4.306964	-6.645096	-27.417586
0.011823	2.804630	4.245107	-6.659009	-27.494917
0.012004	2.792451	4.183228	-6.673033	-27.572212
0.012243	2.786323	4.121329	-6.687169	-27.649469
0.012542	2.785410	4.059410	-6.701419	-27.726689
0.012902	2.790535	3.997471	-6.715788	-27.803871
0.013320	2.800755	3.935510	-6.730277	-27.881013
0.013790	2.814969	3.873526	-6.744891	-27.958113
0.014309	2.832144	3.811517	-6.759632	-28.035169
0.014870	2.850349	3.749480	-6.774506	-28.112176
0.015471	2.869776	3.687412	-6.789515	-28.189133
0.016104	2.889747	3.625309	-6.804665	-28.266034
0.016763	2.910708	3.563169	-6.819960	-28.342876
0.017443	2.929219	3.500987	-6.835404	-28.419654
0.018134	2.947940	3.438759	-6.851002	-28.496363
0.018830	2.965617	3.376481	-6.866758	-28.573000
0.019523	2.982064	3.314149	-6.882677	-28.649559
0.020203	2.997145	3.251759	-6.898763	-28.726036
0.020862	3.010766	3.189306	-6.915021	-28.802426
0.021492	3.022859	3.126788	-6.931454	-28.878724
0.022082	3.034374	3.064200	-6.948066	-28.954926
0.022623	3.043267	3.001539	-6.964861	-29.031028
0.023107	3.050495	2.938802	-6.981843	-29.107027
0.023525	3.057008	2.875988	-6.999013	-29.182918
0.023866	3.061741	2.813092	-7.016375	-29.258699
0.024125	3.064665	2.750115	-7.033931	-29.334367
0.024303	3.065945	2.687055	-7.051682	-29.409920
0.024402	3.065761	2.623911	-7.069629	-29.485357
0.024426	3.065262	2.560684	-7.087774	-29.560677
0.024379	3.063569	2.497374	-7.106116	-29.635879
0.024265	3.060788	2.433981	-7.124655	-29.710964
0.024087	3.056005	2.370508	-7.143390	-29.785931
0.023849	3.051298	2.306955	-7.162321	-29.860783
0.023555	3.046736	2.243325	-7.181446	-29.935519
0.023209	3.040381	2.179620	-7.200763	-30.010141
0.022814	3.033293	2.115842	-7.220270	-30.084652
0.022374	3.025533	2.051994	-7.239965	-30.159053
0.021892	3.017161	1.988079	-7.259845	-30.233348
0.021373	3.009240	1.924100	-7.279906	-30.307538
0.020819	2.999844	1.860060	-7.300145	-30.381627
0.020234	2.990050	1.795962	-7.320559	-30.455619
0.019621	2.979953	1.731810	-7.341143	-30.529516
0.018984	2.970662	1.667606	-7.361893	-30.603322
0.018324	2.960304	1.603355	-7.382805	-30.677041
0.017646	2.950037	1.539059	-7.403873	-30.750676
0.016951	2.939003	1.474721	-7.425094	-30.824231
0.016242	2.929191	1.410345	-7.446461	-30.897710
0.015521	2.919546	1.345933	-7.467969	-30.971117
0.014790	2.910012	1.281489	-7.489612	-31.044455
0.014053	2.899528	1.217015	-7.511385	-31.117729
0.013310	2.890027	1.152514	-7.533282	-31.190942
0.012565	2.879436	1.087989	-7.555297	-31.264098
0.011819	2.869670	1.023441	-7.577423	-31.337201
0.011076	2.858633	0.958873	-7.599654	-31.410254
0.010338	2.847211	0.894288	-7.621985	-31.483261
0.009608	2.836270	0.829687	-7.644409	-31.556226
0.008887	2.823646	0.765072	-7.666920	-31.629152
0.008179	2.811137	0.700446	-7.689511	-31.702043
0.007486	2.796493	0.635809	-7.712177	-31.774902
0.006811	2.781396	0.571165	-7.734912	-31.847732
0.006157	2.763440	0.506514	-7.757710	-31.920536
0.005526	2.744096	0.441858	-7.780564	-31.993318
0.004921	2.721672	0.377198	-7.803470	-32.066081
0.004346	2.694247	0.312535	-7.826422	-32.138827
0.003803	2.662588	0.247871	-7.849416	-32.211558
0.003295	2.624012	0.183207	-7.872445	-32.284278
0.002824	2.576078	0.118543	-7.895506	-32.356989
0.002390	2.516157	0.053882	-7.918595	-32.429692
0.001996	2.436784	-0.010777	-7.941707	-32.502390
0.001645	2.330695	-0.075433	-7.964838	-32.575086
0.001343	2.185866	-0.140085	-7.987984	-32.647779
0.001101	1.988373	-0.204732	-8.011144	-32.720473
0.000933	1.726837	-0.269374	-8.034313	-32.793168
0.000853	1.420257	-0.334011	-8.057489	-32.865866
0.000857	1.118138	-0.398641	-8.080669	-32.938569
0.000923	0.868742	-0.463264	-8.103851	-33.011276
0.001020	0.684099	-0.527881	-8.127033	-33.083990
0.001127	0.550794	-0.592491	-8.150213	-33.156711
0.001232	0.455214	-0.657093	-8.173390	-33.229439
0.001326	0.387138	-0.721687	-8.196561	-33.302176
0.001406	0.337030	-0.786274	-8.219726	-33.374921
0.001470	0.301028	-0.850853	-8.242885	-33.447676
0.001516	0.276049	-0.915424	-8.266035	-33.520440
0.001544	0.260189	-0.979987	-8.289177	-33.593214
0.001554	0.252371	-1.044542	-8.312310	-33.665998
0.001547	0.252041	-1.109089	-8.335435	-33.738792
0.001523	0.257759	-1.173628	-8.358550	-33.811596
0.001484	0.271424	-1.238159	-8.381657	-33.884409
0.001431	0.291329	-1.302683	-8.404755	-33.957232
0.001367	0.320172	-1.367198	-8.427846	-34.030065
0.001293	0.357096	-1.431706	-8.450930	-34.102906
0.001211	0.405777	-1.496207	-8.474007	-34.175756
0.001124	0.466529	-1.560701	-8.497079	-34.248614
0.001036	0.543394	-1.625187	-8.520147	-34.321479
0.000949	0.641119	-1.689667	-8.543211	-34.394352
0.000869	0.761747	-1.754140	-8.566273	-34.467231
0.000802	0.909401	-1.818607	-8.589334	-34.540116
0.000752	1.084846	-1.883068	-8.612395	-34.613006
0.000727	1.279509	-1.947523	-8.635457	-34.685901
0.000730	1.481850	-2.011973	-8.658523	-34.758799
0.000759	1.673767	-2.076418	-8.681592	-34.831701
0.000811	1.845322	-2.140857	-8.704667	-34.904606
0.000879	1.990843	-2.205293	-8.727748	-34.977513
0.000957	2.111329	-2.269724	-8.750836	-35.050420
0.001039	2.210434	-2.334151	-8.773934	-35.123329
0.001122	2.292409	-2.398575	-8.797041	-35.196237
0.001203	2.361154	-2.462996	-8.820159	-35.269145
0.001280	2.420634	-2.527414	-8.843289	-35.342051
0.001354	2.471004	-2.591830	-8.866431	-35.414955
0.001424	2.515832	-2.656244	-8.889586	-35.487857
0.001489	2.555257	-2.720656	-8.912755	-35.560756
0.001549	2.589112	-2.785068	-8.935939	-35.633651
0.001605	2.620004	-2.849478	-8.959138	-35.706542
0.001656	2.647374	-2.913888	-8.982351	-35.779428
0.001701	2.671531	-2.978298	-9.005581	-35.852310
0.001743	2.692690	-3.042709	-9.028827	-35.925186
0.001779	2.710984	-3.107119	-9.052089	-35.998057
0.001811	2.726485	-3.171531	-9.075368	-36.070922
0.001838	2.739207	-3.235943	-9.098664	-36.143780
0.001862	2.749123	-3.300357	-9.121978	-36.216632
0.001881	2.756159	-3.364772	-9.145308	-36.289477
0.001896	2.760207	-3.429188	-9.168656	-36.362316
0.001907	2.761123	-3.493606	-9.192022	-36.435147
0.001916	2.758734	-3.558025	-9.215405	-36.507971
0.001921	2.752835	-3.622446	-9.238806	-36.580789
0.001924	2.742325	-3.686868	-9.262225	-36.653599
0.001924	2.729580	-3.751291	-9.285661	-36.726403
0.001922	2.713069	-3.815716	-9.309116	-36.799199
0.001917	2.695230	-3.880141	-9.332589	-36.871990
0.001908	2.674474	-3.944567	-9.356080	-36.944774
0.001897	2.652186	-4.008993	-9.379589	-37.017551
0.001882	2.629729	-4.073419	-9.403116	-37.090324
0.001864	2.605439	-4.137844	-9.426661	-37.163090
0.001841	2.580636	-4.202269	-9.450224	-37.235852
0.001813	2.556613	-4.266693	-9.473804	-37.308609
0.001780	2.531651	-4.331115	-9.497403	-37.381361
0.001741	2.508012	-4.395536	-9.521018	-37.454109
0.001696	2.483949	-4.459954	-9.544651	-37.526854
0.001642	2.461713	-4.524370	-9.568299	-37.599595
0.001581	2.439565	-4.588784	-9.591964	-37.672334
0.001510	2.419794	-4.653195	-9.615644	-37.745069
0.001429	2.401744	-4.717604	-9.639339	-37.817803
0.001338	2.385866	-4.782009	-9.663048	-37.890534
0.001234	2.372802	-4.846412	-9.686770	-37.963263
0.001117	2.363551	-4.910812	-9.710503	-38.035991
0.000986	2.360619	-4.975210	-9.734248	-38.108718
0.000843	2.363936	-5.039605	-9.758001	-38.181443
0.000690	2.379455	-5.103999	-9.781764	-38.254168
0.000528	2.414775	-5.168391	-9.805532	-38.326891
0.000361	2.500451	-5.232782	-9.829306	-38.399614
0.000198	2.760902	-5.297172	-9.853084	-38.472336
0.000108	-2.377689	-5.361563	-9.876863	-38.545058
0.000229	-1.458687	-5.425955	-9.900642	-38.617778
0.000404	-1.250629	-5.490348	-9.924420	-38.690498
0.000586	-1.175896	-5.554743	-9.948194	-38.763217
0.000768	-1.141740	-5.619141	-9.971964	-38.835935
0.000947	-1.125032	-5.683542	-9.995727	-38.908652
0.001121	-1.117533	-5.747948	-10.019481	-38.981368
0.001288	-1.115660	-5.812360	-10.043225	-39.054083
0.001446	-1.117663	-5.876776	-10.066959	-39.126796
0.001593	-1.123641	-5.941200	-10.090679	-39.199508
0.001729	-1.131146	-6.005631	-10.114385	-39.272218
0.001851	-1.141997	-6.070070	-10.138076	-39.344925
0.001957	-1.154200	-6.134517	-10.161751	-39.417630
0.002047	-1.169907	-6.198974	-10.185409	-39.490333
0.002120	-1.188288	-6.263441	-10.209050	-39.563032
0.002175	-1.209161	-6.327918	-10.232672	-39.635728
0.002215	-1.232324	-6.392406	-10.256276	-39.708420
0.002241	-1.258646	-6.456906	-10.279861	-39.781108
0.002254	-1.286033	-6.521418	-10.303428	-39.853791
0.002255	-1.316418	-6.585942	-10.326978	-39.926469
0.002245	-1.347746	-6.650479	-10.350509	-39.999141
0.002225	-1.381967	-6.715029	-10.374023	-40.071807
0.002197	-1.418025	-6.779593	-10.397520	-40.144467
0.002162	-1.454855	-6.844170	-10.421002	-40.217120
0.002119	-1.494379	-6.908760	-10.444468	-40.289766
0.002070	-1.535498	-6.973365	-10.467921	-40.362404
0.002016	-1.577095	-7.037983	-10.491359	-40.435034
0.001957	-1.621030	-7.102614	-10.514786	-40.507657
0.001892	-1.665141	-7.167259	-10.538201	-40.580270
0.001823	-1.711245	-7.231918	-10.561606	-40.652875
0.001749	-1.757145	-7.296590	-10.585001	-40.725472
0.001670	-1.804630	-7.361274	-10.608389	-40.798060
0.001586	-1.851488	-7.425971	-10.631769	-40.870639
0.001495	-1.898510	-7.490679	-10.655143	-40.943209
0.001398	-1.945820	-7.555399	-10.678512	-41.015771
0.001295	-1.993992	-7.620130	-10.701877	-41.088325
0.001185	-2.047532	-7.684870	-10.725238	-41.160872
0.001069	-2.107999	-7.749619	-10.748597	-41.233411
0.000950	-2.182716	-7.814377	-10.771955	-41.305943
0.000829	-2.277963	-7.879141	-10.795311	-41.378469
0.000712	-2.407820	-7.943912	-10.818668	-41.450989
0.000607	-2.591812	-8.008688	-10.842026	-41.523505
0.000528	-2.851507	-8.073468	-10.865386	-41.596016
0.000496	3.098579	-8.138251	-10.888749	-41.668524
0.000527	2.752750	-8.203035	-10.912115	-41.741030
0.000617	2.470343	-8.267820	-10.935487	-41.813533
0.000751	2.272108	-8.332604	-10.958864	-41.886036
0.000914	2.140375	-8.397385	-10.982249	-41.958537
0.001096	2.053801	-8.462163	-11.005642	-42.031040
0.001293	1.997276	-8.526937	-11.029045	-42.103543
0.001501	1.961237	-8.591704	-11.052459	-42.176048
0.001720	1.938688	-8.656464	-11.075886	-42.248556
0.001948	1.927773	-8.721216	-11.099328	-42.321066
0.002186	1.923930	-8.785957	-11.122786	-42.393580
0.002433	1.927238	-8.850687	-11.146262	-42.466098
0.002687	1.933773	-8.915405	-11.169759	-42.538621
0.002946	1.943077	-8.980110	-11.193279	-42.611148
0.003208	1.954146	-9.044799	-11.216823	-42.683680
0.003471	1.966286	-9.109473	-11.240395	-42.756218
0.003733	1.978020	-9.174130	-11.263997	-42.828761
0.003992	1.991015	-9.238769	-11.287631	-42.901309
0.004246	2.003047	-9.303389	-11.311300	-42.973863
0.004493	2.015962	-9.367989	-11.335005	-43.046423
0.004730	2.027658	-9.432568	-11.358751	-43.118988
0.004956	2.039071	-9.497126	-11.382538	-43.191558
0.005167	2.050162	-9.561662	-11.406369	-43.264134
0.005362	2.060910	-9.626176	-11.430247	-43.336714
0.005539	2.071307	-9.690666	-11.454173	-43.409299
0.005695	2.081357	-9.755133	-11.478148	-43.481889
0.005828	2.091068	-9.819575	-11.502175	-43.554483
0.005935	2.100454	-9.883994	-11.526255	-43.627081
0.006014	2.109534	-9.948388	-11.550389	-43.699682
0.006064	2.119328	-10.012758	-11.574578	-43.772287
0.006081	2.127859	-10.077104	-11.598822	-43.844894
0.006063	2.136174	-10.141426	-11.623123	-43.917504
0.006014	2.144383	-10.205725	-11.647479	-43.990116
0.005935	2.152606	-10.270000	-11.671891	-44.062729
0.005828	2.160956	-10.334254	-11.696358	-44.135344
0.005697	2.170544	-10.398485	-11.720879	-44.207960
0.005543	2.179483	-10.462696	-11.745453	-44.280576
0.005369	2.188892	-10.526887	-11.770078	-44.353192
0.005178	2.199900	-10.591059	-11.794754	-44.425808
0.004973	2.211650	-10.655213	-11.819478	-44.498424
0.004755	2.223301	-10.719350	-11.844250	-44.571038
0.004528	2.237037	-10.783472	-11.869066	-44.643651
0.004294	2.252064	-10.847579	-11.893925	-44.716262
0.004055	2.268620	-10.911672	-11.918824	-44.788871
0.003815	2.287973	-10.975754	-11.943762	-44.861477
0.003575	2.308425	-11.039824	-11.968737	-44.934081
0.003340	2.332309	-11.103885	-11.993746	-45.006681
0.003110	2.357975	-11.167937	-12.018787	-45.079278
0.002890	2.387770	-11.231981	-12.043858	-45.151871
0.002682	2.421000	-11.296020	-12.068957	-45.224460
0.002488	2.458860	-11.360053	-12.094082	-45.297044
0.002311	2.499356	-11.424083	-12.119231	-45.369624
0.002151	2.544335	-11.488109	-12.144402	-45.442199
0.002006	2.592506	-11.552133	-12.169594	-45.514768
0.001876	2.643431	-11.616156	-12.194805	-45.587331
0.001759	2.696528	-11.680179	-12.220034	-45.659889
0.001654	2.752089	-11.744202	-12.245280	-45.732441
0.001560	2.807329	-11.808226	-12.270541	-45.804987
0.001473	2.863425	-11.872251	-12.295816	-45.877526
0.001394	2.918584	-11.936279	-12.321104	-45.950059
0.001318	2.972088	-12.000309	-12.346404	-46.022585
0.001246	3.023341	-12.064342	-12.371715	-46.095105
0.001174	3.071890	-12.128378	-12.397037	-46.167618
0.001100	3.117438	-12.192418	-12.422367	-46.240125
0.001023	-3.123349	-12.256462	-12.447706	-46.312626
0.000941	-3.084111	-12.320509	-12.473053	-46.385121
0.000851	-3.047912	-12.384560	-12.498406	-46.457611
0.000754	-3.014498	-12.448614	-12.523765	-46.530095
0.000646	-2.983434	-12.512672	-12.549129	-46.602575
0.000527	-2.953943	-12.576733	-12.574498	-46.675050
0.000395	-2.925302	-12.640796	-12.599869	-46.747523
0.000250	-2.888880	-12.704860	-12.625243	-46.819993
0.000092	-2.784362	-12.768927	-12.650618	-46.892461
0.000079	0.044375	-12.832993	-12.675994	-46.964929
0.000257	0.166694	-12.897060	-12.701369	-47.037397
0.000444	0.188869	-12.961125	-12.726743	-47.109867
0.000637	0.194990	-13.025188	-12.752113	-47.182339
0.000835	0.193878	-13.089248	-12.777480	-47.254816
0.001037	0.187922	-13.153304	-12.802842	-47.327298
0.001241	0.178029	-13.217355	-12.828197	-47.399786
0.001446	0.164593	-13.281401	-12.853545	-47.472282
0.001652	0.148781	-13.345440	-12.878883	-47.544787
0.001856	0.128642	-13.409472	-12.904211	-47.617303
0.002060	0.105159	-13.473495	-12.929526	-47.689830
0.002262	0.079273	-13.537511	-12.954827	-47.762369
0.002462	0.048906	-13.601517	-12.980113	-47.834922
0.002661	0.015972	-13.665513	-13.005381	-47.907489
0.002861	-0.019603	-13.729500	-13.030629	-47.980071
0.003061	-0.059865	-13.793478	-13.055856	-48.052669
0.003264	-0.102816	-13.857446	-13.081058	-48.125284
0.003472	-0.149391	-13.921406	-13.106235	-48.197916
0.003689	-0.198224	-13.985356	-13.131382	-48.270566
0.003918	-0.249069	-14.049300	-13.156498	-48.343232
0.004161	-0.300611	-14.113236	-13.181579	-48.415917
0.004422	-0.350711	-14.177168	-13.206624	-48.488619
0.004702	-0.399419	-14.241095	-13.231627	-48.561339
0.005002	-0.445985	-14.305020	-13.256587	-48.634076
0.005322	-0.489848	-14.368943	-13.281501	-48.706830
0.005662	-0.529629	-14.432868	-13.306363	-48.779600
0.006020	-0.566101	-14.496794	-13.331172	-48.852387
0.006396	-0.599165	-14.560726	-13.355922	-48.925190
0.006787	-0.628818	-14.624663	-13.380611	-48.998009
0.007191	-0.654126	-14.688608	-13.405234	-49.070842
0.007607	-0.677205	-14.752564	-13.429787	-49.143690
0.008033	-0.696199	-14.816531	-13.454267	-49.216553
0.008465	-0.713267	-14.880511	-13.478669	-49.289430
0.008901	-0.726570	-14.944507	-13.502988	-49.362322
0.009340	-0.738268	-15.008520	-13.527222	-49.435227
0.009779	-0.746512	-15.072551	-13.551365	-49.508146
0.010215	-0.753440	-15.136602	-13.575413	-49.581078
0.010646	-0.758176	-15.200674	-13.599362	-49.654025
0.011071	-0.760867	-15.264769	-13.623208	-49.726986
0.011488	-0.761775	-15.328887	-13.646947	-49.799961
0.011898	-0.761155	-15.393029	-13.670575	-49.872950
0.012301	-0.760219	-15.457197	-13.694087	-49.945955
0.012698	-0.757147	-15.521390	-13.717480	-50.018976
0.013088	-0.754095	-15.585610	-13.740750	-50.092013
0.013471	-0.749195	-15.649856	-13.763893	-50.165067
0.013849	-0.744562	-15.714129	-13.786905	-50.238139
0.014221	-0.738297	-15.778428	-13.809782	-50.311229
0.014588	-0.731488	-15.842755	-13.832521	-50.384339
0.014950	-0.725213	-15.907108	-13.855118	-50.457470
0.015308	-0.717541	-15.971488	-13.877570	-50.530622
0.015662	-0.709537	-16.035893	-13.899873	-50.603796
0.016013	-0.701254	-16.100325	-13.922022	-50.676995
0.016361	-0.691745	-16.164781	-13.944016	-50.750218
0.016707	-0.682056	-16.229262	-13.965850	-50.823468
0.017051	-0.672230	-16.293766	-13.987521	-50.896746
0.017393	-0.661304	-16.358292	-14.009026	-50.970053
0.017734	-0.650315	-16.422840	-14.030360	-51.043391
0.018075	-0.638297	-16.487407	-14.051522	-51.116762
0.000000	0.000000	-16.487407	-14.051522	-51.116762
