0.050871	-0.821078	0.000000	0.000000	0.000000
0.046599	-0.778492	0.099999	0.000347	-0.000372
0.042421	-0.728625	0.199994	0.001025	-0.001072
0.038371	-0.669843	0.299984	0.002020	-0.002054
0.034488	-0.600041	0.399968	0.003316	-0.003274
0.030819	-0.516542	0.499946	0.004896	-0.004689
0.027421	-0.417060	0.599916	0.006744	-0.006256
0.024363	-0.295860	0.699880	0.008843	-0.007934
0.021727	-0.151400	0.799838	0.011175	-0.009683
0.019607	0.019172	0.899790	0.013721	-0.011465
0.018087	0.213641	0.999736	0.016464	-0.013242
0.017217	0.423734	1.099678	0.019383	-0.014982
0.016979	0.636182	1.199617	0.022459	-0.016651
0.017281	0.837630	1.299553	0.025671	-0.018218
0.017980	1.018651	1.399487	0.028999	-0.019658
0.018924	1.178021	1.499421	0.032422	-0.020944
0.019980	1.318816	1.599353	0.035917	-0.022055
0.021045	1.443032	1.699286	0.039461	-0.022973
0.022046	1.556050	1.799220	0.043032	-0.023682
0.022934	1.661996	1.899155	0.046607	-0.024171
0.023682	1.764583	1.999091	0.050161	-0.024431
0.024288	1.866986	2.099030	0.053668	-0.024459
0.024796	1.971213	2.198971	0.057105	-0.024255
0.025264	2.077334	2.298914	0.060446	-0.023822
0.025755	2.187639	2.398860	0.063663	-0.023168
0.026331	2.299658	2.498809	0.066732	-0.022305
0.027050	2.414214	2.598762	0.069625	-0.021245
0.027960	2.527582	2.698718	0.072316	-0.020005
0.029095	2.639737	2.798678	0.074778	-0.018605
0.030475	2.746665	2.898641	0.076985	-0.017064
0.032103	2.847643	2.998609	0.078911	-0.015407
0.033968	2.942418	3.098581	0.080530	-0.013657
0.036046	3.028261	3.198556	0.081816	-0.011839
0.038307	3.105918	3.298534	0.082743	-0.009982
0.040716	-3.107682	3.398515	0.083288	-0.008111
0.043234	-3.044808	3.498498	0.083425	-0.006254
0.045823	-2.990147	3.598481	0.083133	-0.004439
0.048444	-2.942147	3.698463	0.082387	-0.002694
0.051059	-2.900255	3.798442	0.081167	-0.001045
0.053631	-2.862954	3.898416	0.079451	0.000480
0.056127	-2.831788	3.998381	0.077220	0.001858
0.058516	-2.805264	4.098336	0.074455	0.003064
0.060788	-2.781609	4.198276	0.071137	0.004076
0.062940	-2.762112	4.298197	0.067252	0.004873
0.064972	-2.745200	4.398095	0.062782	0.005436
0.066885	-2.730402	4.497966	0.057715	0.005748
0.068685	-2.716330	4.597805	0.052035	0.005791
0.070375	-2.704658	4.697606	0.045732	0.005549
0.071961	-2.694108	4.797363	0.038792	0.005009
0.073451	-2.683441	4.897071	0.031207	0.004157
0.074852	-2.674447	4.996724	0.022965	0.002978
0.076170	-2.665943	5.096315	0.014058	0.001462
0.077415	-2.656763	5.195838	0.004478	-0.000404
0.078593	-2.648757	5.295285	-0.005782	-0.002632
0.079715	-2.639790	5.394650	-0.016729	-0.005232
0.080789	-2.631734	5.493926	-0.028370	-0.008216
0.081823	-2.622476	5.593104	-0.040708	-0.011594
0.082828	-2.613906	5.692178	-0.053749	-0.015378
0.083813	-2.603926	5.791139	-0.067498	-0.019580
0.084787	-2.594443	5.889980	-0.081956	-0.024210
0.085762	-2.583374	5.988692	-0.097127	-0.029280
0.086747	-2.571665	6.087268	-0.113014	-0.034803
0.087742	-2.560366	6.185698	-0.129617	-0.040792
0.088749	-2.547549	6.283973	-0.146939	-0.047261
0.089767	-2.534282	6.382086	-0.164980	-0.054224
0.090796	-2.520629	6.480026	-0.183740	-0.061696
0.091836	-2.507653	6.577784	-0.203218	-0.069692
0.092887	-2.493412	6.675350	-0.223415	-0.078227
0.093947	-2.479962	6.772715	-0.244329	-0.087318
0.095016	-2.465357	6.869869	-0.265958	-0.096980
0.096093	-2.451645	6.966801	-0.288300	-0.107228
0.097176	-2.436873	7.063500	-0.311353	-0.118081
0.098265	-2.423087	7.159957	-0.335114	-0.129553
0.099357	-2.409325	7.256159	-0.359580	-0.141661
0.100450	-2.394627	7.352095	-0.384746	-0.154422
0.101542	-2.381029	7.447755	-0.410608	-0.167852
0.102632	-2.368563	7.543126	-0.437162	-0.181967
0.103716	-2.355260	7.638197	-0.464404	-0.196782
0.104793	-2.342148	7.732954	-0.492328	-0.212312
0.105859	-2.330253	7.827387	-0.520929	-0.228574
0.106911	-2.317599	7.921482	-0.550201	-0.245582
0.107946	-2.306202	8.015227	-0.580138	-0.263350
0.108965	-2.295053	8.108609	-0.610734	-0.281892
0.109966	-2.284139	8.201614	-0.641982	-0.301221
0.110951	-2.273447	8.294229	-0.673877	-0.321350
0.111917	-2.262964	8.386441	-0.706410	-0.342291
0.112866	-2.253679	8.478236	-0.739575	-0.364057
0.113798	-2.243582	8.569600	-0.773365	-0.386659
0.114712	-2.233661	8.660519	-0.807771	-0.410107
0.115608	-2.224908	8.750980	-0.842787	-0.434412
0.116486	-2.215313	8.840968	-0.878402	-0.459585
0.117347	-2.206866	8.930469	-0.914610	-0.485635
0.118191	-2.197561	9.019469	-0.951401	-0.512571
0.119017	-2.188389	9.107952	-0.988766	-0.540402
0.119825	-2.179342	9.195905	-1.026694	-0.569138
0.120617	-2.170414	9.283313	-1.065176	-0.598785
0.121391	-2.161597	9.370161	-1.104201	-0.629353
0.122148	-2.152886	9.456436	-1.143758	-0.660849
0.122888	-2.144275	9.542121	-1.183837	-0.693279
0.123612	-2.135758	9.627203	-1.224424	-0.726651
0.124319	-2.126328	9.711667	-1.265510	-0.760971
0.125009	-2.116984	9.795498	-1.307079	-0.796245
0.125681	-2.107731	9.878683	-1.349120	-0.832479
0.126333	-2.098574	9.961206	-1.391619	-0.869679
0.126962	-2.089521	10.043053	-1.434561	-0.907850
0.127566	-2.080577	10.124210	-1.477931	-0.946997
0.128144	-2.070747	10.204664	-1.521717	-0.987123
0.128693	-2.061037	10.284399	-1.565901	-1.028233
0.129211	-2.052449	10.363403	-1.610468	-1.070331
0.129695	-2.041990	10.441662	-1.655402	-1.113418
0.130144	-2.032661	10.519163	-1.700685	-1.157498
0.130555	-2.023466	10.595893	-1.746301	-1.202572
0.130926	-2.013408	10.671839	-1.792233	-1.248641
0.131254	-2.004491	10.746990	-1.838463	-1.295707
0.131537	-1.994716	10.821333	-1.884972	-1.343769
0.131773	-1.985085	10.894857	-1.931744	-1.392826
0.131960	-1.975602	10.967552	-1.978759	-1.442877
0.132094	-1.966268	11.039406	-2.025998	-1.493921
0.132174	-1.956085	11.110409	-2.073443	-1.545954
0.132198	-1.947054	11.180553	-2.121074	-1.598974
0.132161	-1.938179	11.249828	-2.168873	-1.652977
0.132066	-1.928452	11.318226	-2.216820	-1.707956
0.131919	-1.918836	11.385740	-2.264896	-1.763908
0.131730	-1.909287	11.452362	-2.313082	-1.820826
0.131512	-1.899764	11.518086	-2.361358	-1.878703
0.131272	-1.890225	11.582906	-2.409704	-1.937533
0.131024	-1.880631	11.646817	-2.458102	-1.997309
0.130777	-1.870945	11.709813	-2.506531	-2.058022
0.130542	-1.860131	11.771890	-2.554972	-2.119665
0.130330	-1.849154	11.833044	-2.603405	-2.182231
0.130153	-1.838983	11.893270	-2.651809	-2.245712
0.130021	-1.826587	11.952564	-2.700164	-2.310101
0.129947	-1.814938	12.010924	-2.748449	-2.375391
0.129940	-1.803012	12.068346	-2.796640	-2.441575
0.130014	-1.789787	12.124825	-2.844718	-2.508647
0.130180	-1.776244	12.180359	-2.892659	-2.576600
0.130449	-1.762370	12.234945	-2.940438	-2.645430
0.130833	-1.747156	12.288577	-2.988033	-2.715132
0.131346	-1.731595	12.341253	-3.035417	-2.785701
0.131998	-1.715688	12.392969	-3.082563	-2.857134
0.132803	-1.698441	12.443720	-3.129444	-2.929428
0.133767	-1.680889	12.493502	-3.176031	-3.002582
0.134874	-1.663172	12.542310	-3.222293	-3.076593
0.136103	-1.644445	12.590139	-3.268198	-3.151460
0.137430	-1.626852	12.636984	-3.313714	-3.227182
0.138832	-1.608525	12.682838	-3.358807	-3.303759
0.140286	-1.590584	12.727697	-3.403444	-3.381188
0.141766	-1.574136	12.771553	-3.447590	-3.459468
0.143247	-1.557278	12.814401	-3.491212	-3.538595
0.144704	-1.543098	12.856235	-3.534277	-3.618567
0.146112	-1.529675	12.897048	-3.576751	-3.699376
0.147444	-1.518083	12.936832	-3.618606	-3.781018
0.148674	-1.508390	12.975579	-3.659813	-3.863484
0.149778	-1.500665	13.013281	-3.700346	-3.946765
0.150729	-1.495974	13.049928	-3.740181	-4.030849
0.151502	-1.493387	13.085511	-3.779300	-4.115723
0.152072	-1.493978	13.120017	-3.817687	-4.201372
0.152415	-1.496829	13.153434	-3.855331	-4.287779
0.152507	-1.503032	13.185750	-3.892225	-4.374926
0.152326	-1.511693	13.216950	-3.928367	-4.462791
0.151850	-1.522935	13.247020	-3.963761	-4.551352
0.151067	-1.537858	13.275948	-3.998414	-4.640584
0.150000	-1.555391	13.303718	-4.032340	-4.730461
0.148679	-1.575428	13.330319	-4.065558	-4.820954
0.147134	-1.595870	13.355737	-4.098092	-4.912034
0.145395	-1.618615	13.379964	-4.129966	-5.003670
0.143493	-1.642561	13.402990	-4.161208	-5.095831
0.141456	-1.666600	13.424811	-4.191851	-5.188485
0.139313	-1.690611	13.445421	-4.221925	-5.281602
0.137091	-1.715461	13.464820	-4.251462	-5.375150
0.134815	-1.740998	13.483009	-4.280496	-5.469098
0.132508	-1.765051	13.499989	-4.309059	-5.563416
0.130193	-1.789427	13.515767	-4.337184	-5.658074
0.127890	-1.813904	13.530347	-4.364901	-5.753043
0.125614	-1.836237	13.543739	-4.392242	-5.848296
0.123381	-1.858150	13.555951	-4.419236	-5.943806
0.121205	-1.878340	13.566995	-4.445908	-6.039549
0.119095	-1.897473	13.576882	-4.472285	-6.135499
0.117060	-1.913188	13.585625	-4.498387	-6.231636
0.115107	-1.927097	13.593237	-4.524234	-6.327937
0.113244	-1.937786	13.599734	-4.549842	-6.424384
0.111472	-1.944899	13.605128	-4.575222	-6.520959
0.109785	-1.948389	13.609435	-4.600383	-6.617647
0.108174	-1.948303	13.612670	-4.625328	-6.714431
0.106631	-1.944700	13.614849	-4.650057	-6.811301
0.105153	-1.937655	13.615986	-4.674567	-6.908244
0.103738	-1.928255	13.616099	-4.698852	-7.005250
0.102385	-1.915601	13.615202	-4.722902	-7.102311
0.101095	-1.898807	13.613313	-4.746706	-7.199418
0.099867	-1.880001	13.610448	-4.770249	-7.296565
0.098705	-1.858325	13.606624	-4.793514	-7.393746
0.097609	-1.833933	13.601859	-4.816481	-7.490956
0.096582	-1.807993	13.596172	-4.839131	-7.588191
0.095623	-1.778687	13.589581	-4.861441	-7.685448
0.094734	-1.748207	13.582106	-4.883387	-7.782723
0.093912	-1.714758	13.573767	-4.904945	-7.880015
0.093157	-1.680549	13.564585	-4.926090	-7.977322
0.092463	-1.645800	13.554582	-4.946794	-8.074642
0.091827	-1.609732	13.543781	-4.967033	-8.171975
0.091240	-1.573568	13.532204	-4.986779	-8.269320
0.090695	-1.538532	13.519875	-5.006009	-8.366677
0.090183	-1.503820	13.506819	-5.024697	-8.464043
0.089694	-1.470533	13.493058	-5.042823	-8.561419
0.089221	-1.437745	13.478616	-5.060364	-8.658804
0.088755	-1.407524	13.463518	-5.077302	-8.756196
0.088289	-1.378935	13.447785	-5.093619	-8.853593
0.087812	-1.353037	13.431440	-5.109300	-8.950994
0.087316	-1.327883	13.414503	-5.124332	-9.048396
0.086792	-1.305526	13.396996	-5.138704	-9.145797
0.086230	-1.284012	13.378936	-5.152405	-9.243194
0.085620	-1.265389	13.360344	-5.165429	-9.340583
0.084953	-1.248701	13.341237	-5.177769	-9.437962
0.084221	-1.233991	13.321630	-5.189421	-9.535326
0.083413	-1.220308	13.301540	-5.200384	-9.632672
0.082520	-1.208699	13.280982	-5.210657	-9.729996
0.081533	-1.199218	13.259970	-5.220242	-9.827292
0.080444	-1.190926	13.238517	-5.229142	-9.924558
0.079244	-1.183892	13.216636	-5.237361	-10.021787
0.077924	-1.179197	13.194338	-5.244907	-10.118977
0.076477	-1.174937	13.171636	-5.251789	-10.216123
0.074895	-1.173231	13.148541	-5.258016	-10.313220
0.073174	-1.172194	13.125064	-5.263602	-10.410264
0.071322	-1.172860	13.101214	-5.268560	-10.507252
0.069352	-1.175262	13.077003	-5.272907	-10.604180
0.067275	-1.178449	13.052440	-5.276659	-10.701043
0.065106	-1.184494	13.027535	-5.279836	-10.797840
0.062858	-1.191491	13.002297	-5.282457	-10.894568
0.060545	-1.200558	12.976735	-5.284545	-10.991223
0.058182	-1.211836	12.950857	-5.286122	-11.087803
0.055784	-1.225493	12.924671	-5.287211	-11.184308
0.053368	-1.241721	12.898185	-5.287836	-11.280735
0.050949	-1.260736	12.871405	-5.288023	-11.377082
0.048546	-1.281780	12.844338	-5.287797	-11.473349
0.046176	-1.307110	12.816990	-5.287183	-11.569535
0.043857	-1.335997	12.789366	-5.286208	-11.665639
0.041609	-1.367706	12.761472	-5.284898	-11.761660
0.039451	-1.404481	12.733312	-5.283278	-11.857600
0.037402	-1.444511	12.704890	-5.281375	-11.953457
0.035483	-1.489896	12.676211	-5.279214	-12.049232
0.033711	-1.538594	12.647276	-5.276820	-12.144925
0.032103	-1.592371	12.618090	-5.274217	-12.240535
0.030672	-1.648807	12.588654	-5.271430	-12.336064
0.029423	-1.709490	12.558971	-5.268480	-12.431511
0.028358	-1.772881	12.529042	-5.265391	-12.526878
0.027474	-1.837267	12.498869	-5.262183	-12.622163
0.026769	-1.903786	12.468453	-5.258875	-12.717368
0.026236	-1.970479	12.437794	-5.255489	-12.812491
0.025863	-2.036351	12.406893	-5.252041	-12.907535
0.025639	-2.100446	12.375750	-5.248550	-13.002498
0.025547	-2.161909	12.344365	-5.245032	-13.097380
0.025573	-2.220033	12.312738	-5.241503	-13.192181
0.025697	-2.274285	12.280868	-5.237978	-13.286901
0.025903	-2.324305	12.248756	-5.234470	-13.381540
0.026174	-2.369896	12.216399	-5.230994	-13.476097
0.026494	-2.411995	12.183798	-5.227560	-13.570571
0.026850	-2.448641	12.150952	-5.224181	-13.664962
0.027227	-2.481949	12.117858	-5.220867	-13.759269
0.027616	-2.511084	12.084517	-5.217627	-13.853492
0.028004	-2.535233	12.050927	-5.214471	-13.947629
0.028385	-2.556598	12.017087	-5.211406	-14.041679
0.028751	-2.575374	11.982995	-5.208438	-14.135641
0.029096	-2.589775	11.948651	-5.205575	-14.229515
0.029417	-2.601101	11.914052	-5.202821	-14.323298
0.029713	-2.610650	11.879198	-5.200181	-14.416991
0.029982	-2.616693	11.844087	-5.197659	-14.510590
0.030225	-2.621480	11.808718	-5.195257	-14.604095
0.030442	-2.624238	11.773089	-5.192977	-14.697506
0.030634	-2.624178	11.737201	-5.190821	-14.790819
0.030803	-2.623496	11.701050	-5.188791	-14.884034
0.030951	-2.620375	11.664637	-5.186886	-14.977149
0.031078	-2.616990	11.627959	-5.185106	-15.070163
0.031186	-2.611509	11.591016	-5.183452	-15.163074
0.031278	-2.605094	11.553806	-5.181921	-15.255880
0.031355	-2.597902	11.516328	-5.180512	-15.348581
0.031419	-2.590088	11.478582	-5.179224	-15.441175
0.031471	-2.581807	11.440566	-5.178054	-15.533659
0.031513	-2.572210	11.402279	-5.177000	-15.626034
0.031546	-2.563450	11.363720	-5.176061	-15.718296
0.031571	-2.552679	11.324889	-5.175232	-15.810445
0.031590	-2.543051	11.285784	-5.174511	-15.902479
0.031602	-2.532719	11.246405	-5.173896	-15.994397
0.031608	-2.522813	11.206751	-5.173383	-16.086197
0.031609	-2.512363	11.166821	-5.172969	-16.177879
0.031605	-2.503377	11.126616	-5.172652	-16.269440
0.031595	-2.493863	11.086134	-5.172428	-16.360879
0.031581	-2.483829	11.045375	-5.172294	-16.452196
0.031562	-2.475283	11.004340	-5.172248	-16.543388
0.031539	-2.466236	10.963027	-5.172287	-16.634456
0.031511	-2.457699	10.921438	-5.172408	-16.725397
0.031479	-2.449682	10.879571	-5.172608	-16.816211
0.031444	-2.442198	10.837427	-5.172885	-16.906896
0.031405	-2.436258	10.795007	-5.173237	-16.997452
0.031362	-2.429876	10.752310	-5.173661	-17.087878
0.031318	-2.424066	10.709337	-5.174155	-17.178172
0.031270	-2.418841	10.666089	-5.174719	-17.268335
0.031221	-2.415216	10.622566	-5.175349	-17.358364
0.031169	-2.411205	10.578768	-5.176044	-17.448260
0.031117	-2.408825	10.534696	-5.176804	-17.538022
0.031064	-2.407089	10.490352	-5.177628	-17.627648
0.031011	-2.407015	10.445735	-5.178514	-17.717138
0.030958	-2.407616	10.400847	-5.179463	-17.806493
0.030906	-2.408896	10.355688	-5.180475	-17.895710
0.030855	-2.410805	10.310260	-5.181550	-17.984789
0.030803	-2.414277	10.264564	-5.182689	-18.073730
0.030751	-2.418250	10.218600	-5.183892	-18.162533
0.030698	-2.422660	10.172370	-5.185161	-18.251196
0.030643	-2.428443	10.125875	-5.186496	-18.339720
0.030586	-2.434536	10.079116	-5.187899	-18.428103
0.030526	-2.440875	10.032095	-5.189373	-18.516346
0.030462	-2.447398	9.984812	-5.190918	-18.604448
0.030393	-2.455043	9.937270	-5.192537	-18.692409
0.030319	-2.461746	9.889469	-5.194231	-18.780228
0.030239	-2.469446	9.841412	-5.196003	-18.867906
0.030152	-2.477082	9.793100	-5.197854	-18.955442
0.030058	-2.483590	9.744535	-5.199786	-19.042836
0.029954	-2.490909	9.695718	-5.201802	-19.130088
0.029840	-2.497977	9.646652	-5.203902	-19.217197
0.029715	-2.504731	9.597338	-5.206088	-19.304164
0.029577	-2.511107	9.547778	-5.208363	-19.390990
0.029427	-2.517040	9.497974	-5.210727	-19.477673
0.029261	-2.522464	9.447929	-5.213181	-19.564215
0.029081	-2.527322	9.397645	-5.215727	-19.650615
0.028886	-2.531613	9.347123	-5.218365	-19.736874
0.028677	-2.534347	9.296367	-5.221095	-19.822993
0.028457	-2.537531	9.245379	-5.223919	-19.908971
0.028226	-2.539172	9.194161	-5.226836	-19.994809
0.027985	-2.541273	9.142716	-5.229845	-20.080508
0.027737	-2.541839	9.091046	-5.232946	-20.166069
0.027482	-2.542873	9.039154	-5.236140	-20.251491
0.027223	-2.542375	8.987041	-5.239424	-20.336776
0.026959	-2.541347	8.934711	-5.242798	-20.421924
0.026694	-2.539790	8.882167	-5.246262	-20.506936
0.026427	-2.537706	8.829409	-5.249812	-20.591813
0.026162	-2.535095	8.776441	-5.253449	-20.676555
0.025899	-2.531961	8.723265	-5.257171	-20.761162
0.025640	-2.527306	8.669883	-5.260976	-20.845636
0.025386	-2.523135	8.616297	-5.264861	-20.929978
0.025140	-2.517454	8.562510	-5.268826	-21.014187
0.024902	-2.512272	8.508523	-5.272868	-21.098265
0.024675	-2.505601	8.454337	-5.276985	-21.182211
0.024459	-2.498453	8.399956	-5.281175	-21.266027
0.024256	-2.490858	8.345380	-5.285435	-21.349713
0.024067	-2.482882	8.290610	-5.289763	-21.433268
0.023890	-2.474607	8.235649	-5.294157	-21.516695
0.023726	-2.466118	8.180497	-5.298614	-21.599992
0.023574	-2.457502	8.125155	-5.303132	-21.683160
0.023433	-2.448846	8.069625	-5.307708	-21.766199
0.023304	-2.439242	8.013907	-5.312341	-21.849109
0.023184	-2.430781	7.958003	-5.317027	-21.931890
0.023074	-2.422555	7.901913	-5.321765	-22.014543
0.022973	-2.414659	7.845638	-5.326552	-22.097066
0.022881	-2.407184	7.789178	-5.331386	-22.179462
0.022795	-2.400223	7.732535	-5.336266	-22.261728
0.022716	-2.393870	7.675709	-5.341189	-22.343866
0.022643	-2.388215	7.618701	-5.346154	-22.425874
0.022575	-2.384351	7.561511	-5.351160	-22.507754
0.022510	-2.380369	7.504140	-5.356206	-22.589504
0.022448	-2.378359	7.446590	-5.361290	-22.671125
0.022389	-2.377413	7.388859	-5.366412	-22.752617
0.022331	-2.377621	7.330950	-5.371572	-22.833980
0.022274	-2.380075	7.272862	-5.376770	-22.915213
0.022218	-2.382834	7.214598	-5.382005	-22.996317
0.022162	-2.387834	7.156157	-5.387279	-23.077292
0.022106	-2.394977	7.097540	-5.392593	-23.158136
0.022051	-2.402163	7.038749	-5.397948	-23.238852
0.021997	-2.411293	6.979785	-5.403344	-23.319438
0.021944	-2.421265	6.920648	-5.408785	-23.399894
0.021892	-2.431978	6.861341	-5.414273	-23.480221
0.021840	-2.443329	6.801863	-5.419808	-23.560419
0.021790	-2.455213	6.742216	-5.425394	-23.640489
0.021741	-2.467526	6.682402	-5.431033	-23.720429
0.021692	-2.481163	6.622421	-5.436728	-23.800241
0.021644	-2.494017	6.562276	-5.442481	-23.879924
0.021597	-2.506983	6.501967	-5.448294	-23.959479
0.021549	-2.520955	6.441495	-5.454170	-24.038906
0.021500	-2.533827	6.380863	-5.460112	-24.118206
0.021451	-2.546493	6.320072	-5.466123	-24.197379
0.021399	-2.558847	6.259123	-5.472204	-24.276424
0.021344	-2.571784	6.198017	-5.478358	-24.355343
0.021285	-2.583199	6.136757	-5.484588	-24.434137
0.021222	-2.593985	6.075343	-5.490895	-24.512804
0.021152	-2.603069	6.013777	-5.497281	-24.591346
0.021075	-2.612508	5.952061	-5.503747	-24.669764
0.020988	-2.621394	5.890196	-5.510296	-24.748057
0.020890	-2.628821	5.828183	-5.516929	-24.826226
0.020778	-2.636886	5.766025	-5.523646	-24.904272
0.020651	-2.643689	5.703722	-5.530449	-24.982195
0.020507	-2.650332	5.641276	-5.537338	-25.059997
0.020345	-2.656920	5.578690	-5.544314	-25.137678
0.020162	-2.662565	5.515964	-5.551377	-25.215238
0.019958	-2.669383	5.453101	-5.558528	-25.292679
0.019731	-2.676499	5.390104	-5.565767	-25.370003
0.019480	-2.683046	5.326974	-5.573094	-25.447210
0.019203	-2.690170	5.263714	-5.580509	-25.524302
0.018898	-2.698030	5.200326	-5.588012	-25.601280
0.018565	-2.706808	5.136814	-5.595604	-25.678147
0.018203	-2.716704	5.073179	-5.603283	-25.754905
0.017811	-2.726951	5.009427	-5.611049	-25.831555
0.017388	-2.739819	4.945560	-5.618903	-25.908102
0.016933	-2.753622	4.881582	-5.626845	-25.984546
0.016447	-2.769736	4.817497	-5.634873	-26.060892
0.015932	-2.788535	4.753310	-5.642987	-26.137142
0.015395	-2.809153	4.689025	-5.651188	-26.213301
0.014849	-2.833641	4.624647	-5.659476	-26.289373
0.014302	-2.860007	4.560182	-5.667849	-26.365360
0.013766	-2.890194	4.495635	-5.676308	-26.441269
0.013249	-2.922042	4.431010	-5.684853	-26.517102
0.012761	-2.956260	4.366314	-5.693483	-26.592864
0.012310	-2.992383	4.301551	-5.702200	-26.668560
0.011905	-3.029752	4.236727	-5.711003	-26.744192
0.011550	-3.067491	4.171846	-5.719892	-26.819766
0.011251	-3.104517	4.106912	-5.728868	-26.895284
0.011011	-3.140571	4.041929	-5.737931	-26.970751
0.010831	3.110911	3.976902	-5.747081	-27.046167
0.010713	3.083973	3.911833	-5.756320	-27.121538
0.010656	3.062168	3.846724	-5.765648	-27.196863
0.010660	3.048720	3.781578	-5.775065	-27.272144
0.010728	3.042633	3.716396	-5.784573	-27.347383
0.010862	3.045618	3.651177	-5.794172	-27.422578
0.011068	3.058036	3.585921	-5.803864	-27.497730
0.011354	3.078853	3.520627	-5.813649	-27.572836
0.011730	3.108237	3.455292	-5.823528	-27.647894
0.012197	-3.139538	3.389912	-5.833503	-27.722901
0.012753	-3.100854	3.324484	-5.843574	-27.797852
0.013392	-3.061281	3.259001	-5.853744	-27.872742
0.014106	-3.023739	3.193459	-5.864014	-27.947567
0.014882	-2.988661	3.127850	-5.874385	-28.022319
0.015707	-2.957036	3.062168	-5.884860	-28.096993
0.016564	-2.928489	2.996407	-5.895440	-28.171582
0.017437	-2.906379	2.930559	-5.906128	-28.246079
0.018306	-2.887885	2.864619	-5.916927	-28.320479
0.019153	-2.874086	2.798580	-5.927838	-28.394774
0.019962	-2.865024	2.732436	-5.938867	-28.468959
0.020714	-2.860748	2.666183	-5.950015	-28.543027
0.021393	-2.861351	2.599815	-5.961287	-28.616975
0.021984	-2.867004	2.533330	-5.972686	-28.690798
0.022475	-2.876984	2.466726	-5.984218	-28.764492
0.022853	-2.893697	2.400000	-5.995887	-28.838056
0.023112	-2.916712	2.333154	-6.007698	-28.911487
0.023248	-2.945791	2.266190	-6.019656	-28.984785
0.023263	-2.982928	2.199109	-6.031769	-29.057953
0.023169	-3.029136	2.131919	-6.044041	-29.130993
0.023003	-3.084644	2.064625	-6.056480	-29.203910
0.022810	3.133792	1.997237	-6.069093	-29.276709
0.022637	3.061091	1.929765	-6.081887	-29.349399
0.022533	2.980130	1.862221	-6.094871	-29.421988
0.022546	2.892144	1.794617	-6.108052	-29.494486
0.022717	2.797965	1.726968	-6.121439	-29.566905
0.023079	2.701944	1.659290	-6.135041	-29.639255
0.023655	2.606715	1.591597	-6.148867	-29.711550
0.024452	2.512871	1.523908	-6.162925	-29.783803
0.025464	2.423640	1.456239	-6.177226	-29.856028
0.026674	2.340675	1.388608	-6.191777	-29.928238
0.028057	2.264988	1.321033	-6.206590	-30.000447
0.029580	2.198013	1.253532	-6.221673	-30.072670
0.031210	2.137737	1.186124	-6.237035	-30.144921
0.032913	2.084850	1.118826	-6.252686	-30.217212
0.034655	2.038879	1.051657	-6.268636	-30.289558
0.036402	2.000278	0.984633	-6.284892	-30.361970
0.038125	1.966501	0.917772	-6.301465	-30.434461
0.039795	1.938041	0.851090	-6.318363	-30.507042
0.041386	1.913377	0.784602	-6.335593	-30.579722
0.042889	1.893806	0.718323	-6.353163	-30.652512
0.044301	1.877701	0.652265	-6.371082	-30.725418
0.045619	1.864557	0.586442	-6.389355	-30.798448
0.046843	1.852965	0.520865	-6.407990	-30.871608
0.047975	1.844592	0.455545	-6.426993	-30.944903
0.049015	1.837165	0.390491	-6.446369	-31.018338
0.049965	1.832458	0.325713	-6.466125	-31.091914
0.050830	1.828283	0.261219	-6.486265	-31.165636
0.051613	1.825482	0.197017	-6.506796	-31.239504
0.052316	1.824920	0.133113	-6.527720	-31.313521
0.052944	1.824483	0.069513	-6.549043	-31.387686
0.053502	1.826070	0.006224	-6.570769	-31.461999
0.053993	1.827595	-0.056751	-6.592902	-31.536459
0.054423	1.830981	-0.119407	-6.615445	-31.611065
0.054795	1.834159	-0.181740	-6.638403	-31.685814
0.055114	1.839065	-0.243748	-6.661778	-31.760705
0.055386	1.844641	-0.305428	-6.685574	-31.835733
0.055614	1.849831	-0.366779	-6.709795	-31.910897
0.055804	1.856583	-0.427797	-6.734441	-31.986191
0.055960	1.863851	-0.488483	-6.759518	-32.061613
0.056084	1.871611	-0.548835	-6.785027	-32.137156
0.056179	1.880846	-0.608854	-6.810972	-32.212818
0.056247	1.889539	-0.668540	-6.837354	-32.288591
0.056291	1.898674	-0.727892	-6.864177	-32.364471
0.056313	1.908235	-0.786912	-6.891442	-32.440453
0.056315	1.919206	-0.845601	-6.919153	-32.516530
0.056300	1.929569	-0.903959	-6.947312	-32.592697
0.056270	1.941307	-0.961990	-6.975920	-32.668947
0.056227	1.952403	-1.019694	-7.004980	-32.745273
0.056174	1.963836	-1.077074	-7.034494	-32.821669
0.056112	1.976588	-1.134133	-7.064465	-32.898129
0.056045	1.988635	-1.190872	-7.094893	-32.974646
0.055973	2.000956	-1.247294	-7.125781	-33.051212
0.055899	2.014527	-1.303403	-7.157131	-33.127822
0.055826	2.027321	-1.359202	-7.188944	-33.204467
0.055755	2.040310	-1.414693	-7.221222	-33.281140
0.055687	2.053466	-1.469880	-7.253968	-33.357835
0.055626	2.066758	-1.524766	-7.287181	-33.434545
0.055572	2.080154	-1.579355	-7.320865	-33.511262
0.055527	2.093624	-1.633649	-7.355020	-33.587979
0.055491	2.106159	-1.687653	-7.389648	-33.664689
0.055463	2.119757	-1.741370	-7.424751	-33.741385
0.055444	2.132413	-1.794803	-7.460330	-33.818061
0.055433	2.146124	-1.847955	-7.496385	-33.894708
0.055429	2.158889	-1.900829	-7.532920	-33.971320
0.055433	2.172703	-1.953430	-7.569935	-34.047891
0.055445	2.185564	-2.005761	-7.607431	-34.124412
0.055463	2.198472	-2.057825	-7.645410	-34.200877
0.055488	2.212423	-2.109625	-7.683874	-34.277280
0.055519	2.225416	-2.161166	-7.722822	-34.353612
0.055557	2.238451	-2.212450	-7.762257	-34.429867
0.055600	2.252526	-2.263482	-7.802179	-34.506037
0.055649	2.265640	-2.314265	-7.842590	-34.582116
0.055703	2.279794	-2.364803	-7.883491	-34.658097
0.055762	2.292987	-2.415100	-7.924883	-34.733971
0.055826	2.307219	-2.465159	-7.966766	-34.809733
0.055894	2.321491	-2.514985	-8.009142	-34.885374
0.055967	2.335804	-2.564582	-8.052012	-34.960888
0.056043	2.350158	-2.613954	-8.095376	-35.036266
0.056123	2.364553	-2.663107	-8.139236	-35.111502
0.056208	2.378981	-2.712043	-8.183591	-35.186588
0.056298	2.394431	-2.760768	-8.228443	-35.261516
0.056393	2.408891	-2.809286	-8.273791	-35.336279
0.056494	2.424349	-2.857603	-8.319637	-35.410868
0.056602	2.439795	-2.905722	-8.365981	-35.485278
0.056716	2.454214	-2.953651	-8.412823	-35.559498
0.056839	2.469595	-3.001392	-8.460163	-35.633523
0.056969	2.484925	-3.048952	-8.508002	-35.707344
0.057107	2.500189	-3.096335	-8.556340	-35.780953
0.057254	2.515376	-3.143547	-8.605176	-35.854342
0.057409	2.530470	-3.190593	-8.654510	-35.927505
0.057574	2.545458	-3.237479	-8.704344	-36.000432
0.057748	2.560328	-3.284209	-8.754675	-36.073117
0.057931	2.575064	-3.330788	-8.805505	-36.145551
0.058124	2.589653	-3.377223	-8.856832	-36.217727
0.058327	2.604082	-3.423517	-8.908657	-36.289636
0.058540	2.618337	-3.469677	-8.960979	-36.361272
0.058763	2.632404	-3.515707	-9.013797	-36.432627
0.058996	2.646271	-3.561612	-9.067112	-36.503692
0.059238	2.658927	-3.607398	-9.120922	-36.574460
0.059490	2.672370	-3.653068	-9.175227	-36.644924
0.059748	2.684602	-3.698628	-9.230027	-36.715076
0.060013	2.697625	-3.744081	-9.285320	-36.784909
0.060282	2.709443	-3.789433	-9.341106	-36.854415
0.060555	2.721060	-3.834688	-9.397385	-36.923586
0.060830	2.733480	-3.879850	-9.454155	-36.992417
0.061106	2.744711	-3.924923	-9.511415	-37.060898
0.061382	2.755757	-3.969911	-9.569164	-37.129024
0.061656	2.767626	-4.014818	-9.627402	-37.196786
0.061928	2.778326	-4.059649	-9.686126	-37.264177
0.062195	2.789865	-4.104407	-9.745336	-37.331191
0.062457	2.800251	-4.149097	-9.805030	-37.397821
0.062714	2.811492	-4.193722	-9.865206	-37.464058
0.062962	2.821600	-4.238288	-9.925862	-37.529897
0.063203	2.832581	-4.282796	-9.986997	-37.595330
0.063433	2.843448	-4.327252	-10.048608	-37.660352
0.063653	2.854211	-4.371660	-10.110692	-37.724954
0.063861	2.864879	-4.416024	-10.173248	-37.789130
0.064057	2.875463	-4.460348	-10.236272	-37.852875
0.064239	2.886974	-4.504636	-10.299762	-37.916180
0.064410	2.897411	-4.548892	-10.363714	-37.979041
0.064571	2.908773	-4.593122	-10.428125	-38.041451
0.064726	2.919054	-4.637329	-10.492991	-38.103403
0.064877	2.930251	-4.681519	-10.558309	-38.164892
0.065025	2.941356	-4.725694	-10.624075	-38.225912
0.065174	2.952363	-4.769860	-10.690284	-38.286456
0.065326	2.963263	-4.814022	-10.756933	-38.346520
0.065483	2.974045	-4.858183	-10.824018	-38.406096
0.065646	2.984701	-4.902349	-10.891534	-38.465181
0.065820	2.995217	-4.946524	-10.959478	-38.523766
0.066005	3.005582	-4.990712	-11.027844	-38.581848
0.066204	3.015783	-5.034917	-11.096629	-38.639420
0.066419	3.025806	-5.079143	-11.165829	-38.696476
0.066653	3.035636	-5.123395	-11.235439	-38.753010
0.066907	3.044259	-5.167677	-11.305456	-38.809017
0.067184	3.053659	-5.211992	-11.375875	-38.864491
0.067486	3.061823	-5.256343	-11.446693	-38.919425
0.067814	3.070733	-5.300734	-11.517906	-38.973814
0.068172	3.078375	-5.345168	-11.589511	-39.027651
0.068559	3.085736	-5.389648	-11.661504	-39.080928
0.068973	3.092807	-5.434178	-11.733881	-39.133641
0.069408	3.099585	-5.478758	-11.806641	-39.185782
0.069860	3.105068	-5.523392	-11.879779	-39.237343
0.070324	3.111255	-5.568082	-11.953293	-39.288319
0.070795	3.116147	-5.612829	-12.027181	-39.338701
0.071269	3.121746	-5.657634	-12.101439	-39.388482
0.071740	3.126056	-5.702500	-12.176064	-39.437657
0.072204	3.130080	-5.747427	-12.251055	-39.486216
0.072656	3.134823	-5.792415	-12.326407	-39.534154
0.073092	3.138290	-5.837467	-12.402118	-39.581463
0.073507	3.141486	-5.882581	-12.478186	-39.628137
0.073896	-3.137770	-5.927759	-12.554606	-39.674169
0.074255	-3.135103	-5.973000	-12.631375	-39.719553
0.074579	-3.131692	-6.018304	-12.708490	-39.764283
0.074863	-3.129534	-6.063671	-12.785947	-39.808353
0.075104	-3.126625	-6.109101	-12.863743	-39.851758
0.075295	-3.124963	-6.154592	-12.941872	-39.894494
0.075433	-3.122545	-6.200144	-13.020331	-39.936555
0.075513	-3.120370	-6.245756	-13.099116	-39.977938
0.075533	-3.118436	-6.291426	-13.178221	-40.018640
0.075491	-3.115731	-6.337154	-13.257641	-40.058658
0.075392	-3.114242	-6.382938	-13.337370	-40.097990
0.075236	-3.111957	-6.428777	-13.417404	-40.136634
0.075027	-3.110864	-6.474669	-13.497737	-40.174590
0.074765	-3.108953	-6.520613	-13.578361	-40.211856
0.074453	-3.107213	-6.566607	-13.659272	-40.248434
0.074094	-3.105636	-6.612650	-13.740464	-40.284324
0.073688	-3.104211	-6.658739	-13.821929	-40.319527
0.073239	-3.102928	-6.704873	-13.903661	-40.354044
0.072748	-3.101780	-6.751050	-13.985654	-40.387879
0.072218	-3.100757	-6.797268	-14.067902	-40.421033
0.071650	-3.099849	-6.843526	-14.150397	-40.453510
0.071047	-3.099048	-6.889820	-14.233134	-40.485313
0.070411	-3.098343	-6.936148	-14.316106	-40.516447
0.069743	-3.097726	-6.982509	-14.399306	-40.546916
0.069045	-3.097185	-7.028900	-14.482729	-40.576724
0.068321	-3.097709	-7.075320	-14.566367	-40.605877
0.067571	-3.097289	-7.121765	-14.650215	-40.634380
0.066798	-3.097911	-7.168233	-14.734266	-40.662240
0.066004	-3.097564	-7.214721	-14.818514	-40.689461
0.065189	-3.098241	-7.261227	-14.902954	-40.716051
0.064354	-3.098939	-7.307750	-14.987580	-40.742016
0.063501	-3.099651	-7.354285	-15.072385	-40.767364
0.062629	-3.100372	-7.400832	-15.157365	-40.792101
0.061740	-3.102095	-7.447386	-15.242513	-40.816234
0.060833	-3.102813	-7.493947	-15.327824	-40.839773
0.059911	-3.104520	-7.540510	-15.413294	-40.862724
0.058973	-3.105208	-7.587074	-15.498917	-40.885096
0.058021	-3.106867	-7.633637	-15.584688	-40.906897
0.057054	-3.108489	-7.680196	-15.670602	-40.928136
0.056074	-3.110064	-7.726749	-15.756653	-40.948821
0.055082	-3.111580	-7.773294	-15.842839	-40.968961
0.054077	-3.113025	-7.819829	-15.929153	-40.988566
0.053061	-3.114387	-7.866351	-16.015592	-41.007646
0.052035	-3.115651	-7.912860	-16.102150	-41.026208
0.050998	-3.116801	-7.959353	-16.188824	-41.044263
0.049953	-3.117820	-8.005830	-16.275609	-41.061821
0.048898	-3.117688	-8.052288	-16.362501	-41.078891
0.047836	-3.118385	-8.098728	-16.449496	-41.095483
0.046766	-3.118893	-8.145147	-16.536589	-41.111608
0.045689	-3.119216	-8.191547	-16.623776	-41.127275
0.044604	-3.119366	-8.237925	-16.711054	-41.142495
0.043511	-3.119352	-8.284281	-16.798419	-41.157278
0.042411	-3.118190	-8.330615	-16.885866	-41.171634
0.041301	-3.117890	-8.376928	-16.973392	-41.185574
0.040184	-3.117470	-8.423218	-17.060994	-41.199108
0.039058	-3.115945	-8.469487	-17.148667	-41.212248
0.037923	-3.114334	-8.515734	-17.236408	-41.225004
0.036780	-3.113657	-8.561959	-17.324214	-41.237386
0.035627	-3.111938	-8.608164	-17.412081	-41.249407
0.034466	-3.110203	-8.654349	-17.500006	-41.261077
0.033295	-3.108480	-8.700514	-17.587985	-41.272407
0.032114	-3.105805	-8.746660	-17.676017	-41.283408
0.030924	-3.104217	-8.792787	-17.764096	-41.294093
0.029725	-3.101761	-8.838898	-17.852222	-41.304472
0.028515	-3.100492	-8.884992	-17.940390	-41.314558
0.027296	-3.098471	-8.931070	-18.028598	-41.324361
0.026066	-3.096777	-8.977133	-18.116844	-41.333895
0.024827	-3.094499	-9.023182	-18.205124	-41.343171
0.023577	-3.093736	-9.069217	-18.293438	-41.352201
0.022321	-3.092545	-9.115240	-18.381781	-41.360997
0.021061	-3.091979	-9.161250	-18.470152	-41.369573
0.019801	-3.092105	-9.207249	-18.558550	-41.377940
0.018545	-3.093003	-9.253237	-18.646971	-41.386110
0.017295	-3.093773	-9.299214	-18.735415	-41.394097
0.016056	-3.096540	-9.345181	-18.823880	-41.401912
0.014831	-3.099460	-9.391137	-18.912363	-41.409569
0.013623	-3.103733	-9.437084	-19.000865	-41.417078
0.012437	-3.109613	-9.483022	-19.089382	-41.424452
0.011274	-3.117436	-9.528950	-19.177915	-41.431704
0.010140	-3.127645	-9.574868	-19.266461	-41.438844
0.009038	-3.140846	-9.620777	-19.355021	-41.445883
0.007972	3.125305	-9.666677	-19.443592	-41.452834
0.006946	3.103224	-9.712567	-19.532175	-41.459706
0.005964	3.074299	-9.758447	-19.620768	-41.466510
0.005032	3.035744	-9.804318	-19.709370	-41.473257
0.004155	2.983036	-9.850178	-19.797981	-41.479954
0.003342	2.908418	-9.896028	-19.886601	-41.486613
0.002604	2.796816	-9.941868	-19.975228	-41.493240
0.001964	2.623428	-9.987698	-20.063862	-41.499845
0.001460	2.336935	-10.033517	-20.152503	-41.506434
0.001176	1.890964	-10.079325	-20.241150	-41.513015
0.001186	1.381590	-10.125124	-20.329802	-41.519594
0.001422	0.999403	-10.170912	-20.418459	-41.526177
0.001755	0.761552	-10.216691	-20.507121	-41.532770
0.002109	0.610183	-10.262460	-20.595786	-41.539376
0.002452	0.505709	-10.308221	-20.684454	-41.546002
0.002771	0.427387	-10.353973	-20.773125	-41.552651
0.003063	0.364247	-10.399718	-20.861797	-41.559326
0.003325	0.311106	-10.445457	-20.950471	-41.566031
0.003559	0.262231	-10.491189	-21.039145	-41.572770
0.003765	0.216217	-10.536918	-21.127819	-41.579543
0.003945	0.172425	-10.582643	-21.216492	-41.586354
0.004103	0.127680	-10.628366	-21.305162	-41.593204
0.004241	0.083114	-10.674089	-21.393830	-41.600095
0.004364	0.038077	-10.719813	-21.482493	-41.607028
0.004474	-0.009908	-10.765541	-21.571151	-41.614005
0.004576	-0.059164	-10.811274	-21.659804	-41.621025
0.004674	-0.110862	-10.857013	-21.748449	-41.628091
0.004773	-0.163966	-10.902763	-21.837085	-41.635201
0.004878	-0.219095	-10.948524	-21.925712	-41.642356
0.004993	-0.275679	-10.994299	-22.014328	-41.649557
0.005122	-0.332028	-11.040092	-22.102931	-41.656802
0.005268	-0.388366	-11.085904	-22.191520	-41.664093
0.005435	-0.443884	-11.131739	-22.280094	-41.671429
0.005623	-0.497787	-11.177600	-22.368651	-41.678810
0.005834	-0.548342	-11.223490	-22.457189	-41.686235
0.006069	-0.595923	-11.269411	-22.545707	-41.693705
0.006327	-0.640028	-11.315368	-22.634203	-41.701219
0.006607	-0.680289	-11.361364	-22.722675	-41.708777
0.006907	-0.715469	-11.407401	-22.811121	-41.716379
0.007227	-0.747446	-11.453483	-22.899540	-41.724025
0.007564	-0.774190	-11.499615	-22.987930	-41.731717
0.007916	-0.797746	-11.545798	-23.076288	-41.739453
0.008282	-0.816209	-11.592037	-23.164614	-41.747235
0.008659	-0.831709	-11.638335	-23.252904	-41.755063
0.009046	-0.842395	-11.684696	-23.341158	-41.762939
0.009441	-0.850422	-11.731121	-23.429373	-41.770864
0.009841	-0.854947	-11.777616	-23.517547	-41.778839
0.010247	-0.856177	-11.824182	-23.605678	-41.786866
0.010657	-0.854530	-11.870823	-23.693765	-41.794948
0.011069	-0.850426	-11.917541	-23.781806	-41.803085
0.011485	-0.845229	-11.964340	-23.869798	-41.811282
0.011903	-0.837254	-12.011222	-23.957741	-41.819541
0.012323	-0.828778	-12.058190	-24.045631	-41.827864
0.012744	-0.818042	-12.105245	-24.133469	-41.836255
0.013168	-0.807257	-12.152390	-24.221251	-41.844717
0.013594	-0.794610	-12.199628	-24.308976	-41.853254
0.014022	-0.781263	-12.246960	-24.396643	-41.861870
0.014451	-0.768363	-12.294388	-24.484249	-41.870568
0.014883	-0.754038	-12.341914	-24.571794	-41.879353
0.015316	-0.739402	-12.389539	-24.659276	-41.888229
0.015751	-0.724557	-12.437265	-24.746693	-41.897200
0.016187	-0.708594	-12.485094	-24.834043	-41.906271
0.016625	-0.692593	-12.533026	-24.921326	-41.915446
0.017065	-0.676629	-12.581062	-25.008540	-41.924730
0.017505	-0.659765	-12.629205	-25.095684	-41.934129
0.017946	-0.643060	-12.677453	-25.182756	-41.943646
0.018389	-0.625567	-12.725808	-25.269754	-41.953289
0.000000	0.000000	-12.725808	-25.269754	-41.953289
