0.050814	-0.819069	0.000000	0.000000	0.000000
0.046552	-0.776143	0.099999	0.000347	-0.000371
0.042386	-0.725886	0.199994	0.001026	-0.001068
0.038350	-0.666661	0.299984	0.002022	-0.002047
0.034483	-0.596364	0.399968	0.003320	-0.003263
0.030831	-0.512336	0.499946	0.004903	-0.004672
0.027453	-0.412332	0.599917	0.006754	-0.006233
0.024418	-0.290704	0.699881	0.008857	-0.007903
0.021807	-0.146064	0.799838	0.011194	-0.009643
0.019711	0.024221	0.899790	0.013746	-0.011415
0.018214	0.217728	0.999736	0.016496	-0.013183
0.017361	0.426157	1.099679	0.019423	-0.014910
0.017132	0.636516	1.199617	0.022508	-0.016566
0.017433	0.835896	1.299553	0.025731	-0.018120
0.018124	1.015210	1.399487	0.029071	-0.019545
0.019054	1.173343	1.499420	0.032506	-0.020816
0.020093	1.313325	1.599353	0.036016	-0.021911
0.021140	1.437049	1.699285	0.039576	-0.022812
0.022122	1.549806	1.799218	0.043164	-0.023503
0.022990	1.655657	1.899153	0.046757	-0.023973
0.023717	1.758274	1.999088	0.050330	-0.024214
0.024301	1.860823	2.099026	0.053859	-0.024222
0.024787	1.965312	2.198966	0.057319	-0.023997
0.025234	2.071821	2.298908	0.060683	-0.023543
0.025705	2.182644	2.398854	0.063926	-0.022868
0.026263	2.295305	2.498802	0.067021	-0.021983
0.026965	2.410608	2.598753	0.069942	-0.020901
0.027861	2.524790	2.698708	0.072662	-0.019639
0.028987	2.637780	2.798667	0.075155	-0.018217
0.030360	2.745516	2.898630	0.077394	-0.016654
0.031985	2.847236	2.998596	0.079353	-0.014975
0.033849	2.942661	3.098567	0.081006	-0.013202
0.035928	3.029054	3.198541	0.082327	-0.011364
0.038193	3.107163	3.298519	0.083290	-0.009485
0.040606	-3.106072	3.398500	0.083872	-0.007593
0.043128	-3.042906	3.498482	0.084049	-0.005716
0.045722	-2.988012	3.598465	0.083796	-0.003882
0.048346	-2.939823	3.698447	0.083091	-0.002119
0.050964	-2.897773	3.798426	0.081913	-0.000453
0.053538	-2.860337	3.898400	0.080241	0.001090
0.056034	-2.829049	3.998366	0.078054	0.002483
0.058422	-2.802411	4.098322	0.075335	0.003703
0.060691	-2.778646	4.198263	0.072065	0.004728
0.062838	-2.759041	4.298186	0.068228	0.005537
0.064864	-2.742021	4.398087	0.063809	0.006110
0.066770	-2.727116	4.497961	0.058794	0.006430
0.068562	-2.712937	4.597802	0.053169	0.006481
0.070243	-2.701158	4.697607	0.046922	0.006245
0.071820	-2.690502	4.797368	0.040041	0.005708
0.073299	-2.679729	4.897081	0.032516	0.004858
0.074688	-2.670632	4.996739	0.024338	0.003680
0.075995	-2.662027	5.096336	0.015497	0.002162
0.077228	-2.652748	5.195865	0.005987	0.000293
0.078395	-2.644648	5.295320	-0.004202	-0.001940
0.079505	-2.635589	5.394693	-0.015074	-0.004547
0.080568	-2.627448	5.493977	-0.026635	-0.007539
0.081591	-2.618109	5.593166	-0.038892	-0.010929
0.082585	-2.609466	5.692250	-0.051847	-0.014726
0.083560	-2.599419	5.791223	-0.065506	-0.018942
0.084526	-2.589878	5.890077	-0.079870	-0.023588
0.085493	-2.578759	5.988803	-0.094944	-0.028677
0.086470	-2.567010	6.087394	-0.110728	-0.034221
0.087460	-2.555680	6.185841	-0.127225	-0.040233
0.088462	-2.542839	6.284134	-0.144436	-0.046726
0.089476	-2.529554	6.382266	-0.162362	-0.053715
0.090502	-2.515889	6.480227	-0.181001	-0.061215
0.091540	-2.502905	6.578007	-0.200355	-0.069241
0.092589	-2.488660	6.675597	-0.220423	-0.077808
0.093648	-2.475208	6.772988	-0.241203	-0.086932
0.094717	-2.460601	6.870169	-0.262693	-0.096629
0.095794	-2.446888	6.967130	-0.284892	-0.106914
0.096879	-2.432116	7.063861	-0.307797	-0.117805
0.097969	-2.418326	7.160350	-0.331404	-0.129317
0.099063	-2.404560	7.256587	-0.355712	-0.141467
0.100159	-2.389854	7.352560	-0.380715	-0.154270
0.101255	-2.376244	7.448259	-0.406409	-0.167745
0.102348	-2.363761	7.543671	-0.432791	-0.181906
0.103437	-2.350436	7.638785	-0.459855	-0.196769
0.104519	-2.337295	7.733588	-0.487596	-0.212349
0.105590	-2.325365	7.828069	-0.516009	-0.228662
0.106649	-2.312667	7.922214	-0.545089	-0.245722
0.107691	-2.301218	8.016011	-0.574828	-0.263544
0.108717	-2.290009	8.109448	-0.605222	-0.282142
0.109727	-2.279028	8.202510	-0.636263	-0.301529
0.110720	-2.268262	8.295185	-0.667945	-0.321718
0.111695	-2.257701	8.387459	-0.700262	-0.342721
0.112654	-2.248331	8.479319	-0.733204	-0.364551
0.113595	-2.238145	8.570751	-0.766767	-0.387218
0.114518	-2.228131	8.661740	-0.800941	-0.410735
0.115424	-2.219280	8.752274	-0.835719	-0.435111
0.116313	-2.209583	8.842337	-0.871092	-0.460357
0.117184	-2.201032	8.931915	-0.907052	-0.486483
0.118037	-2.191619	9.020995	-0.943590	-0.513498
0.118872	-2.182337	9.109562	-0.980696	-0.541411
0.119690	-2.173178	9.197600	-1.018361	-0.570230
0.120490	-2.164135	9.285096	-1.056573	-0.599966
0.121272	-2.155201	9.372036	-1.095323	-0.630625
0.122037	-2.146371	9.458404	-1.134600	-0.662214
0.122784	-2.137639	9.544186	-1.174392	-0.694743
0.123514	-2.128999	9.629367	-1.214687	-0.728216
0.124226	-2.119446	9.713933	-1.255474	-0.762640
0.124921	-2.109976	9.797868	-1.296740	-0.798023
0.125597	-2.100595	9.881160	-1.338471	-0.834369
0.126251	-2.091310	9.963793	-1.380652	-0.871685
0.126883	-2.082128	10.045753	-1.423271	-0.909976
0.127489	-2.073055	10.127026	-1.466312	-0.949247
0.128068	-2.063097	10.207598	-1.509760	-0.989500
0.128617	-2.053258	10.287455	-1.553601	-1.030742
0.129136	-2.044544	10.366584	-1.597817	-1.072975
0.129620	-2.033958	10.444970	-1.642393	-1.116201
0.130069	-2.024506	10.522602	-1.687312	-1.160424
0.130479	-2.015189	10.599466	-1.732556	-1.205645
0.130849	-2.005013	10.675549	-1.778108	-1.251866
0.131177	-1.995980	10.750840	-1.823950	-1.299086
0.131460	-1.986093	10.825327	-1.870064	-1.347307
0.131696	-1.976355	10.898998	-1.916432	-1.396526
0.131882	-1.966769	10.971843	-1.963036	-1.446744
0.132016	-1.957337	11.043850	-2.009856	-1.497957
0.132096	-1.947061	11.115011	-2.056873	-1.550163
0.132120	-1.937944	11.185315	-2.104069	-1.603360
0.132085	-1.928989	11.254754	-2.151423	-1.657543
0.131990	-1.919189	11.323320	-2.198918	-1.712706
0.131845	-1.909507	11.391005	-2.246534	-1.768844
0.131658	-1.899898	11.457802	-2.294251	-1.825952
0.131442	-1.890321	11.523704	-2.342049	-1.884022
0.131206	-1.880732	11.588706	-2.389910	-1.943048
0.130961	-1.871095	11.652802	-2.437814	-2.003023
0.130718	-1.861369	11.715988	-2.485741	-2.063938
0.130487	-1.850520	11.778257	-2.533672	-2.125785
0.130281	-1.839512	11.839607	-2.581587	-2.188558
0.130109	-1.829313	11.900032	-2.629464	-2.252249
0.129984	-1.816893	11.959530	-2.677285	-2.316849
0.129917	-1.805223	12.018096	-2.725026	-2.382353
0.129918	-1.793279	12.075727	-2.772667	-2.448754
0.130001	-1.780038	12.132419	-2.820186	-2.516044
0.130176	-1.766483	12.188169	-2.867560	-2.584217
0.130455	-1.752599	12.242974	-2.914764	-2.653270
0.130851	-1.737376	12.296828	-2.961776	-2.723195
0.131375	-1.721810	12.349729	-3.008570	-2.793990
0.132041	-1.705899	12.401673	-3.055117	-2.865650
0.132860	-1.688650	12.452655	-3.101392	-2.938172
0.133839	-1.671098	12.502670	-3.147364	-3.011555
0.134962	-1.653382	12.551715	-3.193003	-3.085796
0.136207	-1.634658	12.599782	-3.238278	-3.160894
0.137551	-1.617069	12.646868	-3.283155	-3.236848
0.138970	-1.598747	12.692965	-3.327601	-3.313656
0.140440	-1.580809	12.738069	-3.371583	-3.391318
0.141937	-1.564363	12.782172	-3.415065	-3.469830
0.143434	-1.547506	12.825269	-3.458016	-3.549189
0.144906	-1.533323	12.867354	-3.500399	-3.629392
0.146327	-1.519894	12.908419	-3.542185	-3.710433
0.147672	-1.508291	12.948457	-3.583342	-3.792305
0.148914	-1.498583	12.987459	-3.623842	-3.875001
0.150026	-1.490836	13.025418	-3.663660	-3.958510
0.150985	-1.486116	13.062324	-3.702771	-4.042820
0.151762	-1.483491	13.098165	-3.741158	-4.127919
0.152335	-1.484037	13.132932	-3.778803	-4.213792
0.152677	-1.486832	13.166610	-3.815697	-4.300421
0.152766	-1.492970	13.199188	-3.851832	-4.387788
0.152578	-1.501554	13.230651	-3.887208	-4.475871
0.152092	-1.512707	13.260985	-3.921826	-4.564648
0.151296	-1.527529	13.290178	-3.955696	-4.654095
0.150211	-1.544950	13.318215	-3.988830	-4.744184
0.148869	-1.564867	13.345083	-4.021249	-4.834887
0.147300	-1.585180	13.370770	-4.052975	-4.926176
0.145535	-1.607793	13.395266	-4.084034	-5.018020
0.143604	-1.631604	13.418565	-4.114455	-5.110387
0.141537	-1.655508	13.440658	-4.144269	-5.203247
0.139363	-1.679385	13.461544	-4.173508	-5.296569
0.137109	-1.704105	13.481220	-4.202204	-5.390320
0.134800	-1.729518	13.499688	-4.230390	-5.484472
0.132462	-1.753456	13.516950	-4.258100	-5.578993
0.130116	-1.777726	13.533012	-4.285365	-5.673854
0.127782	-1.802109	13.547880	-4.312218	-5.769027
0.125479	-1.824359	13.561561	-4.338690	-5.864484
0.123221	-1.846203	13.574067	-4.364809	-5.960199
0.121023	-1.866336	13.585407	-4.390603	-6.056147
0.118895	-1.885424	13.595594	-4.416095	-6.152305
0.116847	-1.901105	13.604640	-4.441310	-6.248651
0.114886	-1.914990	13.612559	-4.466266	-6.345162
0.113021	-1.925663	13.619364	-4.490978	-6.441821
0.111254	-1.932767	13.625072	-4.515459	-6.538610
0.109577	-1.936253	13.629695	-4.539717	-6.635513
0.107981	-1.936167	13.633249	-4.563756	-6.732516
0.106460	-1.932568	13.635749	-4.587576	-6.829605
0.105008	-1.925531	13.637211	-4.611175	-6.926770
0.103624	-1.916145	13.637650	-4.634544	-7.024000
0.102305	-1.903512	13.637082	-4.657677	-7.121286
0.101051	-1.886749	13.635523	-4.680560	-7.218620
0.099864	-1.867986	13.632989	-4.703180	-7.315995
0.098744	-1.846366	13.629498	-4.725518	-7.413406
0.097692	-1.822045	13.625066	-4.747557	-7.510846
0.096709	-1.796195	13.619712	-4.769275	-7.608312
0.095797	-1.766997	13.613453	-4.790651	-7.705800
0.094953	-1.736644	13.606310	-4.811661	-7.803307
0.094178	-1.703340	13.598301	-4.832280	-7.900830
0.093467	-1.669295	13.589448	-4.852482	-7.998367
0.092817	-1.634724	13.579772	-4.872241	-8.095917
0.092223	-1.598847	13.569295	-4.891530	-8.193478
0.091676	-1.562883	13.558041	-4.910325	-8.291049
0.091168	-1.528050	13.546031	-4.928599	-8.388629
0.090690	-1.493540	13.533291	-4.946329	-8.486216
0.090233	-1.460452	13.519843	-4.963491	-8.583811
0.089789	-1.427858	13.505710	-4.980066	-8.681409
0.089350	-1.397824	13.490917	-4.996032	-8.779012
0.088908	-1.369414	13.475485	-5.011374	-8.876616
0.088454	-1.343686	13.459437	-5.026075	-8.974219
0.087978	-1.318692	13.442792	-5.040122	-9.071818
0.087471	-1.296483	13.425573	-5.053504	-9.169411
0.086925	-1.275106	13.407797	-5.066211	-9.266995
0.086330	-1.256608	13.389484	-5.078234	-9.364566
0.085676	-1.240031	13.370650	-5.089569	-9.462120
0.084954	-1.225421	13.351314	-5.100211	-9.559654
0.084156	-1.211823	13.331489	-5.110158	-9.657163
0.083271	-1.200286	13.311191	-5.119409	-9.754643
0.082291	-1.190863	13.290434	-5.127967	-9.852090
0.081208	-1.182616	13.269231	-5.135834	-9.949499
0.080012	-1.175612	13.247596	-5.143015	-10.046866
0.078695	-1.170932	13.225540	-5.149517	-10.144187
0.077249	-1.166674	13.203074	-5.155349	-10.241456
0.075668	-1.164952	13.180211	-5.160521	-10.338670
0.073946	-1.163881	13.156960	-5.165045	-10.435824
0.072093	-1.164496	13.133333	-5.168937	-10.532915
0.070120	-1.166823	13.109340	-5.172211	-10.629938
0.068040	-1.169911	13.084991	-5.174885	-10.726892
0.065866	-1.175828	13.060295	-5.176978	-10.823772
0.063612	-1.182664	13.035262	-5.178510	-10.920576
0.061291	-1.191531	13.009901	-5.179503	-11.017301
0.058920	-1.202565	12.984220	-5.179980	-11.113946
0.056512	-1.215926	12.958227	-5.179963	-11.210509
0.054085	-1.231798	12.931930	-5.179478	-11.306988
0.051653	-1.250389	12.905336	-5.178549	-11.403383
0.049236	-1.270928	12.878451	-5.177202	-11.499692
0.046849	-1.295664	12.851281	-5.175462	-11.595914
0.044513	-1.323855	12.823833	-5.173355	-11.692050
0.042244	-1.354757	12.796111	-5.170909	-11.788100
0.040062	-1.390604	12.768120	-5.168148	-11.884063
0.037988	-1.429584	12.739865	-5.165099	-11.979940
0.036039	-1.473798	12.711349	-5.161787	-12.075730
0.034234	-1.521219	12.682576	-5.158238	-12.171436
0.032589	-1.573638	12.653548	-5.154476	-12.267056
0.031118	-1.628676	12.624270	-5.150524	-12.362592
0.029825	-1.687971	12.594742	-5.146406	-12.458045
0.028712	-1.750043	12.564966	-5.142144	-12.553414
0.027779	-1.813241	12.534945	-5.137759	-12.648700
0.027023	-1.878765	12.504679	-5.133271	-12.743904
0.026437	-1.944704	12.474169	-5.128699	-12.839026
0.026012	-2.010095	12.443416	-5.124063	-12.934067
0.025738	-2.073990	12.412421	-5.119379	-13.029027
0.025598	-2.135523	12.381183	-5.114665	-13.123906
0.025578	-2.193955	12.349703	-5.109937	-13.218704
0.025660	-2.248709	12.317981	-5.105209	-13.313421
0.025828	-2.299378	12.286015	-5.100495	-13.408057
0.026066	-2.345713	12.253805	-5.095809	-13.502612
0.026357	-2.388604	12.221352	-5.091163	-13.597085
0.026687	-2.426052	12.188653	-5.086568	-13.691476
0.027043	-2.460140	12.155708	-5.082035	-13.785784
0.027414	-2.490005	12.122516	-5.077574	-13.880010
0.027789	-2.514818	12.089076	-5.073193	-13.974151
0.028160	-2.536764	12.055386	-5.068901	-14.068207
0.028519	-2.556030	12.021446	-5.064704	-14.162178
0.028861	-2.570825	11.987253	-5.060608	-14.256061
0.029181	-2.582453	11.952808	-5.056620	-14.349857
0.029479	-2.592219	11.918108	-5.052742	-14.443563
0.029752	-2.598403	11.883152	-5.048980	-14.537179
0.030000	-2.603264	11.847938	-5.045336	-14.630703
0.030224	-2.606037	11.812466	-5.041812	-14.724134
0.030425	-2.605941	11.776735	-5.038409	-14.817470
0.030602	-2.605180	11.740742	-5.035130	-14.910710
0.030758	-2.601947	11.704486	-5.031974	-15.003853
0.030895	-2.598423	11.667966	-5.028940	-15.096897
0.031012	-2.592782	11.631182	-5.026030	-15.189840
0.031113	-2.586191	11.594130	-5.023241	-15.282681
0.031198	-2.578814	11.556812	-5.020571	-15.375418
0.031269	-2.570812	11.519224	-5.018021	-15.468050
0.031327	-2.562341	11.481366	-5.015586	-15.560575
0.031374	-2.552558	11.443238	-5.013265	-15.652991
0.031409	-2.543619	11.404838	-5.011056	-15.745298
0.031435	-2.532679	11.366164	-5.008955	-15.837493
0.031451	-2.522892	11.327218	-5.006960	-15.929576
0.031459	-2.512416	11.287996	-5.005068	-16.021544
0.031457	-2.502381	11.248500	-5.003276	-16.113396
0.031448	-2.491820	11.208729	-5.001581	-16.205131
0.031431	-2.482740	11.168681	-4.999979	-16.296748
0.031406	-2.473152	11.128358	-4.998468	-16.388245
0.031376	-2.463068	11.087758	-4.997045	-16.479622
0.031339	-2.454498	11.046882	-4.995707	-16.570876
0.031297	-2.445457	11.005729	-4.994451	-16.662007
0.031251	-2.436959	10.964301	-4.993275	-16.753014
0.031200	-2.429020	10.922596	-4.992175	-16.843896
0.031146	-2.421657	10.880616	-4.991149	-16.934652
0.031089	-2.415887	10.838361	-4.990195	-17.025281
0.031029	-2.409727	10.795832	-4.989311	-17.115782
0.030969	-2.404197	10.753028	-4.988494	-17.206154
0.030908	-2.399317	10.709950	-4.987744	-17.296397
0.030847	-2.396105	10.666600	-4.987059	-17.386510
0.030787	-2.392582	10.622978	-4.986437	-17.476492
0.030729	-2.390767	10.579085	-4.985877	-17.566342
0.030674	-2.389680	10.534921	-4.985378	-17.656060
0.030622	-2.390340	10.490487	-4.984941	-17.745645
0.030576	-2.391766	10.445785	-4.984566	-17.835097
0.030535	-2.393959	10.400815	-4.984251	-17.924414
0.030499	-2.396858	10.355579	-4.983999	-18.013597
0.030468	-2.401387	10.310076	-4.983810	-18.102644
0.030440	-2.406467	10.264308	-4.983685	-18.191556
0.030414	-2.412021	10.218276	-4.983626	-18.280331
0.030390	-2.418973	10.171981	-4.983634	-18.368970
0.030368	-2.426245	10.125424	-4.983712	-18.457471
0.030344	-2.433763	10.078606	-4.983861	-18.545834
0.030320	-2.441451	10.031528	-4.984083	-18.634059
0.030293	-2.450235	9.984191	-4.984381	-18.722145
0.030262	-2.458043	9.936597	-4.984758	-18.810092
0.030227	-2.466803	9.888746	-4.985215	-18.897899
0.030185	-2.475445	9.840641	-4.985755	-18.985567
0.030135	-2.482897	9.792283	-4.986380	-19.073094
0.030077	-2.491091	9.743672	-4.987093	-19.160481
0.030007	-2.498959	9.694811	-4.987895	-19.247728
0.029926	-2.506431	9.645701	-4.988788	-19.334834
0.029831	-2.513438	9.596345	-4.989775	-19.421799
0.029720	-2.519911	9.546743	-4.990857	-19.508623
0.029592	-2.525777	9.496898	-4.992036	-19.595307
0.029445	-2.530981	9.446811	-4.993312	-19.681850
0.029281	-2.535527	9.396485	-4.994687	-19.768253
0.029101	-2.538437	9.345922	-4.996161	-19.854515
0.028905	-2.541728	9.295124	-4.997735	-19.940638
0.028696	-2.543416	9.244094	-4.999409	-20.026621
0.028473	-2.545515	9.192833	-5.001182	-20.112465
0.028240	-2.546038	9.141344	-5.003054	-20.198170
0.027996	-2.546996	9.089629	-5.005025	-20.283737
0.027744	-2.546401	9.037691	-5.007094	-20.369166
0.027485	-2.545262	8.985532	-5.009260	-20.454459
0.027220	-2.543589	8.933155	-5.011522	-20.539614
0.026951	-2.541391	8.880562	-5.013878	-20.624634
0.026680	-2.538680	8.827754	-5.016326	-20.709519
0.026407	-2.535466	8.774736	-5.018866	-20.794269
0.026135	-2.530761	8.721508	-5.021495	-20.878885
0.025865	-2.526577	8.668072	-5.024212	-20.963367
0.025598	-2.520930	8.614432	-5.027014	-21.047717
0.025336	-2.515836	8.560589	-5.029899	-21.131935
0.025080	-2.509314	8.506546	-5.032866	-21.216021
0.024833	-2.502387	8.452303	-5.035911	-21.299976
0.024595	-2.495085	8.397864	-5.039032	-21.383801
0.024367	-2.487468	8.343229	-5.042227	-21.467496
0.024149	-2.479607	8.288400	-5.045493	-21.551061
0.023940	-2.471575	8.233379	-5.048828	-21.634497
0.023742	-2.463447	8.178168	-5.052229	-21.717805
0.023554	-2.455303	8.122767	-5.055694	-21.800984
0.023377	-2.446226	8.067178	-5.059221	-21.884035
0.023209	-2.438298	8.011403	-5.062807	-21.966958
0.023051	-2.430607	7.955442	-5.066450	-22.049754
0.022903	-2.423241	7.899298	-5.070147	-22.132422
0.022765	-2.416288	7.842970	-5.073898	-22.214964
0.022636	-2.409840	7.786459	-5.077698	-22.297378
0.022516	-2.403988	7.729768	-5.081548	-22.379666
0.022405	-2.398823	7.672897	-5.085446	-22.461827
0.022303	-2.395436	7.615847	-5.089389	-22.543862
0.022209	-2.391920	7.558618	-5.093378	-22.625771
0.022122	-2.390365	7.501213	-5.097411	-22.707553
0.022044	-2.389862	7.443631	-5.101487	-22.789209
0.021974	-2.390500	7.385873	-5.105607	-22.870739
0.021911	-2.393367	7.327941	-5.109771	-22.952142
0.021856	-2.396521	7.269835	-5.113978	-23.033419
0.021807	-2.401890	7.211557	-5.118229	-23.114571
0.021766	-2.409375	7.153106	-5.122526	-23.195596
0.021730	-2.416870	7.094484	-5.126869	-23.276495
0.021699	-2.426272	7.035692	-5.131261	-23.357267
0.021672	-2.436472	6.976731	-5.135704	-23.437914
0.021650	-2.447366	6.917602	-5.140198	-23.518434
0.021630	-2.458846	6.858305	-5.144747	-23.598828
0.021613	-2.470808	6.798842	-5.149353	-23.679096
0.021597	-2.483146	6.739214	-5.154018	-23.759238
0.021582	-2.496758	6.679422	-5.158745	-23.839254
0.021566	-2.509543	6.619467	-5.163537	-23.919144
0.021548	-2.522401	6.559350	-5.168395	-23.998908
0.021528	-2.536235	6.499072	-5.173323	-24.078547
0.021503	-2.548950	6.438635	-5.178324	-24.158060
0.021473	-2.561453	6.378040	-5.183399	-24.237448
0.021436	-2.573654	6.317288	-5.188551	-24.316711
0.021390	-2.586463	6.256381	-5.193783	-24.395850
0.021334	-2.597791	6.195319	-5.199097	-24.474865
0.021267	-2.608551	6.134106	-5.204494	-24.553756
0.021186	-2.617686	6.072742	-5.209977	-24.632524
0.021090	-2.627260	6.011228	-5.215547	-24.711169
0.020979	-2.636368	5.949567	-5.221205	-24.789692
0.020853	-2.644108	5.887760	-5.226953	-24.868094
0.020710	-2.652576	5.825809	-5.232791	-24.946375
0.020551	-2.659872	5.763716	-5.238721	-25.024537
0.020374	-2.667098	5.701482	-5.244743	-25.102580
0.020179	-2.674360	5.639110	-5.250858	-25.180506
0.019966	-2.680767	5.576603	-5.257065	-25.258315
0.019734	-2.688437	5.513961	-5.263366	-25.336008
0.019484	-2.696492	5.451188	-5.269759	-25.413588
0.019214	-2.704064	5.388286	-5.276247	-25.491056
0.018925	-2.712296	5.325257	-5.282827	-25.568413
0.018618	-2.721345	5.262105	-5.289501	-25.645661
0.018291	-2.731381	5.198833	-5.296268	-25.722803
0.017945	-2.742596	5.135443	-5.303129	-25.799839
0.017581	-2.754200	5.071938	-5.310082	-25.876773
0.017198	-2.768433	5.008324	-5.317129	-25.953608
0.016799	-2.783564	4.944602	-5.324268	-26.030344
0.016384	-2.800898	4.880776	-5.331501	-26.106987
0.015955	-2.820728	4.816852	-5.338826	-26.183537
0.015520	-2.842145	4.752833	-5.346244	-26.260000
0.015085	-2.867168	4.688723	-5.353756	-26.336377
0.014658	-2.893771	4.624527	-5.361361	-26.412673
0.014247	-2.923873	4.560250	-5.369060	-26.488891
0.013858	-2.955312	4.495897	-5.376853	-26.565035
0.013498	-2.988830	4.431471	-5.384742	-26.641109
0.013174	-3.024056	4.366979	-5.392726	-26.717115
0.012891	-3.060495	4.302423	-5.400807	-26.793057
0.012654	-3.097527	4.237809	-5.408985	-26.868939
0.012465	-3.134416	4.173140	-5.417263	-26.944764
0.012328	3.111845	4.108420	-5.425640	-27.020535
0.012244	3.077765	4.043654	-5.434119	-27.096254
0.012212	3.046418	3.978843	-5.442702	-27.171924
0.012233	3.017658	3.913992	-5.451389	-27.247547
0.012306	2.994263	3.849102	-5.460183	-27.323124
0.012429	2.974901	3.784175	-5.469086	-27.398658
0.012603	2.961103	3.719213	-5.478099	-27.474147
0.012825	2.953255	3.654216	-5.487227	-27.549593
0.013099	2.950590	3.589185	-5.496469	-27.624996
0.013423	2.954023	3.524120	-5.505830	-27.700354
0.013796	2.962715	3.459019	-5.515312	-27.775667
0.014212	2.975657	3.393880	-5.524918	-27.850931
0.014667	2.991889	3.328702	-5.534650	-27.926144
0.015159	3.009524	3.263481	-5.544512	-28.001304
0.015683	3.028774	3.198214	-5.554507	-28.076407
0.016235	3.048951	3.132899	-5.564637	-28.151448
0.016810	3.070477	3.067530	-5.574907	-28.226425
0.017401	3.089869	3.002104	-5.585319	-28.301332
0.018003	3.109741	2.936618	-5.595876	-28.376165
0.018609	3.128785	2.871065	-5.606581	-28.450920
0.019212	-3.136422	2.805443	-5.617437	-28.525591
0.019804	-3.119693	2.739746	-5.628447	-28.600175
0.020377	-3.104351	2.673972	-5.639614	-28.674667
0.020922	-3.090503	2.608115	-5.650940	-28.749062
0.021432	-3.077231	2.542172	-5.662428	-28.823355
0.021898	-3.066607	2.476139	-5.674080	-28.897544
0.022311	-3.057698	2.410014	-5.685898	-28.971623
0.022662	-3.049573	2.343793	-5.697883	-29.045591
0.022944	-3.043313	2.277475	-5.710037	-29.119443
0.023149	-3.038960	2.211058	-5.722362	-29.193178
0.023278	-3.036344	2.144540	-5.734857	-29.266793
0.023335	-3.035277	2.077921	-5.747524	-29.340288
0.023323	-3.034603	2.011200	-5.760363	-29.413661
0.023245	-3.035193	1.944379	-5.773372	-29.486912
0.023105	-3.036937	1.877458	-5.786553	-29.560041
0.022906	-3.040741	1.810438	-5.799903	-29.633048
0.022652	-3.044522	1.743321	-5.813423	-29.705935
0.022347	-3.048207	1.676109	-5.827110	-29.778704
0.021993	-3.053727	1.608804	-5.840963	-29.851354
0.021595	-3.060017	1.541409	-5.854980	-29.923890
0.021157	-3.067012	1.473926	-5.869158	-29.996312
0.020681	-3.074647	1.406358	-5.883496	-30.068624
0.020172	-3.081850	1.338708	-5.897991	-30.140828
0.019632	-3.090544	1.270981	-5.912639	-30.212928
0.019065	-3.099641	1.203178	-5.927438	-30.284926
0.018474	-3.109039	1.135304	-5.942385	-30.356827
0.017862	-3.117618	1.067362	-5.957475	-30.428634
0.017232	-3.127237	0.999356	-5.972705	-30.500350
0.016587	-3.136725	0.931289	-5.988071	-30.571980
0.015929	3.136264	0.863165	-6.003568	-30.643526
0.015261	3.127364	0.794987	-6.019193	-30.714994
0.014583	3.118725	0.726758	-6.034941	-30.786386
0.013898	3.110310	0.658482	-6.050807	-30.857707
0.013208	3.101082	0.590162	-6.066786	-30.928960
0.012515	3.093002	0.521801	-6.082873	-31.000149
0.011820	3.084028	0.453401	-6.099063	-31.071279
0.011126	3.076115	0.384966	-6.115351	-31.142352
0.010434	3.067210	0.316499	-6.131731	-31.213372
0.009747	3.058257	0.248002	-6.148199	-31.284344
0.009066	3.050189	0.179478	-6.164748	-31.355271
0.008394	3.040927	0.110929	-6.181374	-31.426155
0.007733	3.032375	0.042358	-6.198071	-31.497001
0.007085	3.022415	-0.026233	-6.214835	-31.567813
0.006451	3.012900	-0.094842	-6.231659	-31.638592
0.005835	3.001642	-0.163467	-6.248539	-31.709343
0.005238	2.990395	-0.232106	-6.265469	-31.780069
0.004662	2.977830	-0.300756	-6.282445	-31.850772
0.004110	2.962501	-0.369417	-6.299462	-31.921455
0.003583	2.945786	-0.438087	-6.316515	-31.992121
0.003085	2.925784	-0.506763	-6.333601	-32.062772
0.002615	2.901074	-0.575445	-6.350714	-32.133412
0.002173	2.870323	-0.644132	-6.367851	-32.204041
0.001760	2.827462	-0.712821	-6.385008	-32.274662
0.001378	2.765802	-0.781513	-6.402181	-32.345278
0.001029	2.669239	-0.850205	-6.419367	-32.415889
0.000721	2.500587	-0.918898	-6.436564	-32.486498
0.000477	2.160347	-0.987589	-6.453768	-32.557106
0.000364	1.513374	-1.056279	-6.470976	-32.627715
0.000436	0.870188	-1.124967	-6.488186	-32.698326
0.000600	0.535866	-1.193651	-6.505395	-32.768939
0.000778	0.372548	-1.262332	-6.522603	-32.839557
0.000946	0.282094	-1.331008	-6.539806	-32.910180
0.001095	0.227983	-1.399680	-6.557004	-32.980809
0.001223	0.195500	-1.468346	-6.574194	-33.051444
0.001329	0.175309	-1.537008	-6.591377	-33.122087
0.001411	0.164744	-1.605663	-6.608550	-33.192738
0.001470	0.161977	-1.674312	-6.625714	-33.263397
0.001507	0.166244	-1.742955	-6.642868	-33.334064
0.001520	0.177513	-1.811592	-6.660011	-33.404741
0.001512	0.196212	-1.880221	-6.677144	-33.475426
0.001485	0.221707	-1.948844	-6.694267	-33.546120
0.001440	0.256739	-2.017461	-6.711380	-33.616824
0.001380	0.300585	-2.086070	-6.728484	-33.687536
0.001309	0.357112	-2.154672	-6.745581	-33.758257
0.001231	0.426833	-2.223267	-6.762670	-33.828986
0.001149	0.514905	-2.291855	-6.779753	-33.899724
0.001069	0.622875	-2.360436	-6.796832	-33.970470
0.000997	0.754884	-2.429011	-6.813908	-34.041223
0.000942	0.912951	-2.497578	-6.830981	-34.111983
0.000910	1.091481	-2.566139	-6.848055	-34.182750
0.000907	1.281656	-2.634693	-6.865130	-34.253522
0.000936	1.470365	-2.703241	-6.882208	-34.324301
0.000994	1.642559	-2.771782	-6.899290	-34.395084
0.001076	1.792710	-2.840317	-6.916379	-34.465872
0.001176	1.917220	-2.908846	-6.933476	-34.536664
0.001286	2.020191	-2.977369	-6.950583	-34.607459
0.001401	2.104128	-3.045887	-6.967701	-34.678257
0.001516	2.172586	-3.114399	-6.984831	-34.749057
0.001627	2.228633	-3.182905	-7.001976	-34.819859
0.001732	2.274827	-3.251407	-7.019135	-34.890662
0.001828	2.313478	-3.319904	-7.036312	-34.961465
0.001916	2.347335	-3.388396	-7.053506	-35.032269
0.001996	2.375669	-3.456883	-7.070719	-35.103073
0.002066	2.401416	-3.525367	-7.087952	-35.173876
0.002128	2.424278	-3.593846	-7.105204	-35.244678
0.002182	2.443792	-3.662322	-7.122478	-35.315479
0.002227	2.462370	-3.730793	-7.139773	-35.386278
0.002264	2.479337	-3.799262	-7.157089	-35.457075
0.002295	2.494947	-3.867727	-7.174429	-35.527869
0.002318	2.509406	-3.936190	-7.191790	-35.598661
0.002334	2.522878	-4.004649	-7.209175	-35.669450
0.002344	2.535495	-4.073106	-7.226582	-35.740236
0.002348	2.547365	-4.141561	-7.244013	-35.811018
0.002347	2.558575	-4.210013	-7.261467	-35.881797
0.002341	2.569196	-4.278464	-7.278944	-35.952572
0.002330	2.579284	-4.346912	-7.296443	-36.023343
0.002315	2.588883	-4.415359	-7.313966	-36.094110
0.002297	2.598026	-4.483805	-7.331511	-36.164873
0.002275	2.606737	-4.552249	-7.349079	-36.235632
0.002251	2.614053	-4.620692	-7.366670	-36.306386
0.002223	2.622086	-4.689135	-7.384282	-36.377135
0.002192	2.628977	-4.757576	-7.401916	-36.447880
0.002157	2.636878	-4.826016	-7.419571	-36.518621
0.002117	2.643953	-4.894456	-7.437248	-36.589356
0.002073	2.651386	-4.962895	-7.454945	-36.660087
0.002024	2.660386	-5.031334	-7.472662	-36.730814
0.001970	2.669193	-5.099773	-7.490399	-36.801535
0.001909	2.679094	-5.168212	-7.508155	-36.872253
0.001843	2.691440	-5.236650	-7.525930	-36.942965
0.001771	2.704665	-5.305089	-7.543722	-37.013673
0.001692	2.721327	-5.373528	-7.561532	-37.084376
0.001606	2.740159	-5.441968	-7.579358	-37.155074
0.001513	2.764149	-5.510408	-7.597199	-37.225768
0.001414	2.792666	-5.578849	-7.615054	-37.296457
0.001308	2.829665	-5.647292	-7.632923	-37.367142
0.001196	2.877021	-5.715736	-7.650805	-37.437823
0.001079	2.939086	-5.784182	-7.668697	-37.508499
0.000959	3.022618	-5.852629	-7.686598	-37.579170
0.000840	3.138178	-5.921079	-7.704508	-37.649837
0.000730	-2.981081	-5.989532	-7.722425	-37.720500
0.000642	-2.754933	-6.057988	-7.740347	-37.791159
0.000595	-2.463239	-6.126447	-7.758272	-37.861813
0.000606	-2.144770	-6.194910	-7.776198	-37.932463
0.000674	-1.858108	-6.263378	-7.794124	-38.003109
0.000787	-1.636733	-6.331851	-7.812048	-38.073751
0.000929	-1.476677	-6.400328	-7.829968	-38.144389
0.001086	-1.361990	-6.468812	-7.847882	-38.215022
0.001251	-1.278580	-6.537302	-7.865787	-38.285652
0.001417	-1.216652	-6.605798	-7.883683	-38.356278
0.001580	-1.169799	-6.674302	-7.901567	-38.426900
0.001738	-1.133857	-6.742813	-7.919438	-38.497518
0.001887	-1.106083	-6.811331	-7.937294	-38.568132
0.002025	-1.084648	-6.879858	-7.955133	-38.638742
0.002149	-1.068320	-6.948394	-7.972954	-38.709349
0.002258	-1.057277	-7.016939	-7.990757	-38.779952
0.002350	-1.048992	-7.085492	-8.008538	-38.850551
0.002423	-1.045163	-7.154056	-8.026299	-38.921146
0.002474	-1.043679	-7.222629	-8.044038	-38.991737
0.002503	-1.046609	-7.291211	-8.061754	-39.062324
0.002508	-1.053102	-7.359804	-8.079448	-39.132907
0.002490	-1.063068	-7.428407	-8.097120	-39.203486
0.002452	-1.076469	-7.497020	-8.114769	-39.274061
0.002395	-1.094401	-7.565644	-8.132396	-39.344631
0.002321	-1.115082	-7.634277	-8.150002	-39.415196
0.002234	-1.140853	-7.702921	-8.167588	-39.485757
0.002134	-1.170186	-7.771575	-8.185155	-39.556312
0.002024	-1.205696	-7.840239	-8.202703	-39.626862
0.001906	-1.247164	-7.908913	-8.220235	-39.697407
0.001783	-1.294561	-7.977597	-8.237752	-39.767946
0.001658	-1.351058	-8.046290	-8.255254	-39.838479
0.001533	-1.417040	-8.114993	-8.272745	-39.909006
0.001410	-1.493065	-8.183704	-8.290224	-39.979527
0.001294	-1.582757	-8.252425	-8.307695	-40.050041
0.001186	-1.685566	-8.321154	-8.325158	-40.120549
0.001089	-1.804355	-8.389891	-8.342615	-40.191051
0.001008	-1.936803	-8.458636	-8.360068	-40.261546
0.000942	-2.082825	-8.527388	-8.377519	-40.332035
0.000892	-2.236349	-8.596146	-8.394968	-40.402518
0.000858	-2.392882	-8.664912	-8.412418	-40.472994
0.000837	-2.547387	-8.733683	-8.429869	-40.543464
0.000825	-2.696937	-8.802459	-8.447323	-40.613928
0.000823	-2.842726	-8.871240	-8.464781	-40.684387
0.000830	-2.982158	-8.940025	-8.482243	-40.754840
0.000845	-3.116597	-9.008814	-8.499712	-40.825289
0.000869	3.039953	-9.077605	-8.517187	-40.895733
0.000901	2.921112	-9.146399	-8.534669	-40.966173
0.000944	2.811125	-9.215195	-8.552159	-41.036609
0.000995	2.710959	-9.283991	-8.569659	-41.107043
0.001057	2.621347	-9.352788	-8.587167	-41.177474
0.001128	2.542696	-9.421584	-8.604687	-41.247902
0.001208	2.475079	-9.490379	-8.622217	-41.318329
0.001299	2.418266	-9.559172	-8.639759	-41.388755
0.001398	2.371795	-9.627963	-8.657314	-41.459180
0.001507	2.335045	-9.696751	-8.674882	-41.529604
0.001626	2.307298	-9.765535	-8.692466	-41.600028
0.001755	2.287792	-9.834315	-8.710065	-41.670453
0.001894	2.274749	-9.903090	-8.727680	-41.740878
0.002045	2.269402	-9.971860	-8.745314	-41.811304
0.002207	2.269001	-10.040624	-8.762968	-41.881731
0.002382	2.274694	-10.109381	-8.780642	-41.952158
0.002568	2.283229	-10.178132	-8.798339	-42.022587
0.002763	2.294490	-10.246876	-8.816061	-42.093016
0.002965	2.307615	-10.315612	-8.833810	-42.163446
0.003173	2.321959	-10.384340	-8.851587	-42.233876
0.003384	2.336049	-10.453060	-8.869395	-42.304307
0.003596	2.351544	-10.521772	-8.887236	-42.374737
0.003808	2.366208	-10.590475	-8.905112	-42.445167
0.004017	2.381881	-10.659170	-8.923024	-42.515595
0.004222	2.396464	-10.727857	-8.940976	-42.586022
0.004420	2.410898	-10.796535	-8.958969	-42.656447
0.004609	2.425162	-10.865204	-8.977006	-42.726869
0.004788	2.439256	-10.933864	-8.995088	-42.797287
0.004953	2.453204	-11.002517	-9.013216	-42.867702
0.005103	2.467045	-11.071161	-9.031394	-42.938112
0.005236	2.480831	-11.139797	-9.049621	-43.008517
0.005350	2.494631	-11.208426	-9.067900	-43.078916
0.005442	2.508526	-11.277047	-9.086232	-43.149309
0.005510	2.523616	-11.345662	-9.104617	-43.219694
0.005552	2.538017	-11.414270	-9.123056	-43.290071
0.005568	2.552856	-11.482872	-9.141549	-43.360440
0.005557	2.568208	-11.551468	-9.160098	-43.430800
0.005522	2.584132	-11.620060	-9.178701	-43.501150
0.005464	2.600683	-11.688648	-9.197358	-43.571489
0.005386	2.618918	-11.757233	-9.216068	-43.641818
0.005289	2.636889	-11.825814	-9.234831	-43.712135
0.005174	2.655649	-11.894394	-9.253645	-43.782441
0.005044	2.676248	-11.962972	-9.272510	-43.852734
0.004899	2.697734	-12.031550	-9.291424	-43.923015
0.004743	2.719150	-12.100129	-9.310384	-43.993282
0.004576	2.742533	-12.168708	-9.329391	-44.063537
0.004399	2.766910	-12.237289	-9.348441	-44.133777
0.004215	2.792296	-12.305873	-9.367532	-44.204004
0.004025	2.819685	-12.374459	-9.386664	-44.274218
0.003831	2.847047	-12.443050	-9.405833	-44.344417
0.003633	2.876317	-12.511644	-9.425037	-44.414602
0.003432	2.905384	-12.580244	-9.444275	-44.484774
0.003231	2.936069	-12.648848	-9.463543	-44.554932
0.003029	2.967114	-12.717459	-9.482841	-44.625077
0.002828	2.999143	-12.786075	-9.502165	-44.695208
0.002629	3.029749	-12.854698	-9.521514	-44.765326
0.002430	3.060901	-12.923326	-9.540885	-44.835433
0.002233	3.091700	-12.991962	-9.560276	-44.905527
0.002036	3.122292	-13.060603	-9.579685	-44.975610
0.001840	-3.130305	-13.129251	-9.599111	-45.045683
0.001645	-3.098420	-13.197904	-9.618551	-45.115746
0.001450	-3.066781	-13.266563	-9.638004	-45.185800
0.001255	-3.032663	-13.335228	-9.657468	-45.255845
0.001062	-2.995826	-13.403897	-9.676940	-45.325884
0.000869	-2.953961	-13.472571	-9.696420	-45.395916
0.000677	-2.902217	-13.541248	-9.715906	-45.465943
0.000488	-2.828361	-13.609928	-9.735396	-45.535965
0.000302	-2.690765	-13.678611	-9.754889	-45.605985
0.000134	-2.236279	-13.747296	-9.774383	-45.676002
0.000126	-0.607524	-13.815981	-9.793877	-45.746019
0.000289	-0.111295	-13.884667	-9.813370	-45.816036
0.000467	0.029988	-13.953352	-9.832861	-45.886054
0.000645	0.101688	-14.022035	-9.852348	-45.956074
0.000822	0.148814	-14.090716	-9.871830	-46.026098
0.000996	0.183300	-14.159394	-9.891307	-46.096128
0.001166	0.212033	-14.228067	-9.910777	-46.166163
0.001333	0.234682	-14.296735	-9.930239	-46.236205
0.001495	0.252970	-14.365397	-9.949693	-46.306256
0.001653	0.267281	-14.434052	-9.969138	-46.376316
0.001805	0.277810	-14.502699	-9.988572	-46.446387
0.001951	0.284636	-14.571338	-10.007996	-46.516469
0.002090	0.287755	-14.639967	-10.027408	-46.586563
0.002222	0.287101	-14.708586	-10.046808	-46.656671
0.002347	0.282552	-14.777194	-10.066195	-46.726794
0.002465	0.273942	-14.845790	-10.085567	-46.796931
0.002575	0.262060	-14.914375	-10.104925	-46.867084
0.002678	0.244660	-14.982948	-10.124267	-46.937253
0.002775	0.222464	-15.051508	-10.143592	-47.007440
0.002866	0.196176	-15.120055	-10.162900	-47.077643
0.002952	0.163501	-15.188590	-10.182188	-47.147864
0.003036	0.126166	-15.257113	-10.201456	-47.218102
0.003121	0.083960	-15.325623	-10.220703	-47.288358
0.003209	0.034783	-15.394122	-10.239927	-47.358631
0.003304	-0.019304	-15.462610	-10.259126	-47.428922
0.003410	-0.079012	-15.531088	-10.278298	-47.499230
0.003534	-0.142589	-15.599557	-10.297442	-47.569555
0.003680	-0.209286	-15.668019	-10.316555	-47.639895
0.003852	-0.277116	-15.736474	-10.335636	-47.710250
0.004052	-0.343205	-15.804924	-10.354681	-47.780620
0.004284	-0.406930	-15.873370	-10.373688	-47.851004
0.004546	-0.467016	-15.941816	-10.392654	-47.921399
0.004838	-0.522574	-16.010262	-10.411576	-47.991806
0.005159	-0.572079	-16.078710	-10.430451	-48.062224
0.005506	-0.616316	-16.147163	-10.449275	-48.132650
0.005877	-0.655305	-16.215622	-10.468045	-48.203085
0.006269	-0.689227	-16.284090	-10.486758	-48.273526
0.006680	-0.717361	-16.352568	-10.505409	-48.343974
0.007105	-0.742039	-16.421059	-10.523994	-48.414427
0.007543	-0.761609	-16.489565	-10.542511	-48.484884
0.007990	-0.778411	-16.558087	-10.560953	-48.555344
0.008444	-0.790768	-16.626628	-10.579318	-48.625806
0.008902	-0.800971	-16.695188	-10.597601	-48.696270
0.009361	-0.807284	-16.763771	-10.615797	-48.766736
0.009819	-0.811936	-16.832376	-10.633903	-48.837202
0.010274	-0.814128	-16.901007	-10.651914	-48.907668
0.010723	-0.814064	-16.969662	-10.669826	-48.978135
0.011166	-0.812062	-17.038345	-10.687633	-49.048602
0.011603	-0.808416	-17.107056	-10.705333	-49.119069
0.012035	-0.804373	-17.175795	-10.722919	-49.189537
0.012460	-0.798141	-17.244563	-10.740390	-49.260005
0.012881	-0.791897	-17.313360	-10.757739	-49.330475
0.013296	-0.783793	-17.382188	-10.774962	-49.400946
0.013707	-0.775960	-17.451045	-10.792057	-49.471419
0.014113	-0.766513	-17.519932	-10.809017	-49.541896
0.014515	-0.756552	-17.588849	-10.825840	-49.612376
0.014914	-0.747165	-17.657795	-10.842520	-49.682862
0.015310	-0.736432	-17.726771	-10.859055	-49.753353
0.015702	-0.725423	-17.795775	-10.875439	-49.823851
0.016092	-0.714201	-17.864807	-10.891669	-49.894358
0.016480	-0.701825	-17.933866	-10.907740	-49.964874
0.016866	-0.689346	-18.002952	-10.923650	-50.035402
0.017251	-0.676812	-18.072063	-10.939392	-50.105942
0.017635	-0.663267	-18.141197	-10.954965	-50.176496
0.018019	-0.649751	-18.210355	-10.970364	-50.247066
0.018402	-0.635301	-18.279533	-10.985584	-50.317654
0.000000	0.000000	-18.279533	-10.985584	-50.317654
