0.050881	-0.824061	0.000000	0.000000	0.000000
0.046523	-0.783962	0.099999	0.000346	-0.000373
0.042251	-0.736887	0.199994	0.001021	-0.001075
0.038095	-0.681185	0.299984	0.002009	-0.002061
0.034095	-0.614674	0.399968	0.003292	-0.003287
0.030294	-0.534480	0.499946	0.004855	-0.004709
0.026750	-0.437892	0.599917	0.006678	-0.006286
0.023531	-0.318360	0.699881	0.008743	-0.007975
0.020728	-0.172972	0.799840	0.011031	-0.009739
0.018444	0.002985	0.899792	0.013524	-0.011538
0.016790	0.208851	0.999740	0.016201	-0.013336
0.015844	0.435966	1.099684	0.019042	-0.015100
0.015603	0.667772	1.199626	0.022027	-0.016797
0.015971	0.886507	1.299564	0.025134	-0.018397
0.016781	1.080118	1.399502	0.028343	-0.019873
0.017859	1.247231	1.499439	0.031630	-0.021201
0.019053	1.392063	1.599376	0.034974	-0.022360
0.020254	1.517887	1.699315	0.038352	-0.023331
0.021382	1.631057	1.799254	0.041740	-0.024101
0.022390	1.736324	1.899196	0.045116	-0.024656
0.023249	1.837763	1.999139	0.048455	-0.024991
0.023959	1.938727	2.099086	0.051732	-0.025102
0.024565	2.041257	2.199035	0.054923	-0.024989
0.025125	2.145401	2.298987	0.058003	-0.024657
0.025700	2.253426	2.398942	0.060946	-0.024115
0.026352	2.362859	2.498901	0.063727	-0.023373
0.027137	2.474558	2.598863	0.066320	-0.022446
0.028103	2.584878	2.698828	0.068700	-0.021351
0.029283	2.693905	2.798798	0.070841	-0.020108
0.030695	2.797748	2.898771	0.072719	-0.018738
0.032344	2.895788	2.998747	0.074307	-0.017265
0.034220	2.987846	3.098727	0.075582	-0.015713
0.036300	3.071227	3.198710	0.076518	-0.014110
0.038556	-3.136510	3.298695	0.077092	-0.012481
0.040954	-3.068904	3.398681	0.077281	-0.010854
0.043458	-3.007819	3.498668	0.077061	-0.009257
0.046028	-2.954798	3.598654	0.076411	-0.007719
0.048629	-2.908333	3.698638	0.075308	-0.006267
0.051222	-2.867909	3.798616	0.073733	-0.004927
0.053773	-2.832046	3.898588	0.071664	-0.003727
0.056248	-2.802320	3.998549	0.069084	-0.002690
0.058617	-2.777261	4.098497	0.065974	-0.001842
0.060870	-2.755097	4.198428	0.062316	-0.001203
0.063005	-2.737112	4.298338	0.058095	-0.000795
0.065020	-2.721724	4.398223	0.053296	-0.000635
0.066919	-2.708458	4.498077	0.047905	-0.000741
0.068704	-2.695915	4.597897	0.041907	-0.001128
0.070381	-2.685763	4.697675	0.035291	-0.001813
0.071956	-2.676714	4.797407	0.028046	-0.002808
0.073434	-2.667521	4.897087	0.020159	-0.004126
0.074823	-2.659965	4.996708	0.011623	-0.005781
0.076131	-2.652851	5.096265	0.002426	-0.007782
0.077364	-2.645005	5.195749	-0.007438	-0.010142
0.078531	-2.638266	5.295154	-0.017978	-0.012870
0.079641	-2.630487	5.394474	-0.029200	-0.015978
0.080700	-2.623530	5.493701	-0.041111	-0.019475
0.081720	-2.615267	5.592827	-0.053715	-0.023371
0.082707	-2.607580	5.691844	-0.067019	-0.027678
0.083672	-2.598355	5.790746	-0.081025	-0.032404
0.084625	-2.589489	5.889523	-0.095737	-0.037562
0.085575	-2.578883	5.988168	-0.111158	-0.043163
0.086531	-2.567476	6.086672	-0.127291	-0.049217
0.087496	-2.556327	6.185027	-0.144136	-0.055740
0.088470	-2.543517	6.283224	-0.161695	-0.062742
0.089454	-2.530128	6.381254	-0.179969	-0.070240
0.090448	-2.516234	6.479108	-0.198956	-0.078246
0.091452	-2.502911	6.576776	-0.218657	-0.086777
0.092468	-2.488227	6.674249	-0.239070	-0.095848
0.093493	-2.474250	6.771518	-0.260193	-0.105474
0.094528	-2.459042	6.868571	-0.282024	-0.115672
0.095573	-2.444665	6.965400	-0.304560	-0.126457
0.096626	-2.429174	7.061993	-0.327799	-0.137846
0.097686	-2.414625	7.158340	-0.351736	-0.149857
0.098752	-2.400067	7.254431	-0.376368	-0.162504
0.099822	-2.384549	7.350253	-0.401689	-0.175805
0.100894	-2.370114	7.445796	-0.427694	-0.189778
0.101967	-2.356805	7.541048	-0.454379	-0.204437
0.103037	-2.342660	7.635998	-0.481738	-0.219799
0.104102	-2.328715	7.730634	-0.509765	-0.235880
0.105160	-2.316003	7.824943	-0.538454	-0.252695
0.106207	-2.302554	7.918913	-0.567798	-0.270260
0.107240	-2.290391	8.012532	-0.597790	-0.288588
0.108259	-2.278508	8.105787	-0.628425	-0.307696
0.109262	-2.266893	8.198665	-0.659693	-0.327595
0.110250	-2.255533	8.291153	-0.691589	-0.348299
0.111221	-2.244419	8.383237	-0.724104	-0.369821
0.112175	-2.234539	8.474905	-0.757230	-0.392174
0.113112	-2.223884	8.566143	-0.790961	-0.415369
0.114030	-2.213444	8.656936	-0.825287	-0.439416
0.114930	-2.204209	8.747272	-0.860199	-0.464328
0.115811	-2.194172	8.837136	-0.895689	-0.490114
0.116672	-2.185323	8.926514	-0.931748	-0.516784
0.117514	-2.175655	9.015392	-0.968367	-0.544347
0.118335	-2.166160	9.103756	-1.005535	-0.572813
0.119136	-2.156831	9.191592	-1.043243	-0.602190
0.119915	-2.147661	9.278885	-1.081479	-0.632487
0.120673	-2.138642	9.365622	-1.120232	-0.663711
0.121409	-2.129770	9.451787	-1.159492	-0.695870
0.122123	-2.121037	9.537367	-1.199247	-0.728971
0.122814	-2.112438	9.622347	-1.239485	-0.763019
0.123483	-2.102966	9.706713	-1.280193	-0.798021
0.124128	-2.093619	9.790452	-1.321360	-0.833983
0.124749	-2.084397	9.873548	-1.362970	-0.870909
0.125344	-2.075305	9.955989	-1.405010	-0.908807
0.125910	-2.066343	10.037760	-1.447466	-0.947678
0.126448	-2.057516	10.118847	-1.490324	-0.987528
0.126956	-2.047825	10.199238	-1.533568	-1.028360
0.127430	-2.038272	10.278919	-1.577184	-1.070176
0.127872	-2.029860	10.357877	-1.621155	-1.112980
0.128277	-2.019590	10.436099	-1.665465	-1.156774
0.128646	-2.010464	10.513574	-1.710098	-1.201558
0.128976	-2.001483	10.590288	-1.755037	-1.247334
0.129265	-1.991650	10.666230	-1.800265	-1.294102
0.129513	-1.982965	10.741389	-1.845764	-1.341861
0.129717	-1.973431	10.815753	-1.891517	-1.390612
0.129875	-1.964047	10.889312	-1.937507	-1.440351
0.129987	-1.954817	10.962056	-1.983715	-1.491077
0.130049	-1.945741	11.033975	-2.030123	-1.542788
0.130062	-1.935822	11.105059	-2.076713	-1.595480
0.130022	-1.927059	11.175300	-2.123466	-1.649148
0.129928	-1.918456	11.244690	-2.170365	-1.703789
0.129780	-1.909005	11.313221	-2.217390	-1.759395
0.129588	-1.899668	11.380886	-2.264524	-1.815963
0.129360	-1.890397	11.447678	-2.311748	-1.873484
0.129108	-1.881148	11.513593	-2.359042	-1.931952
0.128842	-1.871877	11.578623	-2.406389	-1.991360
0.128573	-1.862543	11.642764	-2.453770	-2.051701
0.128311	-1.853104	11.706012	-2.501167	-2.112965
0.128068	-1.842522	11.768361	-2.548561	-2.175145
0.127855	-1.831759	11.829808	-2.595932	-2.238234
0.127683	-1.821780	11.890350	-2.643260	-2.302224
0.127563	-1.809551	11.949981	-2.690528	-2.367108
0.127507	-1.798043	12.008699	-2.737712	-2.432879
0.127526	-1.786227	12.066501	-2.784793	-2.499530
0.127631	-1.773080	12.123382	-2.831750	-2.567055
0.127836	-1.759581	12.179339	-2.878561	-2.635448
0.128151	-1.745714	12.234368	-2.925201	-2.704704
0.128589	-1.730468	12.288466	-2.971649	-2.774819
0.129163	-1.714837	12.341628	-3.017878	-2.845788
0.129884	-1.698822	12.393851	-3.063862	-2.917609
0.130765	-1.681426	12.445129	-3.109575	-2.990279
0.131814	-1.663690	12.495457	-3.154986	-3.063796
0.133012	-1.645762	12.544832	-3.200066	-3.138160
0.134337	-1.626808	12.593246	-3.244783	-3.213370
0.135764	-1.608982	12.640693	-3.289105	-3.289425
0.137268	-1.590423	12.687168	-3.332997	-3.366324
0.138824	-1.572256	12.732664	-3.376427	-3.444067
0.140405	-1.555593	12.777175	-3.419359	-3.522652
0.141984	-1.538537	12.820694	-3.461760	-3.602077
0.143535	-1.524176	12.863214	-3.503595	-3.682338
0.145029	-1.510591	12.904728	-3.544835	-3.763430
0.146440	-1.498859	12.945227	-3.585446	-3.845348
0.147739	-1.489049	12.984704	-3.625402	-3.928083
0.148899	-1.481230	13.023149	-3.664676	-4.011626
0.149893	-1.476469	13.060554	-3.703245	-4.095967
0.150693	-1.473839	13.096906	-3.741090	-4.181092
0.151273	-1.474415	13.132194	-3.778194	-4.266987
0.151607	-1.477283	13.166406	-3.814549	-4.353635
0.151670	-1.483539	13.199530	-3.850146	-4.441018
0.151437	-1.492296	13.231550	-3.884986	-4.529114
0.150885	-1.503686	13.262453	-3.919071	-4.617901
0.150003	-1.518816	13.292227	-3.952411	-4.707355
0.148814	-1.536622	13.320858	-3.985020	-4.797449
0.147352	-1.557004	13.348333	-4.016919	-4.888155
0.145651	-1.577867	13.374642	-4.048132	-4.979443
0.143745	-1.601116	13.399775	-4.078686	-5.071284
0.141667	-1.625656	13.423725	-4.108612	-5.163647
0.139451	-1.650381	13.446487	-4.137941	-5.256500
0.137128	-1.675175	13.468059	-4.166707	-5.349812
0.134727	-1.700905	13.488440	-4.194945	-5.443553
0.132279	-1.727418	13.507633	-4.222687	-5.537691
0.129810	-1.752537	13.525641	-4.249971	-5.632196
0.127344	-1.778057	13.542471	-4.276829	-5.727040
0.124905	-1.803745	13.558129	-4.303294	-5.822195
0.122511	-1.827332	13.572626	-4.329400	-5.917633
0.120181	-1.850519	13.585971	-4.355175	-6.013328
0.117928	-1.871968	13.598176	-4.380649	-6.109255
0.115765	-1.892309	13.609254	-4.405846	-6.205393
0.113702	-1.909140	13.619218	-4.430792	-6.301717
0.111747	-1.924026	13.628082	-4.455504	-6.398209
0.109908	-1.935507	13.635859	-4.480000	-6.494850
0.108188	-1.943185	13.642565	-4.504293	-6.591623
0.106578	-1.947007	13.648213	-4.528391	-6.688511
0.105064	-1.947024	13.652817	-4.552297	-6.785502
0.103640	-1.943308	13.656392	-4.576012	-6.882584
0.102299	-1.935951	13.658952	-4.599531	-6.979745
0.101037	-1.926061	13.660512	-4.622849	-7.076976
0.099852	-1.912763	13.661086	-4.645956	-7.174268
0.098743	-1.895201	13.660689	-4.668838	-7.271614
0.097710	-1.875532	13.659334	-4.691481	-7.369007
0.096752	-1.852931	13.657038	-4.713866	-7.466443
0.095871	-1.827587	13.653816	-4.735973	-7.563915
0.095065	-1.800700	13.649684	-4.757780	-7.661421
0.094334	-1.770485	13.644659	-4.779265	-7.758956
0.093675	-1.739167	13.638757	-4.800401	-7.856519
0.093086	-1.704975	13.631996	-4.821163	-7.954106
0.092562	-1.670146	13.624396	-4.841524	-8.051716
0.092095	-1.634919	13.615976	-4.861455	-8.149347
0.091679	-1.598530	13.606757	-4.880931	-8.246998
0.091302	-1.562212	13.596759	-4.899922	-8.344668
0.090954	-1.527194	13.586005	-4.918402	-8.442355
0.090622	-1.492670	13.574515	-4.936347	-8.540058
0.090298	-1.459721	13.562313	-4.953733	-8.637777
0.089974	-1.427401	13.549420	-4.970537	-8.735508
0.089642	-1.397754	13.535858	-4.986740	-8.833250
0.089293	-1.369825	13.521649	-5.002322	-8.931001
0.088919	-1.344651	13.506814	-5.017268	-9.028759
0.088512	-1.320268	13.491371	-5.031564	-9.126520
0.088063	-1.298709	13.475342	-5.045197	-9.224280
0.087564	-1.278005	13.458743	-5.058159	-9.322038
0.087006	-1.260185	13.441594	-5.070440	-9.419788
0.086381	-1.244280	13.423910	-5.082035	-9.517526
0.085681	-1.230320	13.405708	-5.092939	-9.615249
0.084897	-1.217339	13.387002	-5.103149	-9.712952
0.084022	-1.206373	13.367808	-5.112666	-9.810630
0.083048	-1.197462	13.348138	-5.121491	-9.908279
0.081966	-1.189656	13.328006	-5.129627	-10.005893
0.080770	-1.183010	13.307425	-5.137078	-10.103468
0.079453	-1.178592	13.286406	-5.143852	-10.200999
0.078007	-1.174483	13.264961	-5.149957	-10.298482
0.076426	-1.172783	13.243102	-5.155403	-10.395911
0.074707	-1.171589	13.220839	-5.160203	-10.493283
0.072858	-1.171931	13.198183	-5.164370	-10.590594
0.070890	-1.173834	13.175146	-5.167920	-10.687839
0.068817	-1.176340	13.151737	-5.170870	-10.785016
0.066649	-1.181512	13.127968	-5.173239	-10.882121
0.064401	-1.187431	13.103847	-5.175046	-10.979152
0.062085	-1.195197	13.079384	-5.176313	-11.076105
0.059715	-1.204935	13.054590	-5.177061	-11.172980
0.057307	-1.216789	13.029472	-5.177313	-11.269773
0.054874	-1.230929	13.004039	-5.177094	-11.366485
0.052432	-1.247548	12.978300	-5.176428	-11.463113
0.049997	-1.265861	12.952261	-5.175339	-11.559658
0.047586	-1.288106	12.925931	-5.173853	-11.656117
0.045215	-1.313535	12.899315	-5.171996	-11.752493
0.042902	-1.341411	12.872421	-5.169793	-11.848783
0.040665	-1.373988	12.845253	-5.167270	-11.944989
0.038523	-1.409495	12.817818	-5.164453	-12.041110
0.036493	-1.450107	12.790120	-5.161367	-12.137148
0.034593	-1.493904	12.762164	-5.158036	-12.233103
0.032842	-1.542826	12.733953	-5.154486	-12.328976
0.031252	-1.594671	12.705493	-5.150739	-12.424767
0.029831	-1.651246	12.676785	-5.146820	-12.520478
0.028583	-1.711235	12.647832	-5.142749	-12.616108
0.027512	-1.773140	12.618638	-5.138548	-12.711659
0.026616	-1.838279	12.589204	-5.134238	-12.807132
0.025893	-1.904804	12.559531	-5.129838	-12.902527
0.025339	-1.971746	12.529622	-5.125367	-12.997845
0.024943	-2.038078	12.499477	-5.120844	-13.093086
0.024694	-2.102793	12.469098	-5.116284	-13.188250
0.024578	-2.164968	12.438484	-5.111705	-13.283339
0.024579	-2.223826	12.407637	-5.107122	-13.378352
0.024679	-2.278761	12.376555	-5.102548	-13.473289
0.024862	-2.329351	12.345241	-5.097999	-13.568150
0.025110	-2.376346	12.313692	-5.093487	-13.662936
0.025408	-2.417638	12.281909	-5.089022	-13.757645
0.025741	-2.455236	12.249891	-5.084618	-13.852279
0.026095	-2.488230	12.217637	-5.080282	-13.946835
0.026461	-2.515762	12.185147	-5.076026	-14.041314
0.026826	-2.540007	12.152420	-5.071856	-14.135715
0.027183	-2.561149	12.119454	-5.067780	-14.230037
0.027524	-2.577406	12.086248	-5.063806	-14.324279
0.027846	-2.590128	12.052802	-5.059937	-14.418440
0.028145	-2.600669	12.019114	-5.056179	-14.512520
0.028421	-2.607358	11.985182	-5.052536	-14.606517
0.028674	-2.612492	11.951006	-5.049010	-14.700429
0.028903	-2.615348	11.916584	-5.045605	-14.794256
0.029108	-2.615179	11.881914	-5.042321	-14.887996
0.029293	-2.614225	11.846996	-5.039159	-14.981649
0.029456	-2.610707	11.811827	-5.036121	-15.075211
0.029601	-2.606839	11.776406	-5.033205	-15.168682
0.029729	-2.600824	11.740733	-5.030413	-15.262061
0.029842	-2.593858	11.704805	-5.027741	-15.355346
0.029940	-2.586133	11.668621	-5.025189	-15.448535
0.030026	-2.577838	11.632179	-5.022756	-15.541627
0.030100	-2.569156	11.595479	-5.020439	-15.634620
0.030164	-2.559273	11.558519	-5.018236	-15.727513
0.030219	-2.550370	11.521298	-5.016145	-15.820304
0.030266	-2.539629	11.483815	-5.014164	-15.912993
0.030305	-2.530233	11.446069	-5.012289	-16.005576
0.030335	-2.520363	11.408059	-5.010518	-16.098053
0.030359	-2.511168	11.369784	-5.008848	-16.190423
0.030375	-2.501667	11.331243	-5.007278	-16.282685
0.030383	-2.493847	11.292435	-5.005803	-16.374836
0.030385	-2.485696	11.253362	-5.004423	-16.466876
0.030380	-2.477204	11.214021	-5.003134	-16.558803
0.030368	-2.470361	11.174413	-5.001934	-16.650617
0.030349	-2.463158	11.134537	-5.000822	-16.742316
0.030324	-2.456589	11.094395	-4.999795	-16.833899
0.030294	-2.450647	11.053985	-4.998850	-16.925366
0.030259	-2.445326	11.013307	-4.997987	-17.016715
0.030218	-2.441621	10.972364	-4.997203	-17.107945
0.030173	-2.437529	10.931153	-4.996498	-17.199056
0.030125	-2.434044	10.889677	-4.995870	-17.290047
0.030072	-2.431165	10.847936	-4.995318	-17.380917
0.030018	-2.429887	10.805930	-4.994841	-17.471665
0.029961	-2.428208	10.763660	-4.994438	-17.562292
0.029902	-2.428126	10.721127	-4.994110	-17.652795
0.029843	-2.428638	10.678332	-4.993855	-17.743175
0.029783	-2.430740	10.635276	-4.993674	-17.833431
0.029724	-2.433430	10.591960	-4.993567	-17.923562
0.029667	-2.436694	10.548384	-4.993534	-18.013569
0.029610	-2.440483	10.504551	-4.993578	-18.103450
0.029554	-2.445738	10.460460	-4.993698	-18.193205
0.029498	-2.451399	10.416114	-4.993895	-18.282834
0.029441	-2.457408	10.371513	-4.994173	-18.372337
0.029384	-2.464706	10.326660	-4.994531	-18.461713
0.029326	-2.472232	10.281555	-4.994972	-18.550961
0.029265	-2.479930	10.236199	-4.995497	-18.640083
0.029203	-2.487740	10.190595	-4.996110	-18.729076
0.029137	-2.496605	10.144744	-4.996811	-18.817942
0.029067	-2.504467	10.098647	-4.997603	-18.906681
0.028992	-2.513268	10.052306	-4.998488	-18.995291
0.028912	-2.521951	10.005723	-4.999468	-19.083773
0.028825	-2.529460	9.958900	-5.000545	-19.172127
0.028731	-2.537736	9.911839	-5.001721	-19.260353
0.028629	-2.545724	9.864540	-5.002998	-19.348451
0.028517	-2.553365	9.817007	-5.004378	-19.436421
0.028395	-2.560602	9.769242	-5.005861	-19.524263
0.028262	-2.567374	9.721246	-5.007451	-19.611977
0.028115	-2.573623	9.673021	-5.009147	-19.699565
0.027956	-2.579297	9.624570	-5.010951	-19.787024
0.027784	-2.584400	9.575895	-5.012864	-19.874358
0.027600	-2.587943	9.526998	-5.014887	-19.961564
0.027406	-2.591938	9.477881	-5.017019	-20.048645
0.027203	-2.594395	9.428547	-5.019260	-20.135599
0.026993	-2.597321	9.378998	-5.021612	-20.222429
0.026776	-2.598723	9.329236	-5.024073	-20.309133
0.026554	-2.600607	9.279263	-5.026642	-20.395714
0.026328	-2.600980	9.229082	-5.029320	-20.482170
0.026100	-2.600846	9.178695	-5.032106	-20.568503
0.025871	-2.600210	9.128104	-5.034998	-20.654713
0.025642	-2.599077	9.077310	-5.037996	-20.740800
0.025415	-2.597453	9.026317	-5.041098	-20.826766
0.025192	-2.595344	8.975126	-5.044303	-20.912610
0.024973	-2.591757	8.923738	-5.047610	-20.998333
0.024761	-2.588702	8.872157	-5.051016	-21.083935
0.024556	-2.584187	8.820382	-5.054521	-21.169416
0.024360	-2.580226	8.768416	-5.058122	-21.254778
0.024176	-2.574834	8.716260	-5.061817	-21.340019
0.024003	-2.569027	8.663916	-5.065606	-21.425141
0.023844	-2.562834	8.611385	-5.069485	-21.510144
0.023697	-2.556323	8.558667	-5.073453	-21.595027
0.023564	-2.549574	8.505764	-5.077508	-21.679790
0.023443	-2.542668	8.452677	-5.081648	-21.764434
0.023333	-2.535688	8.399405	-5.085870	-21.848958
0.023235	-2.528718	8.345951	-5.090174	-21.933362
0.023147	-2.520843	8.292314	-5.094556	-22.017647
0.023068	-2.514150	8.238495	-5.099016	-22.101811
0.022998	-2.507722	8.184494	-5.103550	-22.185855
0.022937	-2.501647	8.130312	-5.108159	-22.269778
0.022883	-2.496009	8.075948	-5.112839	-22.353579
0.022835	-2.490892	8.021405	-5.117590	-22.437260
0.022793	-2.486379	7.966680	-5.122411	-22.520818
0.022755	-2.482555	7.911776	-5.127299	-22.604255
0.022722	-2.480500	7.856693	-5.132255	-22.687569
0.022692	-2.478296	7.801430	-5.137278	-22.770760
0.022664	-2.478024	7.745988	-5.142367	-22.853828
0.022638	-2.478766	7.690368	-5.147521	-22.936773
0.022613	-2.480601	7.634570	-5.152742	-23.019594
0.022588	-2.484610	7.578595	-5.158029	-23.102291
0.022563	-2.488845	7.522444	-5.163383	-23.184865
0.022538	-2.495236	7.466116	-5.168805	-23.267314
0.022513	-2.503686	7.409614	-5.174296	-23.349639
0.022487	-2.512093	7.352938	-5.179858	-23.431839
0.022460	-2.522361	7.296090	-5.185492	-23.513915
0.022433	-2.533391	7.239069	-5.191201	-23.595867
0.022404	-2.545084	7.181879	-5.196986	-23.677695
0.022373	-2.557344	7.124519	-5.202851	-23.759398
0.022341	-2.570072	7.066992	-5.208797	-23.840978
0.022307	-2.583174	7.009299	-5.214828	-23.922434
0.022270	-2.597554	6.951441	-5.220945	-24.003768
0.022230	-2.611117	6.893421	-5.227151	-24.084978
0.022185	-2.624771	6.835239	-5.233449	-24.166065
0.022136	-2.639422	6.776898	-5.239841	-24.247031
0.022081	-2.652981	6.718399	-5.246330	-24.327875
0.022019	-2.666356	6.659744	-5.252919	-24.408598
0.021949	-2.679458	6.600936	-5.259610	-24.489201
0.021871	-2.693198	6.541976	-5.266405	-24.569685
0.021782	-2.705487	6.482866	-5.273305	-24.650049
0.021681	-2.717236	6.423609	-5.280314	-24.730295
0.021567	-2.727385	6.364206	-5.287433	-24.810424
0.021440	-2.738001	6.304659	-5.294662	-24.890436
0.021300	-2.748179	6.244971	-5.302004	-24.970332
0.021144	-2.757020	6.185144	-5.309459	-25.050114
0.020975	-2.766623	6.125180	-5.317028	-25.129782
0.020791	-2.775090	6.065081	-5.324712	-25.209338
0.020592	-2.783528	6.004849	-5.332511	-25.288782
0.020379	-2.792046	5.944488	-5.340425	-25.368115
0.020151	-2.799757	5.883999	-5.348455	-25.447340
0.019908	-2.808782	5.823384	-5.356601	-25.526458
0.019651	-2.818249	5.762647	-5.364862	-25.605469
0.019380	-2.827292	5.701791	-5.373239	-25.684376
0.019095	-2.837057	5.640817	-5.381731	-25.763180
0.018796	-2.847700	5.579729	-5.390338	-25.841883
0.018485	-2.859390	5.518530	-5.399060	-25.920487
0.018162	-2.872313	5.457224	-5.407897	-25.998995
0.017827	-2.885668	5.395813	-5.416849	-26.077407
0.017483	-2.901676	5.334300	-5.425914	-26.155727
0.017130	-2.918578	5.272691	-5.435094	-26.233958
0.016770	-2.937636	5.210987	-5.444387	-26.312101
0.016406	-2.959062	5.149194	-5.453794	-26.390159
0.016042	-2.981773	5.087316	-5.463315	-26.468136
0.015683	-3.007584	5.025356	-5.472950	-26.546035
0.015332	-3.034264	4.963320	-5.482699	-26.623858
0.014994	-3.063536	4.901211	-5.492562	-26.701609
0.014671	-3.093064	4.839034	-5.502539	-26.779291
0.014365	-3.123459	4.776794	-5.512632	-26.856907
0.014079	3.128913	4.714494	-5.522839	-26.934460
0.013813	3.098182	4.652139	-5.533162	-27.011955
0.013567	3.068081	4.589734	-5.543600	-27.089392
0.013340	3.039195	4.527281	-5.554153	-27.166777
0.013131	3.011140	4.464785	-5.564821	-27.244110
0.012937	2.986553	4.402249	-5.575605	-27.321395
0.012755	2.965083	4.339676	-5.586504	-27.398633
0.012583	2.946390	4.277069	-5.597518	-27.475828
0.012418	2.933145	4.214429	-5.608646	-27.552980
0.012256	2.924035	4.151759	-5.619887	-27.630091
0.012097	2.920767	4.089060	-5.631240	-27.707162
0.011938	2.924081	4.026333	-5.642703	-27.784194
0.011782	2.933749	3.963578	-5.654276	-27.861186
0.011631	2.951289	3.900794	-5.665956	-27.938139
0.011499	2.976026	3.837980	-5.677742	-28.015052
0.011401	3.006803	3.775135	-5.689630	-28.091923
0.011351	3.042194	3.712257	-5.701618	-28.168751
0.011363	3.079493	3.649343	-5.713704	-28.245535
0.011446	3.117761	3.586389	-5.725886	-28.322271
0.011608	-3.128240	3.523394	-5.738161	-28.398958
0.011855	-3.093149	3.460353	-5.750530	-28.475592
0.012189	-3.064964	3.397262	-5.762991	-28.552171
0.012610	-3.042165	3.334119	-5.775545	-28.628691
0.013119	-3.026831	3.270919	-5.788193	-28.705149
0.013716	-3.019628	3.207659	-5.800938	-28.781541
0.014403	-3.020829	3.144336	-5.813783	-28.857864
0.015185	-3.030362	3.080947	-5.826733	-28.934115
0.016071	-3.047866	3.017490	-5.839795	-29.010289
0.017072	-3.071734	2.953962	-5.852978	-29.086384
0.018204	-3.103165	2.890362	-5.866292	-29.162396
0.019485	-3.140199	2.826689	-5.879748	-29.238321
0.020937	3.102410	2.762943	-5.893361	-29.314157
0.022583	3.058412	2.699124	-5.907147	-29.389901
0.024446	3.012322	2.635234	-5.921125	-29.465549
0.026525	2.966084	2.571276	-5.935317	-29.541100
0.028815	2.921252	2.507252	-5.949746	-29.616551
0.031302	2.879821	2.443168	-5.964437	-29.691899
0.033971	2.841349	2.379029	-5.979418	-29.767143
0.036800	2.806075	2.314839	-5.994717	-29.842281
0.039768	2.773022	2.250606	-6.010365	-29.917309
0.042852	2.744080	2.186336	-6.026394	-29.992226
0.046027	2.719063	2.122039	-6.042834	-30.067029
0.049269	2.695749	2.057721	-6.059720	-30.141716
0.052550	2.674905	1.993393	-6.077083	-30.216283
0.055847	2.656302	1.929062	-6.094957	-30.290728
0.059133	2.639728	1.864739	-6.113376	-30.365047
0.062383	2.625988	1.800434	-6.132371	-30.439237
0.065571	2.612908	1.736156	-6.151974	-30.513292
0.068672	2.601334	1.671918	-6.172217	-30.587208
0.071661	2.591134	1.607729	-6.193130	-30.660981
0.074512	2.583192	1.543600	-6.214742	-30.734604
0.077199	2.575411	1.479543	-6.237078	-30.808073
0.079699	2.568710	1.415567	-6.260166	-30.881381
0.081991	2.562006	1.351683	-6.284027	-30.954522
0.084078	2.557161	1.287903	-6.308682	-31.027489
0.085968	2.553048	1.224237	-6.334151	-31.100276
0.087669	2.549565	1.160694	-6.360450	-31.172875
0.089189	2.545626	1.097284	-6.387593	-31.245280
0.090538	2.543159	1.034018	-6.415593	-31.317483
0.091722	2.540106	0.970904	-6.444461	-31.389478
0.092752	2.538416	0.907951	-6.474206	-31.461257
0.093636	2.536045	0.845168	-6.504835	-31.532812
0.094383	2.533954	0.782564	-6.536353	-31.604138
0.095001	2.533111	0.720147	-6.568766	-31.675226
0.095500	2.531486	0.657924	-6.602076	-31.746069
0.095888	2.531051	0.595904	-6.636284	-31.816662
0.096174	2.529783	0.534093	-6.671392	-31.886996
0.096367	2.529660	0.472499	-6.707399	-31.957065
0.096477	2.528659	0.411128	-6.744303	-32.026862
0.096511	2.528761	0.349986	-6.782102	-32.096381
0.096480	2.528948	0.289079	-6.820793	-32.165615
0.096391	2.528202	0.228413	-6.860371	-32.234558
0.096255	2.528504	0.167993	-6.900833	-32.303205
0.096078	2.528839	0.107826	-6.942173	-32.371548
0.095865	2.529198	0.047914	-6.984386	-32.439582
0.095616	2.530577	-0.011736	-7.027466	-32.507302
0.095335	2.530969	-0.071122	-7.071406	-32.574701
0.095023	2.531367	-0.130238	-7.116201	-32.641773
0.094683	2.531767	-0.189080	-7.161844	-32.708514
0.094317	2.533161	-0.247645	-7.208326	-32.774918
0.093926	2.533543	-0.305930	-7.255642	-32.840979
0.093514	2.534908	-0.363930	-7.303783	-32.906694
0.093082	2.535249	-0.421643	-7.352741	-32.972057
0.092632	2.535560	-0.479065	-7.402509	-33.037064
0.092166	2.536835	-0.536193	-7.453077	-33.101710
0.091687	2.537066	-0.593025	-7.504439	-33.165992
0.091197	2.537248	-0.649557	-7.556585	-33.229905
0.090698	2.538373	-0.705787	-7.609506	-33.293447
0.090192	2.538435	-0.761712	-7.663195	-33.356613
0.089682	2.538426	-0.817329	-7.717643	-33.419400
0.089168	2.538341	-0.872636	-7.772840	-33.481805
0.088655	2.538171	-0.927630	-7.828778	-33.543826
0.088143	2.537910	-0.982308	-7.885449	-33.605460
0.087634	2.537554	-1.036667	-7.942844	-33.666704
0.087129	2.536107	-1.090706	-8.000953	-33.727556
0.086626	2.535579	-1.144421	-8.059770	-33.788016
0.086125	2.533980	-1.197809	-8.119285	-33.848080
0.085625	2.533317	-1.250868	-8.179489	-33.907747
0.085125	2.531601	-1.303594	-8.240375	-33.967017
0.084625	2.530841	-1.355985	-8.301934	-34.025887
0.084124	2.529047	-1.408039	-8.364157	-34.084356
0.083622	2.527228	-1.459752	-8.427037	-34.142424
0.083116	2.526394	-1.511123	-8.490565	-34.200089
0.082607	2.524556	-1.562148	-8.554732	-34.257351
0.082095	2.522724	-1.612826	-8.619530	-34.314210
0.081577	2.521909	-1.663154	-8.684952	-34.370664
0.081054	2.520120	-1.713130	-8.750989	-34.426714
0.080525	2.519370	-1.762753	-8.817631	-34.482358
0.079988	2.517668	-1.812021	-8.884873	-34.537597
0.079443	2.517028	-1.860931	-8.952704	-34.592430
0.078890	2.516460	-1.909484	-9.021116	-34.646858
0.078328	2.515976	-1.957678	-9.090102	-34.700879
0.077755	2.515589	-2.005512	-9.159653	-34.754494
0.077171	2.515307	-2.052987	-9.229760	-34.807703
0.076577	2.515125	-2.100101	-9.300416	-34.860505
0.075972	2.516032	-2.146854	-9.371611	-34.912900
0.075357	2.516016	-2.193248	-9.443338	-34.964890
0.074733	2.517068	-2.239283	-9.515587	-35.016472
0.074099	2.518175	-2.284958	-9.588352	-35.067649
0.073456	2.518327	-2.330277	-9.661623	-35.118419
0.072805	2.519511	-2.375239	-9.735391	-35.168784
0.072146	2.520715	-2.419845	-9.809650	-35.218744
0.071479	2.521926	-2.464098	-9.884389	-35.268299
0.070805	2.523131	-2.507999	-9.959602	-35.317450
0.070124	2.524317	-2.551549	-10.035279	-35.366197
0.069436	2.525469	-2.594751	-10.111412	-35.414542
0.068742	2.526572	-2.637607	-10.187994	-35.462486
0.068043	2.527612	-2.680118	-10.265016	-35.510030
0.067338	2.528572	-2.722286	-10.342471	-35.557175
0.066628	2.529435	-2.764114	-10.420349	-35.603923
0.065913	2.530184	-2.805604	-10.498644	-35.650275
0.065195	2.530801	-2.846758	-10.577346	-35.696234
0.064472	2.531267	-2.887578	-10.656450	-35.741802
0.063747	2.530568	-2.928066	-10.735946	-35.786980
0.063019	2.530712	-2.968225	-10.815827	-35.831772
0.062288	2.529714	-3.008056	-10.896085	-35.876180
0.061556	2.529590	-3.047561	-10.976713	-35.920207
0.060822	2.528356	-3.086742	-11.057704	-35.963857
0.060088	2.527029	-3.125602	-11.139050	-36.007132
0.059352	2.526627	-3.164142	-11.220745	-36.050036
0.058617	2.525169	-3.202364	-11.302779	-36.092572
0.057882	2.523676	-3.240271	-11.385148	-36.134744
0.057148	2.523169	-3.277864	-11.467844	-36.176556
0.056414	2.521669	-3.315146	-11.550859	-36.218010
0.055682	2.521200	-3.352120	-11.634188	-36.259111
0.054952	2.519788	-3.388787	-11.717823	-36.299863
0.054224	2.519458	-3.425150	-11.801758	-36.340268
0.053499	2.518239	-3.461213	-11.885986	-36.380331
0.052776	2.518159	-3.496977	-11.970502	-36.420056
0.052056	2.518249	-3.532445	-12.055299	-36.459445
0.051340	2.518542	-3.567621	-12.140370	-36.498503
0.050627	2.519073	-3.602507	-12.225710	-36.537232
0.049918	2.519878	-3.637108	-12.311313	-36.575637
0.049214	2.521985	-3.671426	-12.397173	-36.613721
0.048514	2.523383	-3.705466	-12.483284	-36.651485
0.047820	2.526051	-3.739231	-12.569641	-36.688935
0.047133	2.527964	-3.772725	-12.656238	-36.726071
0.046452	2.531099	-3.805952	-12.743069	-36.762899
0.045778	2.534428	-3.838916	-12.830130	-36.799419
0.045113	2.537923	-3.871622	-12.917415	-36.835636
0.044456	2.541554	-3.904073	-13.004920	-36.871550
0.043809	2.545288	-3.936275	-13.092638	-36.907166
0.043172	2.549092	-3.968231	-13.180566	-36.942486
0.042546	2.552927	-3.999946	-13.268698	-36.977513
0.041931	2.556756	-4.031423	-13.357031	-37.012248
0.041328	2.560536	-4.062668	-13.445559	-37.046694
0.040737	2.564225	-4.093683	-13.534278	-37.080855
0.040161	2.567776	-4.124473	-13.623184	-37.114732
0.039598	2.570140	-4.155042	-13.712273	-37.148329
0.039049	2.573267	-4.185392	-13.801541	-37.181647
0.038516	2.575101	-4.215528	-13.890984	-37.214690
0.037998	2.577589	-4.245453	-13.980597	-37.247461
0.037498	2.578671	-4.275169	-14.070379	-37.279961
0.037013	2.579299	-4.304679	-14.160324	-37.312194
0.036544	2.579475	-4.333986	-14.250430	-37.344163
0.036089	2.579214	-4.363092	-14.340693	-37.375871
0.035645	2.577532	-4.392000	-14.431111	-37.407320
0.035210	2.576444	-4.420709	-14.521680	-37.438513
0.034782	2.573970	-4.449223	-14.612397	-37.469454
0.034361	2.572129	-4.477543	-14.703259	-37.500147
0.033943	2.568938	-4.505670	-14.794264	-37.530592
0.033527	2.565417	-4.533605	-14.885409	-37.560795
0.033111	2.562586	-4.561350	-14.976691	-37.590759
0.032693	2.558464	-4.588905	-15.068107	-37.620487
0.032270	2.554068	-4.616273	-15.159656	-37.649981
0.031842	2.550419	-4.643454	-15.251333	-37.679247
0.031407	2.545532	-4.670448	-15.343137	-37.708287
0.030961	2.541425	-4.697259	-15.435065	-37.737106
0.030503	2.536113	-4.723886	-15.527114	-37.765706
0.030032	2.531610	-4.750331	-15.619281	-37.794092
0.029544	2.525930	-4.776595	-15.711565	-37.822268
0.029039	2.521083	-4.802681	-15.803962	-37.850238
0.028513	2.516078	-4.828589	-15.896470	-37.878006
0.027967	2.510921	-4.854322	-15.989085	-37.905578
0.027400	2.506607	-4.879881	-16.081806	-37.932956
0.026815	2.501131	-4.905270	-16.174629	-37.960146
0.026214	2.496487	-4.930491	-16.267551	-37.987152
0.025599	2.490671	-4.955546	-16.360570	-38.013980
0.024972	2.485682	-4.980437	-16.453683	-38.040634
0.024335	2.480519	-5.005169	-16.546886	-38.067120
0.023689	2.475184	-5.029744	-16.640178	-38.093442
0.023038	2.469681	-5.054164	-16.733554	-38.119605
0.022382	2.464018	-5.078434	-16.827012	-38.145614
0.021724	2.458206	-5.102556	-16.920550	-38.171475
0.021066	2.452260	-5.126534	-17.014165	-38.197193
0.020409	2.446203	-5.150371	-17.107853	-38.222772
0.019755	2.440061	-5.174071	-17.201612	-38.248219
0.019106	2.433868	-5.197637	-17.295440	-38.273537
0.018464	2.427669	-5.221072	-17.389333	-38.298732
0.017831	2.421517	-5.244381	-17.483290	-38.323809
0.017208	2.414476	-5.267566	-17.577307	-38.348773
0.016597	2.408624	-5.290631	-17.671383	-38.373628
0.016000	2.402056	-5.313579	-17.765515	-38.398378
0.015418	2.396863	-5.336415	-17.859700	-38.423029
0.014851	2.391083	-5.359141	-17.953937	-38.447584
0.014298	2.385734	-5.381761	-18.048223	-38.472048
0.013759	2.380836	-5.404278	-18.142556	-38.496425
0.013234	2.376408	-5.426696	-18.236934	-38.520717
0.012723	2.371471	-5.449017	-18.331356	-38.544930
0.012224	2.368041	-5.471247	-18.425820	-38.569065
0.011739	2.364139	-5.493386	-18.520323	-38.593128
0.011265	2.361780	-5.515440	-18.614864	-38.617120
0.010805	2.358982	-5.537411	-18.709441	-38.641045
0.010356	2.356759	-5.559302	-18.804053	-38.664906
0.009919	2.355124	-5.581117	-18.898698	-38.688706
0.009494	2.354089	-5.602858	-18.993375	-38.712447
0.009080	2.353662	-5.624528	-19.088082	-38.736132
0.008678	2.353848	-5.646132	-19.182817	-38.759763
0.008288	2.354649	-5.667671	-19.277580	-38.783343
0.007908	2.356061	-5.689148	-19.372370	-38.806873
0.007539	2.358072	-5.710567	-19.467184	-38.830357
0.007182	2.361667	-5.731930	-19.562022	-38.853796
0.006835	2.364817	-5.753240	-19.656882	-38.877192
0.006499	2.368498	-5.774500	-19.751764	-38.900548
0.006174	2.372734	-5.795712	-19.846666	-38.923863
0.005860	2.377563	-5.816879	-19.941587	-38.947142
0.005557	2.383025	-5.838004	-20.036527	-38.970384
0.005266	2.390160	-5.859088	-20.131484	-38.993593
0.004985	2.397010	-5.880134	-20.226457	-39.016768
0.004716	2.404613	-5.901144	-20.321446	-39.039913
0.004459	2.414009	-5.922121	-20.416450	-39.063028
0.004213	2.424231	-5.943067	-20.511467	-39.086114
0.003980	2.434305	-5.963983	-20.606497	-39.109173
0.003758	2.446249	-5.984872	-20.701540	-39.132206
0.003548	2.459066	-6.005735	-20.796595	-39.155214
0.003350	2.472739	-6.026574	-20.891660	-39.178199
0.003164	2.488230	-6.047391	-20.986736	-39.201160
0.002991	2.503465	-6.068188	-21.081822	-39.224100
0.002830	2.520335	-6.088965	-21.176916	-39.247019
0.002681	2.536683	-6.109724	-21.272020	-39.269917
0.002544	2.554303	-6.130467	-21.367132	-39.292796
0.002420	2.571927	-6.151195	-21.462252	-39.315657
0.002309	2.590231	-6.171908	-21.557379	-39.338499
0.002209	2.606846	-6.192608	-21.652513	-39.361324
0.002120	2.623433	-6.213295	-21.747654	-39.384132
0.002040	2.638669	-6.233971	-21.842802	-39.406923
0.001968	2.652250	-6.254636	-21.937955	-39.429698
0.001903	2.663893	-6.275291	-22.033115	-39.452458
0.001843	2.674337	-6.295936	-22.128281	-39.475202
0.001787	2.681345	-6.316571	-22.223452	-39.497932
0.001733	2.686690	-6.337198	-22.318628	-39.520647
0.001680	2.689142	-6.357816	-22.413810	-39.543348
0.001627	2.688449	-6.378425	-22.508997	-39.566035
0.001572	2.684313	-6.399027	-22.604189	-39.588709
0.001515	2.676345	-6.419621	-22.699385	-39.611370
0.001455	2.664023	-6.440207	-22.794586	-39.634019
0.001389	2.646616	-6.460785	-22.889791	-39.656657
0.001319	2.623082	-6.481356	-22.985001	-39.679283
0.001242	2.591900	-6.501920	-23.080215	-39.701899
0.001159	2.550820	-6.522477	-23.175432	-39.724506
0.001069	2.496436	-6.543027	-23.270653	-39.747104
0.000974	2.423518	-6.563570	-23.365877	-39.769694
0.000876	2.322966	-6.584106	-23.461104	-39.792279
0.000780	2.185070	-6.604635	-23.556334	-39.814858
0.000696	1.994899	-6.625158	-23.651566	-39.837434
0.000639	1.745523	-6.645674	-23.746800	-39.860008
0.000625	1.449975	-6.666185	-23.842036	-39.882581
0.000665	1.150544	-6.686689	-23.937272	-39.905156
0.000757	0.891064	-6.707187	-24.032509	-39.927734
0.000889	0.686840	-6.727680	-24.127745	-39.950318
0.001049	0.530749	-6.748168	-24.222981	-39.972909
0.001228	0.409985	-6.768652	-24.318216	-39.995509
0.001420	0.313656	-6.789132	-24.413449	-40.018121
0.001623	0.234988	-6.809608	-24.508679	-40.040747
0.001832	0.166686	-6.830082	-24.603906	-40.063388
0.002046	0.106151	-6.850554	-24.699129	-40.086047
0.002264	0.051898	-6.871026	-24.794348	-40.108726
0.002486	0.000176	-6.891498	-24.889561	-40.131427
0.002710	-0.048276	-6.911973	-24.984768	-40.154152
0.002938	-0.094382	-6.932450	-25.079968	-40.176903
0.003168	-0.140827	-6.952933	-25.175160	-40.199681
0.003401	-0.186121	-6.973422	-25.270344	-40.222490
0.003639	-0.231640	-6.993920	-25.365519	-40.245330
0.003883	-0.276508	-7.014428	-25.460683	-40.268203
0.004134	-0.321237	-7.034950	-25.555836	-40.291111
0.004395	-0.365254	-7.055487	-25.650976	-40.314056
0.004667	-0.407065	-7.076043	-25.746104	-40.337038
0.004951	-0.447255	-7.096620	-25.841218	-40.360059
0.005249	-0.485492	-7.117222	-25.936316	-40.383120
0.005560	-0.521522	-7.137851	-26.031399	-40.406224
0.005884	-0.554167	-7.158510	-26.126464	-40.429370
0.006221	-0.584311	-7.179203	-26.221511	-40.452561
0.006571	-0.611897	-7.199934	-26.316539	-40.475798
0.006932	-0.636911	-7.220706	-26.411547	-40.499082
0.007303	-0.658377	-7.241521	-26.506532	-40.522415
0.007684	-0.678344	-7.262385	-26.601495	-40.545798
0.008073	-0.694881	-7.283300	-26.696434	-40.569233
0.008469	-0.710069	-7.304270	-26.791347	-40.592721
0.008870	-0.721995	-7.325299	-26.886234	-40.616264
0.009275	-0.732749	-7.346390	-26.981093	-40.639864
0.009683	-0.740419	-7.367546	-27.075923	-40.663523
0.010092	-0.747092	-7.388772	-27.170722	-40.687242
0.010500	-0.751847	-7.410069	-27.265489	-40.711025
0.010907	-0.754789	-7.431442	-27.360223	-40.734872
0.011312	-0.756131	-7.452894	-27.454922	-40.758787
0.011715	-0.756083	-7.474427	-27.549585	-40.782771
0.012116	-0.755825	-7.496044	-27.644210	-40.806827
0.012514	-0.753513	-7.517749	-27.738797	-40.830957
0.012909	-0.751284	-7.539544	-27.833343	-40.855165
0.013302	-0.747255	-7.561432	-27.927847	-40.879452
0.013693	-0.743529	-7.583414	-28.022308	-40.903822
0.014082	-0.738197	-7.605494	-28.116725	-40.928277
0.014469	-0.732340	-7.627673	-28.211095	-40.952820
0.014853	-0.727029	-7.649954	-28.305417	-40.977454
0.015236	-0.720328	-7.672339	-28.399690	-41.002183
0.015618	-0.713294	-7.694830	-28.493913	-41.027008
0.015998	-0.705978	-7.717428	-28.588083	-41.051935
0.016377	-0.697427	-7.740136	-28.682199	-41.076964
0.016755	-0.688682	-7.762954	-28.776260	-41.102101
0.017131	-0.679781	-7.785885	-28.870264	-41.127348
0.017508	-0.669760	-7.808930	-28.964209	-41.152709
0.017884	-0.659649	-7.832090	-29.058095	-41.178188
0.018259	-0.648478	-7.855365	-29.151918	-41.203788
0.000000	0.000000	-7.855365	-29.151918	-41.203788
