0.051085	-0.825136	0.000000	0.000000	0.000000
0.046724	-0.785118	0.099999	0.000347	-0.000375
0.042447	-0.738166	0.199994	0.001024	-0.001081
0.038288	-0.682653	0.299984	0.002015	-0.002072
0.034282	-0.616427	0.399968	0.003303	-0.003305
0.030477	-0.536661	0.499946	0.004870	-0.004736
0.026925	-0.440707	0.599916	0.006700	-0.006322
0.023698	-0.322098	0.699880	0.008773	-0.008024
0.020881	-0.177997	0.799838	0.011071	-0.009800
0.018580	-0.003695	0.899790	0.013574	-0.011613
0.016901	0.200338	0.999738	0.016263	-0.013427
0.015922	0.425885	1.099681	0.019118	-0.015207
0.015646	0.656880	1.199621	0.022117	-0.016922
0.015978	0.875727	1.299560	0.025241	-0.018541
0.016758	1.070138	1.399496	0.028466	-0.020037
0.017810	1.238384	1.499433	0.031772	-0.021386
0.018984	1.384429	1.599369	0.035136	-0.022567
0.020168	1.511427	1.699306	0.038536	-0.023561
0.021283	1.625702	1.799245	0.041947	-0.024353
0.022280	1.732015	1.899185	0.045346	-0.024934
0.023131	1.834468	1.999128	0.048710	-0.025294
0.023836	1.936446	2.099073	0.052013	-0.025431
0.024439	2.039999	2.199022	0.055232	-0.025346
0.024999	2.145172	2.298973	0.058339	-0.025043
0.025578	2.254212	2.398927	0.061311	-0.024530
0.026239	2.364605	2.498885	0.064121	-0.023818
0.027037	2.477169	2.598847	0.066744	-0.022923
0.028019	2.588212	2.698812	0.069154	-0.021861
0.029218	2.697790	2.798781	0.071325	-0.020652
0.030653	2.802002	2.898754	0.073233	-0.019318
0.032325	2.900238	2.998731	0.074852	-0.017881
0.034224	2.992346	3.098711	0.076157	-0.016368
0.036327	3.075663	3.198694	0.077123	-0.014804
0.038606	-3.132213	3.298679	0.077727	-0.013216
0.041024	-3.064791	3.398667	0.077944	-0.011633
0.043545	-3.003909	3.498654	0.077753	-0.010081
0.046131	-2.951092	3.598641	0.077131	-0.008589
0.048744	-2.904818	3.698626	0.076055	-0.007185
0.051348	-2.864564	3.798605	0.074506	-0.005896
0.053906	-2.828846	3.898578	0.072463	-0.004747
0.056384	-2.799235	3.998540	0.069908	-0.003766
0.058754	-2.774263	4.098490	0.066822	-0.002974
0.061005	-2.752158	4.198422	0.063188	-0.002393
0.063135	-2.734207	4.298333	0.058990	-0.002045
0.065143	-2.718831	4.398219	0.054214	-0.001948
0.067032	-2.705557	4.498074	0.048845	-0.002119
0.068807	-2.692988	4.597895	0.042869	-0.002574
0.070472	-2.682794	4.697674	0.036275	-0.003328
0.072033	-2.673688	4.797407	0.029051	-0.004395
0.073497	-2.664426	4.897088	0.021187	-0.005788
0.074871	-2.656788	4.996710	0.012673	-0.007518
0.076163	-2.649583	5.096266	0.003501	-0.009599
0.077381	-2.641634	5.195751	-0.006339	-0.012039
0.078534	-2.634784	5.295157	-0.016854	-0.014851
0.079628	-2.626884	5.394477	-0.028049	-0.018044
0.080674	-2.619798	5.493704	-0.039932	-0.021629
0.081681	-2.611399	5.592830	-0.052506	-0.025615
0.082657	-2.603569	5.691848	-0.065778	-0.030015
0.083612	-2.594194	5.790749	-0.079750	-0.034836
0.084557	-2.585172	5.889527	-0.094426	-0.040092
0.085501	-2.574406	5.988172	-0.109808	-0.045793
0.086454	-2.562837	6.086676	-0.125900	-0.051951
0.087419	-2.551523	6.185032	-0.142701	-0.058579
0.088394	-2.538551	6.283229	-0.160213	-0.065691
0.089382	-2.525003	6.381260	-0.178437	-0.073300
0.090382	-2.510959	6.479114	-0.197371	-0.081422
0.091394	-2.497493	6.576784	-0.217015	-0.090072
0.092419	-2.482677	6.674258	-0.237368	-0.099264
0.093455	-2.468581	6.771528	-0.258428	-0.109016
0.094502	-2.453269	6.868583	-0.280193	-0.119343
0.095560	-2.438803	6.965413	-0.302659	-0.130262
0.096627	-2.423242	7.062007	-0.325824	-0.141788
0.097702	-2.408640	7.158356	-0.349684	-0.153940
0.098783	-2.394049	7.254448	-0.374234	-0.166733
0.099869	-2.378517	7.350271	-0.399470	-0.180184
0.100956	-2.364089	7.445816	-0.425388	-0.194310
0.102043	-2.350807	7.541069	-0.451980	-0.209128
0.103127	-2.336709	7.636020	-0.479243	-0.224654
0.104206	-2.322833	7.730657	-0.507171	-0.240902
0.105275	-2.310210	7.824966	-0.535756	-0.257890
0.106332	-2.296872	7.918937	-0.564994	-0.275631
0.107374	-2.284839	8.012555	-0.594876	-0.294141
0.108400	-2.273103	8.105809	-0.625396	-0.313434
0.109408	-2.261647	8.198685	-0.656547	-0.333523
0.110399	-2.250458	8.291171	-0.688323	-0.354422
0.111372	-2.239520	8.383252	-0.720714	-0.376143
0.112326	-2.229821	8.474916	-0.753713	-0.398699
0.113262	-2.219349	8.566149	-0.787314	-0.422099
0.114177	-2.209089	8.656937	-0.821506	-0.446357
0.115074	-2.200032	8.747266	-0.856282	-0.471482
0.115949	-2.190166	8.837123	-0.891634	-0.497484
0.116805	-2.181480	8.926492	-0.927551	-0.524374
0.117640	-2.171965	9.015360	-0.964025	-0.552160
0.118453	-2.162611	9.103714	-1.001046	-0.580851
0.119246	-2.153407	9.191537	-1.038604	-0.610455
0.120017	-2.144347	9.278817	-1.076687	-0.640982
0.120766	-2.135421	9.365539	-1.115286	-0.672437
0.121493	-2.126620	9.451688	-1.154388	-0.704830
0.122199	-2.117938	9.537251	-1.193983	-0.738165
0.122882	-2.109367	9.622213	-1.234058	-0.772450
0.123543	-2.099899	9.706560	-1.274601	-0.807690
0.124181	-2.090530	9.790278	-1.315600	-0.843891
0.124795	-2.081264	9.873352	-1.357039	-0.881058
0.125385	-2.072105	9.955770	-1.398906	-0.919196
0.125947	-2.063060	10.037516	-1.441186	-0.958310
0.126482	-2.054133	10.118578	-1.483865	-0.998403
0.126986	-2.044328	10.198943	-1.526927	-1.039479
0.127460	-2.034650	10.278596	-1.570357	-1.081540
0.127900	-2.026104	10.357526	-1.614139	-1.124590
0.128306	-2.015693	10.435718	-1.658257	-1.168629
0.128676	-2.006421	10.513162	-1.702694	-1.213661
0.129008	-1.997292	10.589845	-1.747433	-1.259685
0.129301	-1.987308	10.665755	-1.792456	-1.306702
0.129553	-1.978474	10.740880	-1.837747	-1.354711
0.129761	-1.968793	10.815210	-1.883288	-1.403713
0.129925	-1.959268	10.888734	-1.929060	-1.453704
0.130043	-1.949902	10.961442	-1.975046	-1.504683
0.130112	-1.940699	11.033323	-2.021227	-1.556647
0.130132	-1.930662	11.104370	-2.067586	-1.609594
0.130100	-1.921794	11.174572	-2.114102	-1.663518
0.130014	-1.913100	11.243923	-2.160758	-1.718415
0.129875	-1.903573	11.312413	-2.207536	-1.774280
0.129691	-1.894173	11.380037	-2.254417	-1.831106
0.129473	-1.884854	11.446787	-2.301383	-1.888887
0.129229	-1.875571	11.512658	-2.348414	-1.947617
0.128972	-1.866278	11.577644	-2.395492	-2.007287
0.128712	-1.856933	11.641739	-2.442598	-2.067889
0.128459	-1.847496	11.704940	-2.489715	-2.129417
0.128224	-1.836926	11.767242	-2.536823	-2.191862
0.128019	-1.826185	11.828640	-2.583903	-2.255217
0.127855	-1.816237	11.889130	-2.630935	-2.319473
0.127742	-1.804048	11.948710	-2.677900	-2.384623
0.127693	-1.792588	12.007374	-2.724777	-2.450661
0.127718	-1.780826	12.065121	-2.771545	-2.517579
0.127829	-1.767739	12.121945	-2.818185	-2.585372
0.128039	-1.754306	12.177843	-2.864672	-2.654033
0.128359	-1.740508	12.232812	-2.910984	-2.723556
0.128800	-1.725335	12.286847	-2.957098	-2.793939
0.129376	-1.709778	12.339945	-3.002989	-2.865175
0.130099	-1.693837	12.392102	-3.048629	-2.937263
0.130981	-1.676515	12.443311	-3.093993	-3.010200
0.132029	-1.658851	12.493570	-3.139051	-3.083982
0.133227	-1.640991	12.542871	-3.183772	-3.158611
0.134550	-1.622103	12.591210	-3.228125	-3.234083
0.135974	-1.604337	12.638581	-3.272078	-3.310400
0.137474	-1.585833	12.684976	-3.315597	-3.387559
0.139026	-1.567716	12.730391	-3.358648	-3.465560
0.140601	-1.551099	12.774818	-3.401197	-3.544401
0.142174	-1.534081	12.818250	-3.443210	-3.624078
0.143718	-1.519752	12.860682	-3.484653	-3.704589
0.145206	-1.506195	12.902104	-3.525494	-3.785929
0.146608	-1.494484	12.942511	-3.565704	-3.868091
0.147899	-1.484690	12.981892	-3.605252	-3.951066
0.149051	-1.476881	13.020240	-3.644115	-4.034847
0.150036	-1.472125	13.057545	-3.682267	-4.119421
0.150827	-1.469494	13.093795	-3.719692	-4.204775
0.151397	-1.470064	13.128980	-3.756372	-4.290894
0.151722	-1.472921	13.163087	-3.792297	-4.377763
0.151775	-1.479162	13.196103	-3.827462	-4.465361
0.151532	-1.487898	13.228014	-3.861864	-4.553668
0.150970	-1.499262	13.258807	-3.895509	-4.642661
0.150077	-1.514362	13.288469	-3.928404	-4.732316
0.148878	-1.532134	13.316986	-3.960566	-4.822607
0.147406	-1.552477	13.344346	-3.992013	-4.913505
0.145694	-1.573299	13.370539	-4.022772	-5.004981
0.143778	-1.596504	13.395555	-4.052868	-5.097005
0.141691	-1.620998	13.419387	-4.082333	-5.189546
0.139465	-1.645676	13.442031	-4.111199	-5.282573
0.137132	-1.670421	13.463484	-4.139500	-5.376055
0.134723	-1.696103	13.483746	-4.167269	-5.469961
0.132267	-1.722567	13.502820	-4.194541	-5.564260
0.129790	-1.747637	13.520708	-4.221351	-5.658924
0.127318	-1.773110	13.537418	-4.247734	-5.753922
0.124873	-1.798751	13.552957	-4.273722	-5.849228
0.122475	-1.822292	13.567334	-4.299349	-5.944814
0.120142	-1.845433	13.580560	-4.324643	-6.040653
0.117888	-1.866838	13.592646	-4.349634	-6.136723
0.115725	-1.887135	13.603606	-4.374347	-6.232999
0.113664	-1.903922	13.613451	-4.398807	-6.329461
0.111713	-1.918764	13.622197	-4.423032	-6.426087
0.109880	-1.930201	13.629857	-4.447039	-6.522860
0.108169	-1.937836	13.636445	-4.470842	-6.619762
0.106569	-1.941614	13.641976	-4.494447	-6.716779
0.105068	-1.941590	13.646463	-4.517860	-6.813896
0.103659	-1.937835	13.649921	-4.541080	-6.911101
0.102333	-1.930442	13.652365	-4.564104	-7.008384
0.101089	-1.920522	13.653808	-4.586924	-7.105734
0.099922	-1.907201	13.654264	-4.609532	-7.203144
0.098831	-1.889625	13.653748	-4.631914	-7.300606
0.097817	-1.869952	13.652275	-4.654055	-7.398113
0.096879	-1.847359	13.649860	-4.675936	-7.495659
0.096016	-1.822035	13.646518	-4.697538	-7.593241
0.095229	-1.795182	13.642264	-4.718839	-7.690853
0.094515	-1.765015	13.637116	-4.739815	-7.788493
0.093873	-1.733757	13.631090	-4.760442	-7.886157
0.093298	-1.699638	13.624204	-4.780693	-7.983843
0.092786	-1.664894	13.616477	-4.800540	-8.081548
0.092330	-1.629760	13.607928	-4.819957	-8.179272
0.091922	-1.593470	13.598578	-4.838915	-8.277012
0.091550	-1.557256	13.588448	-4.857388	-8.374767
0.091204	-1.522341	13.577559	-4.875348	-8.472537
0.090872	-1.487917	13.565934	-4.892771	-8.570319
0.090544	-1.455064	13.553594	-4.909633	-8.668111
0.090213	-1.422832	13.540561	-4.925911	-8.765913
0.089871	-1.393266	13.526858	-4.941586	-8.863722
0.089511	-1.365407	13.512506	-4.956638	-8.961535
0.089124	-1.340295	13.497526	-4.971054	-9.059350
0.088702	-1.315963	13.481938	-4.984817	-9.157164
0.088238	-1.294444	13.465761	-4.997917	-9.254974
0.087722	-1.273771	13.449014	-5.010344	-9.352775
0.087148	-1.255973	13.431715	-5.022089	-9.450565
0.086506	-1.240081	13.413881	-5.033147	-9.548338
0.085788	-1.226127	13.395528	-5.043513	-9.646091
0.084988	-1.213144	13.376670	-5.053185	-9.743820
0.084096	-1.202172	13.357323	-5.062164	-9.841519
0.083107	-1.193252	13.337500	-5.070449	-9.939183
0.082011	-1.185434	13.317215	-5.078045	-10.036809
0.080802	-1.178776	13.296479	-5.084957	-10.134391
0.079473	-1.174348	13.275307	-5.091192	-10.231925
0.078018	-1.170232	13.253707	-5.096757	-10.329406
0.076430	-1.168529	13.231694	-5.101664	-10.426829
0.074707	-1.167340	13.209277	-5.105926	-10.524191
0.072855	-1.167694	13.186467	-5.109554	-10.621487
0.070887	-1.169617	13.163276	-5.112567	-10.718714
0.068815	-1.172153	13.139713	-5.114980	-10.815868
0.066650	-1.177363	13.115789	-5.116811	-10.912947
0.064406	-1.183328	13.091514	-5.118082	-11.009948
0.062096	-1.191149	13.066897	-5.118813	-11.106868
0.059733	-1.200951	13.041948	-5.119026	-11.203705
0.057333	-1.212877	13.016676	-5.118743	-11.300459
0.054908	-1.227096	12.991089	-5.117989	-11.397127
0.052475	-1.243800	12.965194	-5.116789	-11.493709
0.050050	-1.262203	12.939000	-5.115166	-11.590203
0.047649	-1.284541	12.912514	-5.113147	-11.686611
0.045287	-1.310065	12.885742	-5.110756	-11.782931
0.042984	-1.338033	12.858691	-5.108020	-11.879164
0.040757	-1.370697	12.831365	-5.104964	-11.975309
0.038624	-1.406283	12.803772	-5.101614	-12.071368
0.036602	-1.446963	12.775914	-5.097995	-12.167342
0.034711	-1.490814	12.747798	-5.094132	-12.263230
0.032966	-1.539776	12.719427	-5.090049	-12.359034
0.031382	-1.591648	12.690804	-5.085770	-12.454754
0.029966	-1.648235	12.661932	-5.081318	-12.550392
0.028723	-1.708222	12.632815	-5.076714	-12.645949
0.027654	-1.770112	12.603455	-5.071981	-12.741424
0.026761	-1.835224	12.573854	-5.067139	-12.836820
0.026041	-1.901716	12.544013	-5.062208	-12.932136
0.025488	-1.968622	12.513934	-5.057205	-13.027374
0.025094	-2.034923	12.483618	-5.052151	-13.122534
0.024846	-2.099616	12.453067	-5.047061	-13.217616
0.024731	-2.161784	12.422279	-5.041952	-13.312622
0.024732	-2.220651	12.391257	-5.036839	-13.407551
0.024833	-2.275617	12.360000	-5.031738	-13.502403
0.025015	-2.326257	12.328507	-5.026661	-13.597179
0.025263	-2.373321	12.296780	-5.021622	-13.691878
0.025559	-2.414698	12.264817	-5.016632	-13.786501
0.025891	-2.452394	12.232618	-5.011703	-13.881047
0.026243	-2.485494	12.200182	-5.006845	-13.975515
0.026605	-2.513139	12.167508	-5.002067	-14.069906
0.026966	-2.537498	12.134596	-4.997376	-14.164218
0.027317	-2.558750	12.101445	-4.992782	-14.258451
0.027652	-2.575110	12.068054	-4.988289	-14.352605
0.027966	-2.587924	12.034420	-4.983905	-14.446677
0.028256	-2.598547	12.000545	-4.979632	-14.540667
0.028522	-2.605301	11.966425	-4.975476	-14.634574
0.028762	-2.610483	11.932060	-4.971439	-14.728397
0.028978	-2.613366	11.897449	-4.967523	-14.822135
0.029170	-2.613201	11.862590	-4.963730	-14.915786
0.029340	-2.612223	11.827483	-4.960062	-15.009349
0.029488	-2.608653	11.792125	-4.956517	-15.102822
0.029616	-2.604699	11.756516	-4.953097	-15.196205
0.029727	-2.598564	11.720653	-4.949801	-15.289495
0.029821	-2.591440	11.684537	-4.946627	-15.382691
0.029901	-2.583518	11.648166	-4.943573	-15.475792
0.029968	-2.574984	11.611537	-4.940640	-15.568796
0.030023	-2.566022	11.574651	-4.937823	-15.661702
0.030068	-2.555815	11.537507	-4.935121	-15.754508
0.030104	-2.546546	11.500102	-4.932531	-15.847213
0.030131	-2.535397	11.462436	-4.930051	-15.939815
0.030150	-2.525551	11.424509	-4.927678	-16.032313
0.030161	-2.515190	11.386319	-4.925408	-16.124705
0.030166	-2.505469	11.347866	-4.923240	-16.216991
0.030163	-2.495415	11.309149	-4.921171	-16.309169
0.030154	-2.487028	11.270167	-4.919197	-16.401237
0.030139	-2.478307	11.230921	-4.917316	-16.493195
0.030118	-2.469254	11.191410	-4.915526	-16.585041
0.030092	-2.461873	11.151634	-4.913824	-16.676774
0.030061	-2.454166	11.111594	-4.912208	-16.768393
0.030026	-2.447139	11.071288	-4.910675	-16.859898
0.029987	-2.440797	11.030717	-4.909223	-16.951287
0.029945	-2.435148	10.989882	-4.907851	-17.042559
0.029901	-2.431197	10.948782	-4.906557	-17.133713
0.029856	-2.426954	10.907419	-4.905340	-17.224750
0.029810	-2.423425	10.865792	-4.904197	-17.315667
0.029764	-2.420619	10.823903	-4.903129	-17.406464
0.029719	-2.419544	10.781752	-4.902133	-17.497141
0.029676	-2.418207	10.739339	-4.901211	-17.587696
0.029635	-2.418617	10.696666	-4.900361	-17.678130
0.029599	-2.419779	10.653732	-4.899582	-17.768441
0.029567	-2.422699	10.610539	-4.898877	-17.858629
0.029541	-2.426381	10.567088	-4.898245	-17.948694
0.029522	-2.430814	10.523380	-4.897687	-18.038634
0.029510	-2.435926	10.479414	-4.897204	-18.128450
0.029503	-2.442632	10.435193	-4.896799	-18.218140
0.029501	-2.449847	10.390717	-4.896472	-18.307704
0.029502	-2.457485	10.345987	-4.896226	-18.397142
0.029507	-2.466464	10.301004	-4.896063	-18.486453
0.029514	-2.475699	10.255769	-4.895986	-18.575637
0.029521	-2.485111	10.210282	-4.895997	-18.664693
0.029528	-2.494620	10.164546	-4.896099	-18.753621
0.029533	-2.505147	10.118561	-4.896295	-18.842421
0.029536	-2.514616	10.072328	-4.896587	-18.931091
0.029533	-2.524953	10.025849	-4.896978	-19.019633
0.029525	-2.535086	9.979126	-4.897471	-19.108044
0.029509	-2.543944	9.932158	-4.898069	-19.196326
0.029484	-2.553456	9.884948	-4.898774	-19.284478
0.029448	-2.562555	9.837498	-4.899589	-19.372500
0.029399	-2.571171	9.789808	-4.900516	-19.460391
0.029336	-2.579239	9.741881	-4.901558	-19.548152
0.029255	-2.586688	9.693719	-4.902715	-19.635782
0.029157	-2.593449	9.645322	-4.903990	-19.723281
0.029038	-2.599469	9.596694	-4.905384	-19.810650
0.028900	-2.604760	9.547836	-4.906899	-19.897889
0.028744	-2.608353	9.498750	-4.908534	-19.984997
0.028572	-2.612270	9.449438	-4.910291	-20.071976
0.028383	-2.614537	9.399902	-4.912170	-20.158825
0.028180	-2.617173	9.350145	-4.914170	-20.245544
0.027964	-2.618197	9.300169	-4.916291	-20.332134
0.027737	-2.619628	9.249976	-4.918532	-20.418596
0.027499	-2.619481	9.199567	-4.920894	-20.504929
0.027253	-2.618774	9.148947	-4.923374	-20.591135
0.026999	-2.617520	9.098116	-4.925972	-20.677213
0.026740	-2.615735	9.047076	-4.928685	-20.763164
0.026476	-2.613436	8.995831	-4.931514	-20.848989
0.026210	-2.610637	8.944382	-4.934455	-20.934688
0.025942	-2.606356	8.892731	-4.937507	-21.020262
0.025675	-2.602611	8.840881	-4.940668	-21.105711
0.025410	-2.597422	8.788833	-4.943936	-21.191036
0.025148	-2.592810	8.736589	-4.947308	-21.276237
0.024891	-2.586800	8.684151	-4.950782	-21.361315
0.024640	-2.580419	8.631521	-4.954357	-21.446270
0.024397	-2.573702	8.578701	-4.958029	-21.531102
0.024163	-2.566710	8.525693	-4.961796	-21.615813
0.023938	-2.559513	8.472496	-4.965655	-21.700402
0.023722	-2.552186	8.419115	-4.969604	-21.784869
0.023515	-2.544805	8.365549	-4.973641	-21.869216
0.023319	-2.537453	8.311799	-4.977763	-21.953442
0.023132	-2.529211	8.257868	-4.981968	-22.037548
0.022956	-2.522168	8.203757	-4.986253	-22.121534
0.022791	-2.515411	8.149466	-4.990617	-22.205399
0.022636	-2.509032	8.094997	-4.995056	-22.289145
0.022492	-2.503124	8.040350	-4.999570	-22.372772
0.022359	-2.497779	7.985527	-5.004156	-22.456279
0.022237	-2.493095	7.930529	-5.008813	-22.539666
0.022126	-2.489164	7.875356	-5.013540	-22.622935
0.022026	-2.487082	7.820010	-5.018335	-22.706084
0.021936	-2.484944	7.764491	-5.023198	-22.789115
0.021859	-2.484842	7.708801	-5.028127	-22.872026
0.021792	-2.485867	7.652940	-5.033123	-22.954818
0.021738	-2.488108	7.596909	-5.038185	-23.037492
0.021696	-2.492651	7.540708	-5.043315	-23.120046
0.021666	-2.497547	7.484339	-5.048511	-23.202481
0.021648	-2.504715	7.427803	-5.053777	-23.284797
0.021641	-2.514041	7.371100	-5.059112	-23.366994
0.021643	-2.523409	7.314232	-5.064519	-23.449072
0.021653	-2.534702	7.257198	-5.069999	-23.531030
0.021671	-2.546802	7.200001	-5.075555	-23.612869
0.021695	-2.559595	7.142640	-5.081190	-23.694588
0.021724	-2.572965	7.085118	-5.086906	-23.776188
0.021757	-2.586803	7.027435	-5.092705	-23.857668
0.021792	-2.601000	6.969592	-5.098591	-23.939029
0.021827	-2.616453	6.911591	-5.104567	-24.020270
0.021862	-2.631061	6.853432	-5.110635	-24.101392
0.021895	-2.645731	6.795117	-5.116800	-24.182394
0.021924	-2.661372	6.736647	-5.123062	-24.263277
0.021946	-2.675899	6.678024	-5.129427	-24.344041
0.021960	-2.690231	6.619249	-5.135897	-24.424686
0.021964	-2.704291	6.560323	-5.142474	-24.505213
0.021956	-2.719007	6.501249	-5.149161	-24.585621
0.021933	-2.732309	6.442027	-5.155961	-24.665912
0.021893	-2.745130	6.382661	-5.162877	-24.746086
0.021834	-2.756430	6.323151	-5.169909	-24.826143
0.021756	-2.768270	6.263499	-5.177061	-24.906084
0.021657	-2.779732	6.203708	-5.184334	-24.985909
0.021538	-2.789900	6.143780	-5.191728	-25.065621
0.021397	-2.800859	6.083716	-5.199246	-25.145219
0.021236	-2.810694	6.023519	-5.206889	-25.224704
0.021053	-2.820491	5.963192	-5.214656	-25.304079
0.020849	-2.830341	5.902736	-5.222550	-25.383343
0.020624	-2.839338	5.842155	-5.230569	-25.462498
0.020377	-2.849579	5.781451	-5.238714	-25.541547
0.020108	-2.860171	5.720626	-5.246986	-25.620490
0.019819	-2.870226	5.659685	-5.255383	-25.699329
0.019508	-2.880867	5.598629	-5.263907	-25.778066
0.019176	-2.892225	5.537461	-5.272555	-25.856703
0.018824	-2.904449	5.476187	-5.281329	-25.935242
0.018452	-2.917701	5.414808	-5.290227	-26.013686
0.018061	-2.931163	5.353328	-5.299249	-26.092037
0.017651	-2.947039	5.291751	-5.308393	-26.170298
0.017225	-2.963561	5.230082	-5.317659	-26.248471
0.016782	-2.981989	5.168323	-5.327047	-26.326559
0.016326	-3.002577	5.106481	-5.336554	-26.404566
0.015863	-3.024427	5.044558	-5.346181	-26.482495
0.015401	-3.049577	4.982560	-5.355925	-26.560349
0.014947	-3.076024	4.920492	-5.365786	-26.638133
0.014509	-3.105708	4.858357	-5.375764	-26.715849
0.014095	-3.136497	4.796162	-5.385857	-26.793501
0.013710	3.114023	4.733910	-5.396064	-26.871094
0.013362	3.079818	4.671608	-5.406385	-26.948630
0.013056	3.044534	4.609258	-5.416820	-27.026113
0.012797	3.008755	4.546865	-5.427367	-27.103546
0.012588	2.973181	4.484435	-5.438028	-27.180934
0.012434	2.937607	4.421970	-5.448802	-27.258278
0.012335	2.904889	4.359475	-5.459689	-27.335581
0.012293	2.874902	4.296953	-5.470690	-27.412846
0.012308	2.847488	4.234406	-5.481807	-27.490076
0.012381	2.825416	4.171838	-5.493040	-27.567271
0.012510	2.807343	4.109250	-5.504390	-27.644433
0.012696	2.794780	4.046645	-5.515860	-27.721562
0.012939	2.788081	3.984023	-5.527452	-27.798660
0.013243	2.786429	3.921384	-5.539168	-27.875726
0.013608	2.790680	3.858729	-5.551011	-27.952759
0.014030	2.799953	3.796057	-5.562985	-28.029758
0.014504	2.813203	3.733366	-5.575093	-28.106721
0.015026	2.829448	3.670654	-5.587339	-28.183644
0.015590	2.846794	3.607919	-5.599728	-28.260527
0.016193	2.865460	3.545158	-5.612263	-28.337364
0.016828	2.884782	3.482369	-5.624951	-28.414152
0.017489	2.905213	3.419546	-5.637795	-28.490888
0.018169	2.923311	3.356688	-5.650800	-28.567568
0.018862	2.941730	3.293790	-5.663972	-28.644186
0.019559	2.959206	3.230848	-5.677315	-28.720738
0.020252	2.975541	3.167858	-5.690835	-28.797220
0.020933	2.990587	3.104817	-5.704535	-28.873628
0.021593	3.004239	3.041720	-5.718421	-28.949956
0.022223	3.016418	2.978565	-5.732497	-29.026200
0.022813	3.028063	2.915347	-5.746768	-29.102357
0.023355	3.037123	2.852063	-5.761237	-29.178422
0.023839	3.044548	2.788712	-5.775907	-29.254391
0.024257	3.051282	2.725289	-5.790783	-29.330262
0.024598	3.056256	2.661795	-5.805867	-29.406031
0.024857	3.059441	2.598226	-5.821161	-29.481695
0.025033	3.060999	2.534581	-5.836666	-29.557253
0.025131	3.061116	2.470862	-5.852385	-29.632703
0.025152	3.060941	2.407067	-5.868317	-29.708045
0.025102	3.059603	2.343197	-5.884463	-29.783277
0.024984	3.057209	2.279252	-5.900823	-29.858401
0.024800	3.052853	2.215235	-5.917395	-29.933415
0.024555	3.048617	2.151146	-5.934178	-30.008321
0.024252	3.044576	2.086988	-5.951172	-30.083120
0.023895	3.038801	2.022762	-5.968373	-30.157814
0.023488	3.032359	1.958471	-5.985779	-30.232404
0.023033	3.025316	1.894117	-6.003387	-30.306893
0.022535	3.017742	1.829703	-6.021195	-30.381282
0.021997	3.010712	1.765232	-6.039198	-30.455574
0.021421	3.002305	1.700707	-6.057392	-30.529773
0.020812	2.993613	1.636130	-6.075773	-30.603881
0.020172	2.984741	1.571505	-6.094337	-30.677901
0.019504	2.976812	1.506835	-6.113079	-30.751837
0.018811	2.967971	1.442123	-6.131992	-30.825693
0.018095	2.959391	1.377371	-6.151073	-30.899470
0.017360	2.950234	1.312583	-6.170315	-30.973174
0.016607	2.942505	1.247761	-6.189712	-31.046808
0.015840	2.935163	1.182908	-6.209257	-31.120374
0.015061	2.928169	1.118027	-6.228946	-31.193878
0.014273	2.920484	1.053119	-6.248769	-31.267322
0.013478	2.914067	0.988187	-6.268722	-31.340709
0.012680	2.906878	0.923233	-6.288797	-31.414044
0.011881	2.900868	0.858260	-6.308988	-31.487330
0.011085	2.893985	0.793269	-6.329286	-31.560570
0.010293	2.887170	0.728261	-6.349686	-31.633768
0.009509	2.881350	0.663240	-6.370179	-31.706927
0.008736	2.874437	0.598205	-6.390760	-31.780050
0.007977	2.868316	0.533160	-6.411422	-31.853140
0.007235	2.860844	0.468104	-6.432156	-31.926201
0.006513	2.853826	0.403041	-6.452958	-31.999235
0.005814	2.844997	0.337970	-6.473819	-32.072246
0.005141	2.835991	0.272892	-6.494735	-32.145236
0.004497	2.825282	0.207810	-6.515698	-32.218207
0.003886	2.811102	0.142724	-6.536704	-32.291163
0.003310	2.794293	0.077635	-6.557746	-32.364106
0.002773	2.772080	0.012544	-6.578819	-32.437038
0.002274	2.741633	-0.052549	-6.599918	-32.509961
0.001814	2.698952	-0.117642	-6.621039	-32.582877
0.001395	2.632364	-0.182735	-6.642178	-32.655789
0.001020	2.522047	-0.247827	-6.663330	-32.728697
0.000700	2.317813	-0.312918	-6.684492	-32.801603
0.000469	1.902824	-0.378007	-6.705660	-32.874510
0.000407	1.222252	-0.443093	-6.726833	-32.947417
0.000519	0.691220	-0.508176	-6.748006	-33.020328
0.000694	0.427802	-0.573256	-6.769178	-33.093241
0.000873	0.295256	-0.638331	-6.790347	-33.166159
0.001035	0.223422	-0.703402	-6.811511	-33.239083
0.001177	0.181693	-0.768469	-6.832668	-33.312013
0.001295	0.158524	-0.833530	-6.853816	-33.384950
0.001389	0.148874	-0.898586	-6.874956	-33.457894
0.001461	0.147690	-0.963635	-6.896086	-33.530846
0.001510	0.154477	-1.028679	-6.917206	-33.603807
0.001537	0.168671	-1.093717	-6.938315	-33.676776
0.001544	0.190356	-1.158748	-6.959414	-33.749755
0.001533	0.220155	-1.223772	-6.980502	-33.822742
0.001504	0.259087	-1.288789	-7.001580	-33.895739
0.001462	0.307191	-1.353798	-7.022649	-33.968745
0.001410	0.367809	-1.418801	-7.043709	-34.041760
0.001351	0.440624	-1.483795	-7.064761	-34.114784
0.001289	0.529483	-1.548782	-7.085807	-34.187817
0.001231	0.634023	-1.613760	-7.106848	-34.260858
0.001181	0.756995	-1.678731	-7.127885	-34.333908
0.001146	0.895305	-1.743693	-7.148920	-34.406966
0.001131	1.046133	-1.808646	-7.169955	-34.480032
0.001141	1.203855	-1.873592	-7.190990	-34.553105
0.001176	1.358352	-1.938528	-7.212028	-34.626185
0.001236	1.503243	-2.003456	-7.233070	-34.699271
0.001317	1.634650	-2.068374	-7.254119	-34.772364
0.001415	1.748618	-2.133285	-7.275176	-34.845462
0.001524	1.847426	-2.198186	-7.296243	-34.918564
0.001641	1.930608	-2.263078	-7.317322	-34.991672
0.001760	2.002163	-2.327962	-7.338413	-35.064783
0.001879	2.063095	-2.392837	-7.359520	-35.137898
0.001993	2.115204	-2.457703	-7.380643	-35.211015
0.002100	2.160015	-2.522561	-7.401784	-35.284135
0.002196	2.198831	-2.587411	-7.422944	-35.357257
0.002282	2.232847	-2.652252	-7.444125	-35.430380
0.002357	2.264003	-2.717086	-7.465327	-35.503504
0.002420	2.291007	-2.781912	-7.486551	-35.576628
0.002471	2.316400	-2.846730	-7.507798	-35.649753
0.002510	2.339600	-2.911541	-7.529069	-35.722876
0.002537	2.359930	-2.976345	-7.550364	-35.795999
0.002552	2.379641	-3.041142	-7.571683	-35.869121
0.002555	2.397930	-3.105933	-7.593028	-35.942241
0.002546	2.414944	-3.170719	-7.614396	-36.015359
0.002524	2.430794	-3.235498	-7.635790	-36.088475
0.002491	2.445560	-3.300272	-7.657208	-36.161589
0.002446	2.459286	-3.365041	-7.678650	-36.234700
0.002388	2.471990	-3.429806	-7.700117	-36.307808
0.002319	2.483657	-3.494566	-7.721606	-36.380913
0.002238	2.494233	-3.559322	-7.743118	-36.454015
0.002145	2.503621	-3.624075	-7.764652	-36.527113
0.002041	2.511665	-3.688824	-7.786207	-36.600209
0.001925	2.518126	-3.753570	-7.807782	-36.673301
0.001797	2.522641	-3.818313	-7.829376	-36.746390
0.001659	2.523771	-3.883053	-7.850987	-36.819477
0.001510	2.523281	-3.947792	-7.872614	-36.892561
0.001352	2.518858	-4.012528	-7.894256	-36.965642
0.001187	2.511910	-4.077262	-7.915912	-37.038721
0.001015	2.499346	-4.141994	-7.937579	-37.111799
0.000838	2.480061	-4.206724	-7.959255	-37.184874
0.000658	2.450554	-4.271454	-7.980940	-37.257949
0.000476	2.397395	-4.336181	-8.002632	-37.331023
0.000295	2.282351	-4.400908	-8.024328	-37.404097
0.000128	1.858671	-4.465634	-8.046027	-37.477170
0.000120	0.167319	-4.530359	-8.067726	-37.550244
0.000281	-0.304465	-4.595083	-8.089425	-37.623319
0.000456	-0.431855	-4.659807	-8.111122	-37.696395
0.000628	-0.495075	-4.724532	-8.132814	-37.769472
0.000796	-0.538831	-4.789256	-8.154499	-37.842550
0.000958	-0.573416	-4.853981	-8.176178	-37.915631
0.001112	-0.604765	-4.918708	-8.197846	-37.988713
0.001259	-0.635341	-4.983435	-8.219504	-38.061797
0.001397	-0.666610	-5.048165	-8.241150	-38.134882
0.001525	-0.699586	-5.112897	-8.262782	-38.207970
0.001644	-0.733832	-5.177633	-8.284399	-38.281059
0.001754	-0.770943	-5.242372	-8.306000	-38.354150
0.001855	-0.808449	-5.307116	-8.327585	-38.427242
0.001948	-0.848010	-5.371864	-8.349151	-38.500334
0.002032	-0.887379	-5.436619	-8.370699	-38.573427
0.002109	-0.927376	-5.501381	-8.392228	-38.646519
0.002178	-0.967878	-5.566150	-8.413738	-38.719609
0.002238	-1.008810	-5.630928	-8.435227	-38.792699
0.002290	-1.050141	-5.695716	-8.456696	-38.865786
0.002334	-1.091889	-5.760513	-8.478145	-38.938870
0.002368	-1.134120	-5.825321	-8.499573	-39.011950
0.002393	-1.176949	-5.890141	-8.520982	-39.085026
0.002407	-1.220554	-5.954974	-8.542370	-39.158096
0.002411	-1.265182	-6.019819	-8.563739	-39.231161
0.002404	-1.311166	-6.084678	-8.585090	-39.304219
0.002384	-1.359944	-6.149551	-8.606422	-39.377270
0.002352	-1.410088	-6.214439	-8.627737	-39.450313
0.002308	-1.464348	-6.279342	-8.649036	-39.523348
0.002250	-1.521712	-6.344259	-8.670320	-39.596373
0.002179	-1.585484	-6.409192	-8.691591	-39.669389
0.002097	-1.656326	-6.474140	-8.712849	-39.742395
0.002006	-1.735983	-6.539103	-8.734097	-39.815391
0.001913	-1.826208	-6.604080	-8.755337	-39.888376
0.001821	-1.929620	-6.669072	-8.776570	-39.961350
0.001737	-2.045352	-6.734078	-8.797798	-40.034313
0.001668	-2.175512	-6.799097	-8.819024	-40.107265
0.001620	-2.316556	-6.864128	-8.840249	-40.180207
0.001597	-2.466887	-6.929172	-8.861477	-40.253137
0.001603	-2.620116	-6.994226	-8.882709	-40.326056
0.001638	-2.769141	-7.059290	-8.903947	-40.398964
0.001699	-2.910604	-7.124362	-8.925194	-40.471862
0.001782	-3.039954	-7.189443	-8.946452	-40.544750
0.001881	3.128503	-7.254531	-8.967723	-40.617628
0.001991	3.026277	-7.319624	-8.989010	-40.690496
0.002105	2.937431	-7.384722	-9.010313	-40.763355
0.002219	2.858386	-7.449824	-9.031635	-40.836205
0.002327	2.789448	-7.514928	-9.052978	-40.909047
0.002426	2.726996	-7.580034	-9.074343	-40.981881
0.002511	2.671548	-7.645140	-9.095730	-41.054709
0.002579	2.620769	-7.710245	-9.117142	-41.127530
0.002628	2.573396	-7.775348	-9.138580	-41.200345
0.002658	2.529167	-7.840449	-9.160042	-41.273155
0.002672	2.485076	-7.905546	-9.181531	-41.345960
0.002672	2.442359	-7.970638	-9.203046	-41.418762
0.002661	2.398440	-8.035725	-9.224587	-41.491562
0.002640	2.354907	-8.100805	-9.246153	-41.564359
0.002614	2.310498	-8.165879	-9.267745	-41.637155
0.002583	2.265106	-8.230945	-9.289362	-41.709950
0.002551	2.218794	-8.296002	-9.311003	-41.782746
0.002520	2.171801	-8.361050	-9.332669	-41.855543
0.002492	2.124559	-8.426088	-9.354357	-41.928342
0.002469	2.077689	-8.491116	-9.376067	-42.001144
0.002452	2.031993	-8.556132	-9.397800	-42.073949
0.002444	1.988418	-8.621137	-9.419553	-42.146758
0.002445	1.948008	-8.686129	-9.441327	-42.219572
0.002455	1.911848	-8.751109	-9.463121	-42.292392
0.002476	1.880991	-8.816075	-9.484935	-42.365218
0.002507	1.855402	-8.881027	-9.506768	-42.438050
0.002550	1.837897	-8.945965	-9.528620	-42.510890
0.002604	1.827107	-9.010887	-9.550491	-42.583737
0.002670	1.825218	-9.075795	-9.572382	-42.656592
0.002746	1.829325	-9.140686	-9.594293	-42.729455
0.002831	1.839241	-9.205562	-9.616225	-42.802326
0.002924	1.853813	-9.270420	-9.638178	-42.875206
0.003024	1.871973	-9.335262	-9.660153	-42.948093
0.003128	1.891762	-9.400087	-9.682152	-43.020990
0.003237	1.914349	-9.464894	-9.704175	-43.093894
0.003349	1.937029	-9.529684	-9.726224	-43.166806
0.003462	1.961220	-9.594455	-9.748301	-43.239726
0.003575	1.984449	-9.659209	-9.770406	-43.312653
0.003685	2.007345	-9.723944	-9.792541	-43.385587
0.003792	2.029620	-9.788661	-9.814707	-43.458528
0.003893	2.051055	-9.853359	-9.836906	-43.531476
0.003987	2.071487	-9.918039	-9.859138	-43.604429
0.004070	2.090795	-9.982701	-9.881406	-43.677389
0.004142	2.108892	-10.047344	-9.903709	-43.750353
0.004199	2.125708	-10.111970	-9.926050	-43.823322
0.004240	2.141187	-10.176577	-9.948428	-43.896295
0.004262	2.156273	-10.241167	-9.970844	-43.969272
0.004263	2.168904	-10.305740	-9.993300	-44.042253
0.004242	2.180064	-10.370295	-10.015794	-44.115237
0.004199	2.189957	-10.434834	-10.038327	-44.188223
0.004136	2.198801	-10.499356	-10.060899	-44.261212
0.004055	2.206785	-10.563863	-10.083509	-44.334203
0.003958	2.215070	-10.628354	-10.106156	-44.407196
0.003846	2.221802	-10.692831	-10.128840	-44.480191
0.003722	2.228120	-10.757294	-10.151560	-44.553187
0.003588	2.235159	-10.821743	-10.174315	-44.626184
0.003444	2.242057	-10.886179	-10.197103	-44.699182
0.003294	2.247965	-10.950603	-10.219923	-44.772180
0.003139	2.255044	-11.015016	-10.242774	-44.845179
0.002981	2.262483	-11.079417	-10.265655	-44.918179
0.002822	2.270496	-11.143809	-10.288564	-44.991178
0.002664	2.280335	-11.208191	-10.311499	-45.064178
0.002509	2.290293	-11.272565	-10.334459	-45.137177
0.002359	2.302705	-11.336930	-10.357443	-45.210176
0.002215	2.315953	-11.401288	-10.380450	-45.283175
0.002081	2.332447	-11.465639	-10.403478	-45.356172
0.001957	2.351603	-11.529984	-10.426525	-45.429169
0.001846	2.374791	-11.594324	-10.449591	-45.502165
0.001751	2.400180	-11.658658	-10.472676	-45.575159
0.001669	2.429405	-11.722989	-10.495776	-45.648152
0.001600	2.460840	-11.787316	-10.518894	-45.721143
0.001543	2.493713	-11.851639	-10.542026	-45.794132
0.001496	2.527159	-11.915960	-10.565174	-45.867119
0.001458	2.561276	-11.980279	-10.588336	-45.940103
0.001427	2.593190	-12.044595	-10.611512	-46.013084
0.001402	2.624104	-12.108911	-10.634703	-46.086062
0.001380	2.652325	-12.173225	-10.657907	-46.159036
0.001361	2.677270	-12.237538	-10.681124	-46.232007
0.001341	2.698454	-12.301851	-10.704354	-46.304974
0.001320	2.715453	-12.366164	-10.727597	-46.377938
0.001296	2.727856	-12.430476	-10.750853	-46.450898
0.001267	2.735198	-12.494789	-10.774121	-46.523853
0.001232	2.736878	-12.559102	-10.797401	-46.596805
0.001188	2.732044	-12.623414	-10.820692	-46.669753
0.001136	2.719424	-12.687727	-10.843995	-46.742697
0.001074	2.697064	-12.752040	-10.867309	-46.815638
0.001001	2.661873	-12.816352	-10.890634	-46.888575
0.000918	2.607843	-12.880664	-10.913967	-46.961511
0.000826	2.529196	-12.944975	-10.937310	-47.034444
0.000730	2.413559	-13.009285	-10.960661	-47.107375
0.000637	2.246849	-13.073593	-10.984019	-47.180306
0.000562	2.011226	-13.137899	-11.007383	-47.253237
0.000522	1.701992	-13.202202	-11.030751	-47.326169
0.000536	1.356735	-13.266502	-11.054123	-47.399102
0.000607	1.043385	-13.330797	-11.077497	-47.472039
0.000725	0.798641	-13.395088	-11.100872	-47.544979
0.000874	0.617176	-13.459374	-11.124245	-47.617925
0.001045	0.480835	-13.523654	-11.147616	-47.690876
0.001229	0.375207	-13.587928	-11.170982	-47.763835
0.001424	0.287844	-13.652195	-11.194342	-47.836801
0.001627	0.213012	-13.716455	-11.217693	-47.909777
0.001836	0.147354	-13.780708	-11.241033	-47.982762
0.002050	0.085992	-13.844953	-11.264360	-48.055758
0.002270	0.028981	-13.909191	-11.287672	-48.128765
0.002494	-0.025019	-13.973421	-11.310967	-48.201785
0.002725	-0.078938	-14.037644	-11.334241	-48.274817
0.002962	-0.131419	-14.101860	-11.357493	-48.347863
0.003208	-0.183889	-14.166070	-11.380719	-48.420922
0.003463	-0.235422	-14.230274	-11.403917	-48.493996
0.003731	-0.286297	-14.294473	-11.427084	-48.567083
0.004012	-0.335747	-14.358669	-11.450216	-48.640185
0.004309	-0.382173	-14.422862	-11.473311	-48.713300
0.004622	-0.426125	-14.487054	-11.496365	-48.786430
0.004951	-0.467296	-14.551247	-11.519375	-48.859573
0.005296	-0.505498	-14.615441	-11.542337	-48.932729
0.005656	-0.539643	-14.679639	-11.565248	-49.005899
0.006031	-0.570723	-14.743842	-11.588104	-49.079081
0.006418	-0.598788	-14.808051	-11.610901	-49.152275
0.006818	-0.623929	-14.872270	-11.633636	-49.225481
0.007228	-0.645265	-14.936500	-11.656305	-49.298698
0.007647	-0.664933	-15.000741	-11.678903	-49.371926
0.008073	-0.681073	-15.064997	-11.701427	-49.445165
0.008504	-0.695830	-15.129269	-11.723872	-49.518414
0.008938	-0.707342	-15.193558	-11.746234	-49.591672
0.009374	-0.717740	-15.257867	-11.768510	-49.664940
0.009810	-0.725148	-15.322196	-11.790695	-49.738218
0.010243	-0.731676	-15.386547	-11.812785	-49.811505
0.010673	-0.736427	-15.450922	-11.834776	-49.884801
0.011097	-0.739516	-15.515322	-11.856663	-49.958106
0.011516	-0.741151	-15.579748	-11.878443	-50.031420
0.011928	-0.741530	-15.644202	-11.900111	-50.104743
0.012335	-0.741820	-15.708683	-11.921663	-50.178076
0.012737	-0.740164	-15.773193	-11.943096	-50.251418
0.013133	-0.738683	-15.837733	-11.964406	-50.324770
0.013524	-0.735481	-15.902303	-11.985588	-50.398133
0.013911	-0.732651	-15.966904	-12.006639	-50.471506
0.014293	-0.728270	-16.031536	-12.027555	-50.544890
0.014671	-0.723408	-16.096199	-12.048332	-50.618286
0.015045	-0.719125	-16.160894	-12.068966	-50.691695
0.015415	-0.713476	-16.225621	-12.089454	-50.765116
0.015783	-0.707510	-16.290380	-12.109792	-50.838551
0.016148	-0.701268	-16.355170	-12.129975	-50.912001
0.016510	-0.693790	-16.419993	-12.150001	-50.985465
0.016870	-0.686110	-16.484846	-12.169866	-51.058947
0.017229	-0.678261	-16.549730	-12.189566	-51.132445
0.017587	-0.669270	-16.614644	-12.209097	-51.205962
0.017944	-0.660165	-16.679588	-12.228455	-51.279498
0.018301	-0.649968	-16.744560	-12.247638	-51.353055
0.000000	0.000000	-16.744560	-12.247638	-51.353055
