0.050975	-0.827657	0.000000	0.000000	0.000000
0.046620	-0.788179	0.099999	0.000345	-0.000375
0.042346	-0.741867	0.199994	0.001019	-0.001081
0.038187	-0.687108	0.299984	0.002004	-0.002073
0.034179	-0.621766	0.399968	0.003285	-0.003307
0.030364	-0.543016	0.499946	0.004844	-0.004741
0.026798	-0.448177	0.599917	0.006663	-0.006331
0.023549	-0.330679	0.699881	0.008723	-0.008037
0.020702	-0.187440	0.799839	0.011006	-0.009819
0.018364	-0.013300	0.899792	0.013492	-0.011641
0.016645	0.191867	0.999739	0.016161	-0.013464
0.015631	0.420218	1.099683	0.018994	-0.015256
0.015331	0.655333	1.199624	0.021970	-0.016983
0.015655	0.878606	1.299563	0.025067	-0.018618
0.016441	1.076839	1.399500	0.028264	-0.020132
0.017510	1.247964	1.499437	0.031539	-0.021501
0.018709	1.396032	1.599374	0.034870	-0.022704
0.019924	1.524421	1.699313	0.038233	-0.023723
0.021076	1.639653	1.799252	0.041605	-0.024542
0.022114	1.746624	1.899194	0.044962	-0.025152
0.023012	1.849504	1.999138	0.048281	-0.025544
0.023769	1.951683	2.099085	0.051537	-0.025714
0.024430	2.055164	2.199035	0.054704	-0.025664
0.025051	2.159927	2.298988	0.057758	-0.025398
0.025695	2.268160	2.398944	0.060672	-0.024923
0.026419	2.377330	2.498904	0.063421	-0.024252
0.027277	2.488274	2.598868	0.065979	-0.023398
0.028314	2.597380	2.698835	0.068321	-0.022378
0.029561	2.704825	2.798807	0.070420	-0.021212
0.031034	2.806850	2.898781	0.072252	-0.019921
0.032735	2.902983	2.998760	0.073790	-0.018528
0.034654	2.993174	3.098742	0.075010	-0.017058
0.036768	3.074829	3.198726	0.075888	-0.015537
0.039049	-3.134430	3.298713	0.076398	-0.013992
0.041464	-3.068110	3.398701	0.076519	-0.012449
0.043976	-3.008069	3.498689	0.076225	-0.010938
0.046551	-2.955860	3.598676	0.075496	-0.009485
0.049149	-2.909990	3.698660	0.074309	-0.008119
0.051737	-2.869966	3.798638	0.072645	-0.006866
0.054278	-2.834330	3.898608	0.070482	-0.005753
0.056738	-2.804671	3.998568	0.067802	-0.004804
0.059090	-2.779542	4.098513	0.064587	-0.004043
0.061324	-2.757195	4.198441	0.060819	-0.003492
0.063437	-2.738938	4.298346	0.056484	-0.003172
0.065428	-2.723207	4.398225	0.051567	-0.003102
0.067302	-2.709541	4.498073	0.046052	-0.003298
0.069061	-2.696557	4.597884	0.039928	-0.003776
0.070711	-2.685929	4.697654	0.033183	-0.004553
0.072257	-2.676380	4.797375	0.025804	-0.005641
0.073707	-2.666670	4.897043	0.017783	-0.007054
0.075068	-2.658587	4.996650	0.009108	-0.008805
0.076346	-2.650943	5.096192	-0.000227	-0.010905
0.077552	-2.642567	5.195660	-0.010231	-0.013366
0.078691	-2.635306	5.295047	-0.020912	-0.016197
0.079774	-2.627016	5.394348	-0.032275	-0.019411
0.080809	-2.619565	5.493553	-0.044326	-0.023016
0.081804	-2.610831	5.592657	-0.057070	-0.027025
0.082770	-2.602699	5.691651	-0.070511	-0.031447
0.083715	-2.593061	5.790527	-0.084654	-0.036293
0.084651	-2.583818	5.889278	-0.099501	-0.041574
0.085587	-2.572878	5.987894	-0.115054	-0.047301
0.086532	-2.561183	6.086369	-0.131316	-0.053487
0.087489	-2.549792	6.184693	-0.148287	-0.060145
0.088457	-2.536788	6.282858	-0.165969	-0.067288
0.089438	-2.523252	6.380855	-0.184361	-0.074930
0.090432	-2.509259	6.478674	-0.203464	-0.083087
0.091438	-2.495884	6.576306	-0.223275	-0.091772
0.092456	-2.481195	6.673742	-0.243795	-0.101002
0.093487	-2.467259	6.770972	-0.265020	-0.110792
0.094528	-2.452141	6.867986	-0.286949	-0.121159
0.095579	-2.437898	6.964773	-0.309579	-0.132118
0.096639	-2.422588	7.061324	-0.332907	-0.143685
0.097706	-2.408264	7.157627	-0.356929	-0.155879
0.098780	-2.393976	7.253672	-0.381640	-0.168713
0.099856	-2.378770	7.349447	-0.407037	-0.182206
0.100935	-2.364689	7.444942	-0.433115	-0.196374
0.102012	-2.351775	7.540144	-0.459868	-0.211233
0.103086	-2.338065	7.635042	-0.487291	-0.226798
0.104152	-2.324594	7.729625	-0.515379	-0.243085
0.105210	-2.312393	7.823879	-0.544125	-0.260109
0.106254	-2.299492	7.917792	-0.573524	-0.277885
0.107282	-2.287911	8.011352	-0.603569	-0.296427
0.108293	-2.276638	8.104547	-0.634253	-0.315749
0.109286	-2.265653	8.197362	-0.665570	-0.335863
0.110262	-2.254938	8.289785	-0.697512	-0.356784
0.111219	-2.244475	8.381802	-0.730073	-0.378522
0.112157	-2.235248	8.473401	-0.763245	-0.401090
0.113075	-2.225241	8.564567	-0.797021	-0.424498
0.113975	-2.215439	8.655287	-0.831392	-0.448757
0.114855	-2.206827	8.745547	-0.866351	-0.473878
0.115715	-2.197392	8.835332	-0.901890	-0.499870
0.116555	-2.189120	8.924630	-0.937999	-0.526742
0.117375	-2.179998	9.013425	-0.974670	-0.554503
0.118175	-2.171016	9.101703	-1.011893	-0.583162
0.118955	-2.162160	9.189451	-1.049659	-0.612727
0.119715	-2.153421	9.276654	-1.087958	-0.643205
0.120455	-2.144788	9.363297	-1.126778	-0.674604
0.121175	-2.136249	9.449367	-1.166109	-0.706931
0.121875	-2.127797	9.534849	-1.205939	-0.740192
0.122556	-2.119420	9.619730	-1.246258	-0.774394
0.123217	-2.110110	9.703993	-1.287053	-0.809542
0.123859	-2.100862	9.787627	-1.328312	-0.845642
0.124479	-2.091680	9.870616	-1.370020	-0.882700
0.125077	-2.082574	9.952946	-1.412164	-0.920719
0.125651	-2.073550	10.034605	-1.454731	-0.959706
0.126199	-2.064617	10.115578	-1.497705	-0.999663
0.126719	-2.054782	10.195852	-1.541072	-1.040594
0.127209	-2.045050	10.275414	-1.584817	-1.082504
0.127668	-2.036427	10.354250	-1.628923	-1.125393
0.128094	-2.025921	10.432348	-1.673374	-1.169266
0.128484	-2.016535	10.509695	-1.718154	-1.214123
0.128838	-2.007276	10.586280	-1.763245	-1.259966
0.129152	-1.997147	10.662090	-1.808631	-1.306795
0.129425	-1.988155	10.737114	-1.854293	-1.354611
0.129655	-1.978302	10.811340	-1.900215	-1.403413
0.129840	-1.968595	10.884759	-1.946378	-1.453200
0.129978	-1.959036	10.957359	-1.992763	-1.503970
0.130066	-1.949630	11.029131	-2.039352	-1.555721
0.130103	-1.939381	11.100066	-2.086127	-1.608450
0.130087	-1.930293	11.170155	-2.133069	-1.662153
0.130014	-1.921370	11.239390	-2.180158	-1.716826
0.129886	-1.911608	11.307762	-2.227378	-1.772464
0.129711	-1.901968	11.375266	-2.274707	-1.829060
0.129498	-1.892406	11.441894	-2.322129	-1.886610
0.129258	-1.882877	11.507641	-2.369623	-1.945105
0.129002	-1.873341	11.572501	-2.417170	-2.004539
0.128740	-1.863755	11.636469	-2.464752	-2.064905
0.128484	-1.854083	11.699541	-2.512350	-2.126194
0.128243	-1.843285	11.761712	-2.559945	-2.188399
0.128030	-1.832328	11.822978	-2.607517	-2.251513
0.127855	-1.822177	11.883335	-2.655047	-2.315528
0.127730	-1.809801	11.942781	-2.702514	-2.380437
0.127665	-1.798171	12.001311	-2.749897	-2.446232
0.127673	-1.786261	12.058922	-2.797176	-2.512908
0.127764	-1.773050	12.115611	-2.844330	-2.580458
0.127952	-1.759518	12.171374	-2.891336	-2.648875
0.128247	-1.745651	12.226207	-2.938170	-2.718156
0.128661	-1.730438	12.280108	-2.984810	-2.788294
0.129208	-1.714874	12.333073	-3.031230	-2.859287
0.129898	-1.698960	12.385096	-3.077404	-2.931131
0.130745	-1.681700	12.436175	-3.123305	-3.003823
0.131755	-1.664133	12.486303	-3.168904	-3.077361
0.132912	-1.646401	12.535477	-3.214170	-3.151744
0.134192	-1.627665	12.583691	-3.259074	-3.226971
0.135573	-1.610073	12.630939	-3.303582	-3.303042
0.137030	-1.591757	12.677214	-3.347661	-3.379954
0.138539	-1.573841	12.722512	-3.391278	-3.457708
0.140072	-1.557433	12.766825	-3.434400	-3.536301
0.141606	-1.540630	12.810147	-3.476993	-3.615731
0.143113	-1.526522	12.852471	-3.519022	-3.695994
0.144568	-1.513187	12.893791	-3.560459	-3.777085
0.145942	-1.501698	12.934098	-3.601272	-3.858997
0.147211	-1.492126	12.973383	-3.641433	-3.941724
0.148347	-1.484538	13.011639	-3.680916	-4.025256
0.149324	-1.480001	13.048856	-3.719700	-4.109581
0.150116	-1.477585	13.085022	-3.757765	-4.194687
0.150697	-1.478365	13.120126	-3.795096	-4.280560
0.151042	-1.481427	13.154155	-3.831683	-4.367182
0.151127	-1.487863	13.187097	-3.867520	-4.454535
0.150930	-1.496785	13.218937	-3.902604	-4.542600
0.150427	-1.508320	13.249661	-3.936941	-4.631352
0.149607	-1.523573	13.279256	-3.970539	-4.720769
0.148493	-1.541475	13.307708	-4.003412	-4.810823
0.147117	-1.561923	13.335004	-4.035581	-4.901488
0.145511	-1.582819	13.361132	-4.067069	-4.992734
0.143706	-1.606063	13.386084	-4.097902	-5.084531
0.141735	-1.630556	13.409850	-4.128112	-5.176849
0.139628	-1.655189	13.432426	-4.157728	-5.269656
0.137415	-1.679841	13.453807	-4.186785	-5.362922
0.135124	-1.705378	13.473994	-4.215315	-5.456616
0.132781	-1.731646	13.492987	-4.243352	-5.550707
0.130412	-1.756468	13.510789	-4.270931	-5.645166
0.128039	-1.781644	13.527406	-4.298084	-5.739964
0.125683	-1.806944	13.542845	-4.324845	-5.835072
0.123362	-1.830109	13.557113	-4.351244	-5.930463
0.121092	-1.852849	13.570222	-4.377311	-6.026112
0.118885	-1.873842	13.582182	-4.403074	-6.121993
0.116752	-1.893734	13.593005	-4.428557	-6.218084
0.114703	-1.910141	13.602705	-4.453786	-6.314362
0.112743	-1.924650	13.611295	-4.478777	-6.410807
0.110881	-1.935820	13.618789	-4.503549	-6.507400
0.109118	-1.943271	13.625202	-4.528112	-6.604124
0.107447	-1.946954	13.630549	-4.552475	-6.700963
0.105857	-1.946915	13.634844	-4.576642	-6.797904
0.104342	-1.943220	13.638102	-4.600614	-6.894934
0.102898	-1.935951	13.640339	-4.624386	-6.992041
0.101523	-1.926202	13.641571	-4.647952	-7.089217
0.100216	-1.913087	13.641812	-4.671302	-7.186453
0.098977	-1.895730	13.641078	-4.694425	-7.283740
0.097808	-1.876276	13.639386	-4.717306	-7.381072
0.096711	-1.853881	13.636752	-4.739926	-7.478445
0.095687	-1.828718	13.633193	-4.762266	-7.575852
0.094738	-1.801976	13.628727	-4.784305	-7.673291
0.093865	-1.771856	13.623370	-4.806021	-7.770758
0.093067	-1.740572	13.617141	-4.827389	-7.868249
0.092344	-1.706349	13.610061	-4.848384	-7.965764
0.091692	-1.671420	13.602148	-4.868979	-8.063300
0.091108	-1.636025	13.593424	-4.889147	-8.160856
0.090585	-1.599404	13.583910	-4.908863	-8.258430
0.090114	-1.562798	13.573627	-4.928098	-8.356022
0.089688	-1.527446	13.562599	-4.946828	-8.453632
0.089294	-1.492555	13.550848	-4.965028	-8.551257
0.088924	-1.459221	13.538396	-4.982674	-8.648897
0.088569	-1.426508	13.525266	-4.999745	-8.746550
0.088219	-1.396474	13.511480	-5.016222	-8.844215
0.087865	-1.368171	13.497059	-5.032085	-8.941890
0.087498	-1.342646	13.482025	-5.047320	-9.039573
0.087107	-1.317941	13.466397	-5.061912	-9.137260
0.086683	-1.296092	13.450194	-5.075850	-9.234950
0.086217	-1.275134	13.433434	-5.089123	-9.332638
0.085698	-1.257100	13.416136	-5.101723	-9.430321
0.085117	-1.241020	13.398316	-5.113643	-9.527996
0.084464	-1.226925	13.379988	-5.124880	-9.625658
0.083730	-1.213848	13.361169	-5.135430	-9.723303
0.082906	-1.202822	13.341872	-5.145294	-9.820926
0.081983	-1.193888	13.322110	-5.154471	-9.918523
0.080951	-1.186091	13.301896	-5.162965	-10.016090
0.079803	-1.179485	13.281242	-5.170781	-10.113621
0.078530	-1.175134	13.260160	-5.177924	-10.211112
0.077125	-1.171117	13.238660	-5.184403	-10.308559
0.075579	-1.169531	13.216755	-5.190229	-10.405956
0.073888	-1.168471	13.194454	-5.195412	-10.503300
0.072062	-1.168968	13.171769	-5.199968	-10.600586
0.070112	-1.171045	13.148709	-5.203911	-10.697811
0.068050	-1.173747	13.125285	-5.207258	-10.794971
0.065891	-1.179140	13.101507	-5.210028	-10.892064
0.063648	-1.185306	13.077384	-5.212241	-10.989085
0.061334	-1.193354	13.052926	-5.213917	-11.086034
0.058964	-1.203411	13.028143	-5.215080	-11.182907
0.056554	-1.215630	13.003042	-5.215752	-11.279703
0.054118	-1.230189	12.977631	-5.215956	-11.376421
0.051673	-1.247290	12.951920	-5.215719	-11.473059
0.049235	-1.266162	12.925915	-5.215063	-11.569616
0.046823	-1.289052	12.899623	-5.214016	-11.666092
0.044452	-1.315226	12.873051	-5.212603	-11.762487
0.042142	-1.343957	12.846205	-5.210849	-11.858800
0.039911	-1.377509	12.819091	-5.208780	-11.955032
0.037779	-1.414116	12.791714	-5.206423	-12.051182
0.035764	-1.455947	12.764078	-5.203802	-12.147252
0.033886	-1.501064	12.736189	-5.200942	-12.243242
0.032160	-1.551372	12.708050	-5.197868	-12.339152
0.030603	-1.604614	12.679664	-5.194602	-12.434983
0.029219	-1.662543	12.651034	-5.191169	-12.530735
0.028013	-1.723782	12.622164	-5.187590	-12.626410
0.026986	-1.786768	12.593056	-5.183885	-12.722008
0.026137	-1.852751	12.563711	-5.180076	-12.817530
0.025461	-1.919829	12.534130	-5.176180	-12.912975
0.024952	-1.986996	12.504317	-5.172218	-13.008345
0.024600	-2.053212	12.474270	-5.168207	-13.103640
0.024391	-2.117485	12.443991	-5.164163	-13.198860
0.024310	-2.178930	12.413481	-5.160102	-13.294006
0.024341	-2.236826	12.382739	-5.156040	-13.389076
0.024466	-2.290631	12.351766	-5.151990	-13.484073
0.024668	-2.339990	12.320561	-5.147965	-13.578994
0.024930	-2.385713	12.289125	-5.143979	-13.673840
0.025238	-2.425745	12.257456	-5.140042	-13.768612
0.025577	-2.462137	12.225554	-5.136165	-13.863307
0.025935	-2.494012	12.193418	-5.132357	-13.957926
0.026300	-2.520540	12.161047	-5.128629	-14.052468
0.026663	-2.543912	12.128440	-5.124987	-14.146933
0.027017	-2.564327	12.095596	-5.121438	-14.241319
0.027354	-2.580011	12.062514	-5.117990	-14.335625
0.027671	-2.592297	12.029193	-5.114647	-14.429851
0.027966	-2.602523	11.995631	-5.111413	-14.523996
0.028238	-2.608999	11.961828	-5.108293	-14.618057
0.028486	-2.614008	11.927781	-5.105289	-14.712035
0.028711	-2.616809	11.893489	-5.102403	-14.805927
0.028915	-2.616645	11.858952	-5.099638	-14.899733
0.029097	-2.615739	11.824167	-5.096994	-14.993451
0.029260	-2.612303	11.789133	-5.094471	-15.087079
0.029405	-2.608538	11.753850	-5.092070	-15.180617
0.029534	-2.602636	11.718314	-5.089790	-15.274062
0.029648	-2.595784	11.682525	-5.087629	-15.367414
0.029750	-2.588163	11.646482	-5.085588	-15.460670
0.029840	-2.579951	11.610184	-5.083663	-15.553829
0.029921	-2.571325	11.573627	-5.081853	-15.646890
0.029993	-2.561458	11.536813	-5.080157	-15.739852
0.030057	-2.552523	11.499739	-5.078571	-15.832712
0.030115	-2.541693	11.462404	-5.077093	-15.925469
0.030166	-2.532141	11.424806	-5.075720	-16.018122
0.030213	-2.522039	11.386946	-5.074451	-16.110669
0.030254	-2.512528	11.348822	-5.073282	-16.203109
0.030289	-2.502633	11.310432	-5.072210	-16.295441
0.030319	-2.494349	11.271777	-5.071234	-16.387663
0.030344	-2.485671	11.232855	-5.070350	-16.479773
0.030362	-2.476597	11.193667	-5.069556	-16.571771
0.030375	-2.469121	11.154211	-5.068850	-16.663655
0.030381	-2.461244	11.114487	-5.068230	-16.755425
0.030382	-2.453962	11.074495	-5.067693	-16.847078
0.030376	-2.447275	11.034234	-5.067237	-16.938614
0.030364	-2.441184	10.993705	-5.066860	-17.030033
0.030346	-2.436689	10.952908	-5.066561	-17.121331
0.030322	-2.431791	10.911843	-5.066337	-17.212510
0.030292	-2.427493	10.870510	-5.066188	-17.303568
0.030256	-2.423797	10.828909	-5.066113	-17.394504
0.030215	-2.421708	10.787041	-5.066109	-17.485318
0.030168	-2.419229	10.744907	-5.066176	-17.576008
0.030116	-2.418366	10.702507	-5.066314	-17.666574
0.030060	-2.418124	10.659842	-5.066522	-17.757016
0.029999	-2.419509	10.616912	-5.066800	-17.847332
0.029934	-2.421529	10.573720	-5.067148	-17.937522
0.029864	-2.424178	10.530265	-5.067567	-18.027586
0.029792	-2.427409	10.486550	-5.068057	-18.117524
0.029715	-2.432163	10.442575	-5.068618	-18.207334
0.029635	-2.437381	10.398341	-5.069253	-18.297017
0.029551	-2.443004	10.353851	-5.069962	-18.386572
0.029464	-2.449971	10.309106	-5.070747	-18.475999
0.029373	-2.457223	10.264106	-5.071609	-18.565298
0.029278	-2.464699	10.218855	-5.072551	-18.654469
0.029178	-2.472339	10.173353	-5.073574	-18.743511
0.029075	-2.481083	10.127603	-5.074680	-18.832425
0.028967	-2.488868	10.081606	-5.075871	-18.921211
0.028855	-2.497633	10.035365	-5.077149	-19.009868
0.028737	-2.506314	9.988881	-5.078517	-19.098397
0.028613	-2.513850	9.942156	-5.079975	-19.186798
0.028483	-2.522176	9.895193	-5.081526	-19.275071
0.028347	-2.530226	9.847994	-5.083171	-19.363215
0.028203	-2.537936	9.800560	-5.084913	-19.451233
0.028051	-2.545237	9.752895	-5.086752	-19.539123
0.027890	-2.552061	9.704999	-5.088691	-19.626885
0.027721	-2.558337	9.656877	-5.090729	-19.714522
0.027541	-2.564006	9.608530	-5.092869	-19.802031
0.027352	-2.569065	9.559960	-5.095111	-19.889415
0.027155	-2.572527	9.511169	-5.097456	-19.976673
0.026951	-2.576400	9.462161	-5.099903	-20.063807
0.026741	-2.578692	9.412937	-5.102454	-20.150815
0.026526	-2.581411	9.363499	-5.105107	-20.237700
0.026307	-2.582563	9.313851	-5.107862	-20.324460
0.026086	-2.584154	9.263993	-5.110719	-20.411098
0.025863	-2.584190	9.213929	-5.113678	-20.497613
0.025639	-2.583675	9.163660	-5.116738	-20.584006
0.025417	-2.582617	9.113189	-5.119896	-20.670277
0.025197	-2.581021	9.062517	-5.123154	-20.756426
0.024980	-2.578893	9.011647	-5.126508	-20.842455
0.024768	-2.576243	8.960580	-5.129958	-20.928364
0.024562	-2.572079	8.909318	-5.133503	-21.014152
0.024363	-2.568412	8.857862	-5.137140	-21.099821
0.024173	-2.563256	8.806215	-5.140868	-21.185370
0.023993	-2.558626	8.754377	-5.144685	-21.270800
0.023824	-2.552539	8.702350	-5.148590	-21.356111
0.023668	-2.546017	8.650135	-5.152580	-21.441303
0.023525	-2.539092	8.597733	-5.156653	-21.526376
0.023396	-2.531839	8.545145	-5.160808	-21.611330
0.023280	-2.524340	8.492372	-5.165042	-21.696166
0.023176	-2.516683	8.439414	-5.169353	-21.780882
0.023084	-2.508957	8.386272	-5.173739	-21.865480
0.023002	-2.501249	8.332947	-5.178199	-21.949958
0.022930	-2.492649	8.279438	-5.182729	-22.034316
0.022868	-2.485246	8.225747	-5.187329	-22.118554
0.022813	-2.478128	8.171873	-5.191996	-22.202672
0.022767	-2.471385	8.117817	-5.196729	-22.286670
0.022726	-2.465104	8.063579	-5.201525	-22.370546
0.022691	-2.459369	8.009160	-5.206384	-22.454301
0.022660	-2.454268	7.954558	-5.211304	-22.537935
0.022633	-2.449885	7.899776	-5.216283	-22.621446
0.022608	-2.447302	7.844813	-5.221322	-22.704834
0.022585	-2.444602	7.789669	-5.226418	-22.788100
0.022562	-2.443869	7.734344	-5.231572	-22.871242
0.022538	-2.444185	7.678840	-5.236783	-22.954261
0.022514	-2.445632	7.623156	-5.242051	-23.037156
0.022487	-2.449295	7.567294	-5.247376	-23.119927
0.022458	-2.453227	7.511253	-5.252760	-23.202574
0.022427	-2.459358	7.455035	-5.258202	-23.285096
0.022393	-2.467587	7.398640	-5.263704	-23.367493
0.022356	-2.475813	7.342070	-5.269268	-23.449767
0.022318	-2.485934	7.285325	-5.274896	-23.531915
0.022277	-2.496851	7.228407	-5.280588	-23.613939
0.022234	-2.508463	7.171317	-5.286349	-23.695838
0.022189	-2.520669	7.114056	-5.292179	-23.777614
0.022141	-2.533368	7.056625	-5.298081	-23.859265
0.022091	-2.546461	6.999028	-5.304057	-23.940793
0.022039	-2.560846	6.941263	-5.310111	-24.022197
0.021983	-2.574424	6.883335	-5.316245	-24.103479
0.021924	-2.588094	6.825243	-5.322462	-24.184637
0.021861	-2.602756	6.766991	-5.328763	-24.265674
0.021793	-2.616311	6.708579	-5.335152	-24.346589
0.021719	-2.629659	6.650010	-5.341631	-24.427383
0.021640	-2.642700	6.591285	-5.348202	-24.508057
0.021553	-2.656335	6.532407	-5.354867	-24.588611
0.021457	-2.668463	6.473378	-5.361630	-24.669046
0.021352	-2.679982	6.414199	-5.368491	-24.749363
0.021236	-2.689824	6.354873	-5.375452	-24.829563
0.021109	-2.700058	6.295401	-5.382514	-24.909645
0.020970	-2.709792	6.235785	-5.389680	-24.989612
0.020819	-2.718131	6.176028	-5.396949	-25.069464
0.020655	-2.727187	6.116132	-5.404322	-25.149201
0.020478	-2.735070	6.056099	-5.411801	-25.228826
0.020287	-2.742897	5.995931	-5.419385	-25.308339
0.020083	-2.750788	5.935630	-5.427076	-25.387740
0.019865	-2.757868	5.875198	-5.434873	-25.467033
0.019633	-2.766269	5.814639	-5.442776	-25.546216
0.019387	-2.775128	5.753953	-5.450785	-25.625293
0.019128	-2.783596	5.693145	-5.458901	-25.704265
0.018855	-2.792830	5.632216	-5.467123	-25.783132
0.018569	-2.803001	5.571170	-5.475452	-25.861898
0.018271	-2.814294	5.510009	-5.483886	-25.940563
0.017960	-2.826911	5.448736	-5.492427	-26.019130
0.017638	-2.840070	5.387355	-5.501074	-26.097600
0.017305	-2.856013	5.325869	-5.509826	-26.175977
0.016964	-2.873002	5.264282	-5.518685	-26.254261
0.016616	-2.892325	5.202597	-5.527650	-26.332457
0.016263	-2.914211	5.140818	-5.536722	-26.410567
0.015910	-2.937554	5.078949	-5.545901	-26.488593
0.015562	-2.964133	5.016995	-5.555187	-26.566538
0.015222	-2.991683	4.954960	-5.564581	-26.644406
0.014893	-3.021884	4.892849	-5.574084	-26.722200
0.014579	-3.052364	4.830665	-5.583695	-26.799922
0.014282	-3.083691	4.768413	-5.593417	-26.877577
0.014002	-3.115377	4.706099	-5.603249	-26.955167
0.013740	3.136299	4.643725	-5.613192	-27.032695
0.013495	3.105551	4.581296	-5.623247	-27.110165
0.013266	3.076179	4.518816	-5.633413	-27.187579
0.013050	3.047826	4.456289	-5.643692	-27.264940
0.012844	3.023158	4.393718	-5.654082	-27.342251
0.012645	3.001853	4.331106	-5.664584	-27.419513
0.012449	2.983610	4.268456	-5.675198	-27.496729
0.012252	2.971154	4.205770	-5.685922	-27.573901
0.012051	2.963246	4.143050	-5.696756	-27.651029
0.011844	2.961706	4.080297	-5.707697	-27.728116
0.011630	2.967425	4.017512	-5.718745	-27.805161
0.011409	2.980391	3.954695	-5.729898	-27.882166
0.011187	3.002358	3.891846	-5.741151	-27.959129
0.010980	3.032748	3.828964	-5.752504	-28.036051
0.010806	3.070388	3.766047	-5.763951	-28.112930
0.010684	3.113701	3.703093	-5.775489	-28.189766
0.010630	-3.123528	3.640098	-5.787115	-28.266555
0.010656	-3.076365	3.577061	-5.798826	-28.343296
0.010771	-3.030663	3.513978	-5.810618	-28.419986
0.010980	-2.988079	3.450845	-5.822490	-28.496624
0.011283	-2.953991	3.387658	-5.834440	-28.573205
0.011678	-2.927303	3.324414	-5.846466	-28.649727
0.012165	-2.910335	3.261110	-5.858570	-28.726186
0.012741	-2.903828	3.197740	-5.870753	-28.802579
0.013410	-2.907988	3.134303	-5.883019	-28.878903
0.014177	-2.922570	3.070795	-5.895371	-28.955153
0.015055	-2.946945	3.007213	-5.907817	-29.031327
0.016058	-2.979162	2.943554	-5.920365	-29.107420
0.017210	-3.020005	2.879818	-5.933025	-29.183429
0.018535	-3.067054	2.816002	-5.945811	-29.259351
0.020063	-3.117761	2.752107	-5.958737	-29.335181
0.021826	3.111643	2.688132	-5.971822	-29.410918
0.023849	3.056560	2.624079	-5.985085	-29.486558
0.026136	3.002543	2.559950	-5.998552	-29.562097
0.028676	2.951339	2.495749	-6.012247	-29.637533
0.031455	2.904930	2.431478	-6.026199	-29.712863
0.034448	2.862737	2.367144	-6.040440	-29.788084
0.037631	2.824805	2.302750	-6.055001	-29.863194
0.040976	2.789959	2.238304	-6.069916	-29.938189
0.044453	2.759902	2.173812	-6.085222	-30.013066
0.048034	2.734289	2.109282	-6.100953	-30.087821
0.051686	2.710766	2.044722	-6.117147	-30.162452
0.055380	2.689997	1.980139	-6.133841	-30.236953
0.059086	2.671675	1.915545	-6.151073	-30.311321
0.062773	2.655525	1.850947	-6.168879	-30.385551
0.066411	2.642306	1.786356	-6.187296	-30.459638
0.069969	2.629810	1.721782	-6.206360	-30.533576
0.073419	2.618857	1.657236	-6.226105	-30.607359
0.076730	2.609297	1.592728	-6.246566	-30.680980
0.079873	2.602001	1.528270	-6.267774	-30.754433
0.082818	2.594862	1.463871	-6.289759	-30.827710
0.085537	2.588796	1.399544	-6.312548	-30.900803
0.088006	2.582713	1.335298	-6.336167	-30.973705
0.090229	2.578475	1.271146	-6.360638	-31.046407
0.092216	2.574953	1.207097	-6.385981	-31.118902
0.093977	2.572046	1.143162	-6.412213	-31.191181
0.095524	2.568667	1.079351	-6.439349	-31.263235
0.096867	2.566748	1.015673	-6.467401	-31.335056
0.098016	2.564229	0.952139	-6.496381	-31.406635
0.098984	2.563061	0.888757	-6.526296	-31.477964
0.099779	2.561200	0.825537	-6.557153	-31.549035
0.100415	2.559610	0.762487	-6.588957	-31.619839
0.100901	2.559257	0.699616	-6.621709	-31.690370
0.101248	2.558112	0.636931	-6.655412	-31.760617
0.101469	2.558149	0.574441	-6.690066	-31.830575
0.101573	2.557343	0.512152	-6.725668	-31.900235
0.101572	2.557671	0.450071	-6.762217	-31.969591
0.101477	2.557111	0.388205	-6.799708	-32.038634
0.101300	2.557643	0.326560	-6.838137	-32.107359
0.101051	2.558247	0.265142	-6.877498	-32.175759
0.100741	2.557902	0.203956	-6.917785	-32.243826
0.100382	2.558589	0.143007	-6.958991	-32.311557
0.099984	2.559290	0.082301	-7.001109	-32.378943
0.099549	2.560000	0.021842	-7.044129	-32.445980
0.099079	2.561714	-0.038365	-7.088046	-32.512662
0.098576	2.562429	-0.098317	-7.132849	-32.578982
0.098043	2.563141	-0.158011	-7.178529	-32.644937
0.097480	2.563845	-0.217441	-7.225079	-32.710520
0.096890	2.565538	-0.276605	-7.272487	-32.775728
0.096274	2.566216	-0.335500	-7.320745	-32.840555
0.095634	2.567874	-0.394123	-7.369842	-32.904998
0.094973	2.568508	-0.452471	-7.419769	-32.969051
0.094291	2.569114	-0.510541	-7.470515	-33.032713
0.093590	2.570687	-0.568330	-7.522069	-33.095978
0.092873	2.571222	-0.625837	-7.574421	-33.158844
0.092141	2.571714	-0.683060	-7.627561	-33.221309
0.091396	2.573159	-0.739995	-7.681477	-33.283369
0.090640	2.573551	-0.796642	-7.736159	-33.345021
0.089875	2.573884	-0.852998	-7.791596	-33.406265
0.089101	2.574153	-0.909062	-7.847776	-33.467097
0.088322	2.574353	-0.964831	-7.904690	-33.527518
0.087539	2.574478	-1.020305	-7.962325	-33.587524
0.086754	2.574522	-1.075481	-8.020672	-33.647116
0.085966	2.573491	-1.130359	-8.079720	-33.706293
0.085175	2.573390	-1.184935	-8.139457	-33.765054
0.084382	2.572224	-1.239210	-8.199874	-33.823399
0.083586	2.571999	-1.293180	-8.260959	-33.881329
0.082786	2.570723	-1.346845	-8.322701	-33.938843
0.081984	2.570401	-1.400203	-8.385092	-33.995943
0.081178	2.569040	-1.453254	-8.448119	-34.052628
0.080369	2.567647	-1.505996	-8.511773	-34.108899
0.079556	2.567230	-1.558428	-8.576043	-34.164758
0.078739	2.565795	-1.610550	-8.640919	-34.220206
0.077918	2.564351	-1.662360	-8.706391	-34.275243
0.077092	2.563906	-1.713858	-8.772449	-34.329873
0.076262	2.562468	-1.765044	-8.839082	-34.384095
0.075427	2.562047	-1.815917	-8.906280	-34.437912
0.074587	2.560650	-1.866478	-8.974034	-34.491326
0.073743	2.560289	-1.916726	-9.042334	-34.544338
0.072892	2.559972	-1.966662	-9.111169	-34.596951
0.072036	2.559711	-2.016287	-9.180529	-34.649166
0.071175	2.559516	-2.065602	-9.250406	-34.700986
0.070307	2.559396	-2.114608	-9.320789	-34.752412
0.069434	2.559345	-2.163306	-9.391669	-34.803448
0.068555	2.560354	-2.211697	-9.463036	-34.854094
0.067671	2.560413	-2.259784	-9.534880	-34.904355
0.066781	2.561512	-2.307569	-9.607192	-34.954231
0.065887	2.562641	-2.355053	-9.679962	-35.003725
0.064988	2.562788	-2.402239	-9.753182	-35.052841
0.064085	2.563942	-2.449130	-9.826841	-35.101580
0.063177	2.565090	-2.495728	-9.900931	-35.149946
0.062265	2.566219	-2.542036	-9.975443	-35.197942
0.061350	2.567316	-2.588057	-10.050367	-35.245570
0.060431	2.568365	-2.633794	-10.125695	-35.292834
0.059509	2.569350	-2.679249	-10.201418	-35.339736
0.058584	2.570256	-2.724427	-10.277527	-35.386281
0.057656	2.571064	-2.769330	-10.354013	-35.432472
0.056726	2.571756	-2.813961	-10.430868	-35.478313
0.055793	2.572311	-2.858324	-10.508083	-35.523808
0.054859	2.572709	-2.902422	-10.585650	-35.568960
0.053922	2.572925	-2.946258	-10.663561	-35.613775
0.052985	2.572936	-2.989835	-10.741807	-35.658255
0.052046	2.571721	-3.033157	-10.820381	-35.702407
0.051107	2.571291	-3.076227	-10.899275	-35.746235
0.050166	2.569659	-3.119047	-10.978480	-35.789743
0.049223	2.568844	-3.161621	-11.057989	-35.832937
0.048279	2.566863	-3.203952	-11.137794	-35.875823
0.047334	2.564737	-3.246043	-11.217889	-35.918405
0.046386	2.563487	-3.287897	-11.298265	-35.960690
0.045436	2.561135	-3.329517	-11.378915	-36.002682
0.044484	2.558707	-3.370906	-11.459832	-36.044388
0.043529	2.557230	-3.412068	-11.541008	-36.085813
0.042572	2.554732	-3.453006	-11.622437	-36.126964
0.041611	2.553246	-3.493724	-11.704112	-36.167845
0.040648	2.550806	-3.534225	-11.786026	-36.208463
0.039680	2.549449	-3.574513	-11.868171	-36.248825
0.038709	2.547219	-3.614593	-11.950541	-36.288935
0.037733	2.546160	-3.654466	-12.033130	-36.328799
0.036753	2.545324	-3.694139	-12.115930	-36.368425
0.035768	2.544767	-3.733616	-12.198935	-36.407817
0.034777	2.544552	-3.772901	-12.282139	-36.446982
0.033781	2.544749	-3.811999	-12.365534	-36.485925
0.032779	2.546425	-3.850914	-12.449115	-36.524652
0.031773	2.547595	-3.889653	-12.532875	-36.563169
0.030765	2.550266	-3.928221	-12.616808	-36.601482
0.029756	2.552443	-3.966623	-12.700907	-36.639595
0.028750	2.556134	-4.004865	-12.785166	-36.677516
0.027748	2.560347	-4.042952	-12.869579	-36.715249
0.026752	2.565088	-4.080892	-12.954140	-36.752800
0.025764	2.570368	-4.118689	-13.038843	-36.790175
0.024786	2.576194	-4.156349	-13.123681	-36.827378
0.023822	2.582572	-4.193880	-13.208650	-36.864416
0.022871	2.589507	-4.231286	-13.293744	-36.901292
0.021938	2.597003	-4.268574	-13.378956	-36.938014
0.021023	2.605057	-4.305750	-13.464282	-36.974584
0.020130	2.613663	-4.342819	-13.549717	-37.011010
0.019260	2.622806	-4.379788	-13.635254	-37.047295
0.018415	2.631463	-4.416661	-13.720891	-37.083445
0.017597	2.641599	-4.453444	-13.806620	-37.119464
0.016808	2.651163	-4.490143	-13.892439	-37.155358
0.016051	2.662088	-4.526763	-13.978343	-37.191129
0.015327	2.672282	-4.563307	-14.064327	-37.226784
0.014638	2.682644	-4.599782	-14.150387	-37.262326
0.013982	2.693116	-4.636190	-14.236521	-37.297759
0.013358	2.703645	-4.672537	-14.322723	-37.333087
0.012765	2.713173	-4.708826	-14.408991	-37.368315
0.012199	2.723633	-4.745060	-14.495321	-37.403445
0.011661	2.732953	-4.781244	-14.581711	-37.438482
0.011148	2.743051	-4.817379	-14.668157	-37.473429
0.010658	2.751838	-4.853470	-14.754657	-37.508289
0.010189	2.760217	-4.889519	-14.841208	-37.543066
0.009741	2.769083	-4.925528	-14.927808	-37.577762
0.009311	2.776322	-4.961499	-15.014454	-37.612381
0.008897	2.782807	-4.997436	-15.101144	-37.646926
0.008499	2.789403	-5.033340	-15.187876	-37.681400
0.008113	2.793960	-5.069213	-15.274649	-37.715806
0.007739	2.798311	-5.105056	-15.361459	-37.750146
0.007375	2.800269	-5.140871	-15.448305	-37.784424
0.007019	2.801620	-5.176661	-15.535186	-37.818642
0.006670	2.800119	-5.212425	-15.622099	-37.852803
0.006326	2.797472	-5.248166	-15.709044	-37.886910
0.005987	2.792328	-5.283883	-15.796018	-37.920966
0.005650	2.784281	-5.319579	-15.883019	-37.954973
0.005318	2.773944	-5.355254	-15.970048	-37.988935
0.004993	2.758890	-5.390909	-16.057100	-38.022855
0.004677	2.740624	-5.426544	-16.144177	-38.056735
0.004373	2.716593	-5.462160	-16.231275	-38.090579
0.004081	2.688195	-5.497757	-16.318394	-38.124389
0.003807	2.653814	-5.533335	-16.405533	-38.158169
0.003552	2.612881	-5.568895	-16.492690	-38.191920
0.003319	2.564974	-5.604437	-16.579864	-38.225646
0.003113	2.509954	-5.639961	-16.667054	-38.259350
0.002934	2.448151	-5.675466	-16.754259	-38.293034
0.002787	2.380538	-5.710953	-16.841479	-38.326700
0.002673	2.308858	-5.746421	-16.928712	-38.360351
0.002593	2.235595	-5.781869	-17.015959	-38.393989
0.002546	2.163761	-5.817298	-17.103217	-38.427616
0.002530	2.096507	-5.852706	-17.190488	-38.461233
0.002543	2.036694	-5.888093	-17.277770	-38.494843
0.002581	1.985562	-5.923458	-17.365063	-38.528446
0.002640	1.946586	-5.958801	-17.452368	-38.562043
0.002717	1.918505	-5.994120	-17.539684	-38.595636
0.002809	1.903208	-6.029415	-17.627011	-38.629225
0.002912	1.897200	-6.064684	-17.714351	-38.662810
0.003026	1.899661	-6.099928	-17.801702	-38.696391
0.003146	1.908855	-6.135144	-17.889065	-38.729968
0.003272	1.923213	-6.170331	-17.976442	-38.763541
0.003402	1.940359	-6.205490	-18.063832	-38.797109
0.003535	1.961120	-6.240618	-18.151237	-38.830671
0.003668	1.982510	-6.275715	-18.238657	-38.864226
0.003802	2.005716	-6.310780	-18.326093	-38.897774
0.003932	2.028079	-6.345812	-18.413545	-38.931312
0.004058	2.050070	-6.380810	-18.501015	-38.964841
0.004177	2.071264	-6.415773	-18.588503	-38.998359
0.004287	2.091324	-6.450701	-18.676009	-39.031865
0.004385	2.109977	-6.485593	-18.763535	-39.065358
0.004468	2.126990	-6.520449	-18.851081	-39.098836
0.004534	2.142159	-6.555268	-18.938647	-39.132300
0.004579	2.155284	-6.590050	-19.026235	-39.165747
0.004601	2.166151	-6.624795	-19.113843	-39.199177
0.004598	2.175509	-6.659503	-19.201472	-39.232590
0.004565	2.181046	-6.694174	-19.289123	-39.265986
0.004502	2.183482	-6.728809	-19.376795	-39.299364
0.004410	2.182940	-6.763408	-19.464487	-39.332724
0.004293	2.179577	-6.797972	-19.552200	-39.366067
0.004153	2.173466	-6.832502	-19.639933	-39.399394
0.003995	2.165619	-6.866998	-19.727685	-39.432704
0.003820	2.153993	-6.901462	-19.815455	-39.466000
0.003633	2.139504	-6.935895	-19.903243	-39.499282
0.003437	2.123040	-6.970299	-19.991047	-39.532551
0.003235	2.103477	-7.004674	-20.078867	-39.565808
0.003031	2.079704	-7.039022	-20.166701	-39.599055
0.002827	2.053657	-7.073345	-20.254549	-39.632293
0.002627	2.024380	-7.107643	-20.342409	-39.665522
0.002434	1.992093	-7.141919	-20.430280	-39.698746
0.002250	1.958306	-7.176173	-20.518162	-39.731964
0.002079	1.921946	-7.210407	-20.606054	-39.765177
0.001921	1.886516	-7.244623	-20.693953	-39.798388
0.001778	1.852246	-7.278821	-20.781861	-39.831596
0.001652	1.824209	-7.313003	-20.869775	-39.864802
0.001543	1.805347	-7.347169	-20.957696	-39.898008
0.001452	1.801324	-7.381322	-21.045622	-39.931212
0.001380	1.814444	-7.415460	-21.133554	-39.964416
0.001327	1.847697	-7.449587	-21.221492	-39.997619
0.001292	1.898916	-7.483701	-21.309434	-40.030822
0.001278	1.965233	-7.517803	-21.397381	-40.064022
0.001285	2.042249	-7.551894	-21.485334	-40.097220
0.001313	2.125667	-7.585974	-21.573293	-40.130414
0.001360	2.208251	-7.620043	-21.661257	-40.163604
0.001425	2.287735	-7.654101	-21.749228	-40.196788
0.001505	2.360292	-7.688149	-21.837205	-40.229965
0.001594	2.424515	-7.722186	-21.925190	-40.263135
0.001689	2.480085	-7.756213	-22.013182	-40.296295
0.001785	2.527354	-7.790230	-22.101182	-40.329444
0.001878	2.566996	-7.824236	-22.189190	-40.362582
0.001964	2.599774	-7.858231	-22.277208	-40.395707
0.002038	2.626392	-7.892216	-22.365234	-40.428817
0.002096	2.647417	-7.926191	-22.453270	-40.461914
0.002136	2.663229	-7.960156	-22.541316	-40.494994
0.002152	2.673986	-7.994110	-22.629372	-40.528059
0.002142	2.679565	-8.028054	-22.717438	-40.561108
0.002103	2.678479	-8.061988	-22.805514	-40.594141
0.002032	2.671959	-8.095912	-22.893599	-40.627157
0.001930	2.657594	-8.129827	-22.981694	-40.660159
0.001801	2.635557	-8.163732	-23.069798	-40.693146
0.001648	2.604151	-8.197629	-23.157910	-40.726120
0.001472	2.560295	-8.231516	-23.246030	-40.759082
0.001280	2.498421	-8.265396	-23.334157	-40.792035
0.001075	2.408042	-8.299267	-23.422290	-40.824979
0.000866	2.268126	-8.333132	-23.510428	-40.857917
0.000670	2.034867	-8.366989	-23.598570	-40.890851
0.000526	1.632871	-8.400842	-23.686715	-40.923783
0.000503	1.067042	-8.434689	-23.774861	-40.956716
0.000628	0.580667	-8.468532	-23.863008	-40.989651
0.000845	0.282738	-8.502372	-23.951154	-41.022593
0.001104	0.103309	-8.536210	-24.039298	-41.055542
0.001384	-0.017276	-8.570048	-24.127438	-41.088502
0.001675	-0.105470	-8.603887	-24.215573	-41.121474
0.001971	-0.175261	-8.637729	-24.303701	-41.154461
0.002272	-0.236045	-8.671574	-24.391821	-41.187466
0.002573	-0.290050	-8.705426	-24.479932	-41.220491
0.002876	-0.340863	-8.739286	-24.568031	-41.253537
0.003179	-0.388925	-8.773157	-24.656117	-41.286607
0.003486	-0.435328	-8.807040	-24.744189	-41.319702
0.003798	-0.479847	-8.840939	-24.832245	-41.352824
0.004117	-0.521253	-8.874856	-24.920283	-41.385973
0.004445	-0.560335	-8.908795	-25.008302	-41.419153
0.004783	-0.596918	-8.942757	-25.096300	-41.452363
0.005131	-0.630871	-8.976747	-25.184275	-41.485606
0.005490	-0.661105	-9.010767	-25.272226	-41.518882
0.005859	-0.688574	-9.044822	-25.360151	-41.552192
0.006239	-0.713265	-9.078913	-25.448047	-41.585537
0.006627	-0.735196	-9.113046	-25.535914	-41.618919
0.007025	-0.753410	-9.147222	-25.623750	-41.652340
0.007431	-0.769964	-9.181447	-25.711552	-41.685799
0.007843	-0.782927	-9.215722	-25.799318	-41.719299
0.008262	-0.794376	-9.250053	-25.887047	-41.752840
0.008684	-0.802388	-9.284442	-25.974737	-41.786425
0.009111	-0.809042	-9.318892	-26.062385	-41.820055
0.009539	-0.812413	-9.353407	-26.149990	-41.853732
0.009968	-0.814570	-9.387990	-26.237549	-41.887458
0.010397	-0.814578	-9.422645	-26.325060	-41.921234
0.010825	-0.812537	-9.457374	-26.412522	-41.955063
0.011251	-0.808708	-9.492181	-26.499931	-41.988946
0.011676	-0.803353	-9.527067	-26.587286	-42.022888
0.012098	-0.797696	-9.562036	-26.674585	-42.056890
0.012519	-0.789930	-9.597091	-26.761825	-42.090954
0.012938	-0.782220	-9.632232	-26.849004	-42.125084
0.013356	-0.772713	-9.667464	-26.936120	-42.159283
0.013772	-0.763534	-9.702787	-27.023171	-42.193554
0.014186	-0.752794	-9.738204	-27.110154	-42.227900
0.014600	-0.741592	-9.773716	-27.197067	-42.262323
0.015012	-0.731016	-9.809325	-27.283908	-42.296829
0.015424	-0.719143	-9.845033	-27.370674	-42.331420
0.015834	-0.707044	-9.880841	-27.457364	-42.366099
0.016245	-0.694780	-9.916751	-27.543975	-42.400871
0.016654	-0.681409	-9.952763	-27.630504	-42.435740
0.017064	-0.667981	-9.988878	-27.716950	-42.470708
0.017473	-0.654543	-10.025098	-27.803310	-42.505780
0.017882	-0.640138	-10.061423	-27.889582	-42.540961
0.018291	-0.625804	-10.097854	-27.975763	-42.576254
0.018700	-0.610576	-10.134391	-28.061852	-42.611664
0.000000	0.000000	-10.134391	-28.061852	-42.611664
