0.050884	-0.824447	0.000000	0.000000	0.000000
0.046532	-0.784644	0.099999	0.000345	-0.000374
0.042263	-0.737934	0.199994	0.001020	-0.001076
0.038110	-0.682690	0.299984	0.002008	-0.002063
0.034110	-0.616754	0.399968	0.003291	-0.003290
0.030306	-0.537280	0.499946	0.004852	-0.004714
0.026754	-0.441578	0.599917	0.006674	-0.006293
0.023523	-0.323093	0.699881	0.008737	-0.007987
0.020700	-0.178831	0.799840	0.011023	-0.009755
0.018390	-0.003849	0.899792	0.013513	-0.011560
0.016702	0.201609	0.999740	0.016187	-0.013366
0.015719	0.429334	1.099684	0.019025	-0.015138
0.015446	0.662875	1.199625	0.022005	-0.016845
0.015788	0.884057	1.299564	0.025107	-0.018456
0.016582	1.080237	1.399502	0.028309	-0.019946
0.017651	1.249666	1.499439	0.031589	-0.021289
0.018845	1.396458	1.599376	0.034925	-0.022465
0.020050	1.523931	1.699315	0.038294	-0.023455
0.021189	1.638525	1.799255	0.041672	-0.024245
0.022211	1.745065	1.899196	0.045035	-0.024823
0.023092	1.847678	1.999140	0.048360	-0.025183
0.023829	1.949736	2.099087	0.051622	-0.025321
0.024469	2.053240	2.199037	0.054795	-0.025237
0.025070	2.158178	2.298989	0.057855	-0.024937
0.025692	2.266744	2.398945	0.060776	-0.024427
0.026396	2.376397	2.498905	0.063533	-0.023721
0.027237	2.487954	2.598868	0.066099	-0.022832
0.028259	2.597763	2.698835	0.068448	-0.021778
0.029495	2.705956	2.798805	0.070556	-0.020578
0.030961	2.808720	2.898780	0.072396	-0.019253
0.032660	2.905541	2.998758	0.073944	-0.017827
0.034579	2.996337	3.098739	0.075174	-0.016325
0.036697	3.078498	3.198723	0.076062	-0.014773
0.038985	-3.130356	3.298709	0.076583	-0.013198
0.041408	-3.063729	3.398697	0.076715	-0.011628
0.043932	-3.003466	3.498684	0.076434	-0.010091
0.046518	-2.951109	3.598671	0.075718	-0.008614
0.049129	-2.905153	3.698654	0.074545	-0.007226
0.051728	-2.865095	3.798633	0.072895	-0.005954
0.054281	-2.829465	3.898603	0.070747	-0.004823
0.056754	-2.799847	3.998563	0.068083	-0.003859
0.059117	-2.774787	4.098509	0.064885	-0.003086
0.061361	-2.752530	4.198437	0.061135	-0.002526
0.063484	-2.734378	4.298343	0.056819	-0.002200
0.065485	-2.718766	4.398223	0.051920	-0.002125
0.067367	-2.705228	4.498072	0.046426	-0.002320
0.069133	-2.692377	4.597884	0.040322	-0.002801
0.070789	-2.681888	4.697655	0.033597	-0.003583
0.072342	-2.672482	4.797378	0.026240	-0.004679
0.073797	-2.662917	4.897047	0.018241	-0.006103
0.075162	-2.654979	4.996657	0.009589	-0.007868
0.076444	-2.647480	5.096200	0.000277	-0.009984
0.077651	-2.639249	5.195670	-0.009704	-0.012464
0.078793	-2.632129	5.295059	-0.020361	-0.015318
0.079876	-2.623977	5.394361	-0.031700	-0.018556
0.080910	-2.616660	5.493569	-0.043727	-0.022189
0.081904	-2.608055	5.592675	-0.056446	-0.026228
0.082868	-2.600044	5.691670	-0.069863	-0.030682
0.083810	-2.590520	5.790548	-0.083980	-0.035562
0.084741	-2.581381	5.889301	-0.098802	-0.040880
0.085671	-2.570534	5.987920	-0.114329	-0.046647
0.086609	-2.558921	6.086396	-0.130565	-0.052875
0.087558	-2.547599	6.184722	-0.147509	-0.059576
0.088517	-2.534653	6.282888	-0.165164	-0.066765
0.089488	-2.521162	6.380886	-0.183529	-0.074454
0.090471	-2.507202	6.478707	-0.202603	-0.082659
0.091465	-2.493848	6.576341	-0.222385	-0.091396
0.092471	-2.479169	6.673778	-0.242874	-0.100678
0.093487	-2.465232	6.771009	-0.264068	-0.110522
0.094514	-2.450100	6.868024	-0.285965	-0.120944
0.095551	-2.435834	6.964813	-0.308562	-0.131959
0.096596	-2.420490	7.061365	-0.331855	-0.143585
0.097648	-2.406123	7.157670	-0.355840	-0.155837
0.098705	-2.391781	7.253716	-0.380513	-0.168732
0.099765	-2.376513	7.349494	-0.405870	-0.182286
0.100827	-2.362362	7.444991	-0.431905	-0.196516
0.101888	-2.349370	7.540196	-0.458613	-0.211438
0.102944	-2.335575	7.635097	-0.485989	-0.227067
0.103994	-2.322011	7.729684	-0.514027	-0.243418
0.105034	-2.309712	7.823942	-0.542720	-0.260507
0.106062	-2.296708	7.917860	-0.572064	-0.278348
0.107073	-2.285019	8.011427	-0.602049	-0.296956
0.108067	-2.273634	8.104628	-0.632670	-0.316344
0.109044	-2.262533	8.197451	-0.663921	-0.336526
0.110004	-2.251699	8.289883	-0.695793	-0.357513
0.110946	-2.241115	8.381911	-0.728280	-0.379319
0.111870	-2.231766	8.473521	-0.761373	-0.401954
0.112776	-2.221636	8.564700	-0.795066	-0.425429
0.113664	-2.211711	8.655435	-0.829351	-0.449756
0.114533	-2.202977	8.745712	-0.864218	-0.474945
0.115384	-2.193421	8.835516	-0.899659	-0.501004
0.116217	-2.185031	8.924834	-0.935666	-0.527944
0.117032	-2.175795	9.013652	-0.972230	-0.555772
0.117829	-2.166701	9.101956	-1.009342	-0.584499
0.118608	-2.157740	9.189731	-1.046990	-0.614131
0.119369	-2.148901	9.276964	-1.085166	-0.644677
0.120112	-2.140174	9.363640	-1.123857	-0.676144
0.120839	-2.131549	9.449746	-1.163054	-0.708540
0.121548	-2.123019	9.535266	-1.202745	-0.741870
0.122240	-2.114574	9.620187	-1.242919	-0.776141
0.122916	-2.105207	9.704495	-1.283563	-0.811358
0.123575	-2.095911	9.788175	-1.324665	-0.847529
0.124215	-2.086693	9.871213	-1.366211	-0.884657
0.124836	-2.077561	9.953596	-1.408189	-0.922749
0.125434	-2.068521	10.035310	-1.450582	-0.961808
0.126008	-2.059579	10.116340	-1.493378	-1.001840
0.126556	-2.049743	10.196674	-1.536562	-1.042847
0.127075	-2.040016	10.276298	-1.580119	-1.084834
0.127563	-2.031405	10.355199	-1.624031	-1.127803
0.128018	-2.020915	10.433364	-1.668284	-1.171756
0.128438	-2.011548	10.510780	-1.712861	-1.216697
0.128821	-2.002310	10.587436	-1.757744	-1.262625
0.129164	-1.992204	10.663318	-1.802918	-1.309543
0.129465	-1.983233	10.738416	-1.848363	-1.357449
0.129721	-1.973401	10.812718	-1.894063	-1.406345
0.129931	-1.963709	10.886212	-1.940000	-1.456228
0.130092	-1.954163	10.958890	-1.986155	-1.507097
0.130201	-1.944762	11.030740	-2.032510	-1.558950
0.130256	-1.934512	11.101754	-2.079047	-1.611784
0.130256	-1.925412	11.171922	-2.125745	-1.665596
0.130196	-1.916467	11.241236	-2.172588	-1.720380
0.130078	-1.906671	11.309688	-2.219555	-1.776133
0.129909	-1.896984	11.377272	-2.266629	-1.832847
0.129700	-1.887364	11.443980	-2.313791	-1.890518
0.129461	-1.877768	11.509806	-2.361020	-1.949137
0.129204	-1.868154	11.574746	-2.408298	-2.008699
0.128939	-1.858484	11.638794	-2.455606	-2.069195
0.128678	-1.848719	11.701946	-2.502926	-2.130617
0.128430	-1.837824	11.764197	-2.550237	-2.192959
0.128209	-1.826765	11.825543	-2.597521	-2.256211
0.128024	-1.816508	11.885981	-2.644757	-2.320367
0.127888	-1.804025	11.945507	-2.691925	-2.385420
0.127812	-1.792288	12.004118	-2.739005	-2.451361
0.127808	-1.780273	12.061811	-2.785974	-2.518184
0.127887	-1.766958	12.118582	-2.832813	-2.585884
0.128062	-1.753327	12.174429	-2.879498	-2.654453
0.128344	-1.739367	12.229347	-2.926006	-2.723886
0.128746	-1.724068	12.283333	-2.972314	-2.794179
0.129280	-1.708429	12.336384	-3.018396	-2.865327
0.129958	-1.692450	12.388496	-3.064226	-2.937327
0.130794	-1.675138	12.439664	-3.109776	-3.010176
0.131794	-1.657533	12.489884	-3.155019	-3.083872
0.132941	-1.639777	12.539151	-3.199923	-3.158413
0.134213	-1.621028	12.587459	-3.244459	-3.233797
0.135587	-1.603433	12.634804	-3.288592	-3.310026
0.137038	-1.585126	12.681179	-3.332291	-3.387096
0.138542	-1.567227	12.726578	-3.375522	-3.465006
0.140073	-1.550843	12.770995	-3.418250	-3.543755
0.141606	-1.534073	12.814423	-3.460444	-3.623339
0.143114	-1.520003	12.856856	-3.502069	-3.703755
0.144571	-1.506712	12.898287	-3.543095	-3.784998
0.145951	-1.495273	12.938707	-3.583492	-3.867061
0.147228	-1.485754	12.978108	-3.623231	-3.949937
0.148374	-1.478222	13.016481	-3.662287	-4.033616
0.149365	-1.473744	13.053817	-3.700637	-4.118086
0.150173	-1.471389	13.090105	-3.738263	-4.203336
0.150774	-1.472232	13.125332	-3.775150	-4.289350
0.151143	-1.475356	13.159486	-3.811287	-4.376112
0.151256	-1.481854	13.192553	-3.846668	-4.463603
0.151090	-1.490835	13.224519	-3.881292	-4.551804
0.150623	-1.502425	13.255371	-3.915163	-4.640691
0.149844	-1.517725	13.285093	-3.948289	-4.730241
0.148774	-1.535668	13.313672	-3.980686	-4.820428
0.147445	-1.556145	13.341094	-4.012372	-4.911225
0.145889	-1.577056	13.367347	-4.043373	-5.002602
0.144136	-1.600302	13.392421	-4.073714	-5.094529
0.142217	-1.624779	13.416308	-4.103425	-5.186978
0.140162	-1.649377	13.439001	-4.132538	-5.279916
0.138000	-1.673974	13.460497	-4.161086	-5.373312
0.135758	-1.699434	13.480793	-4.189101	-5.467138
0.133463	-1.725602	13.499892	-4.216618	-5.561361
0.131138	-1.750304	13.517794	-4.243672	-5.655953
0.128806	-1.775339	13.534505	-4.270294	-5.750885
0.126485	-1.800481	13.550032	-4.296517	-5.846128
0.124194	-1.823473	13.564382	-4.322374	-5.941655
0.121947	-1.846032	13.577565	-4.347893	-6.037441
0.119757	-1.866841	13.589592	-4.373103	-6.133461
0.117633	-1.886555	13.600475	-4.398028	-6.229692
0.115584	-1.902797	13.610226	-4.422693	-6.326110
0.113618	-1.917164	13.618860	-4.447115	-6.422697
0.111738	-1.928223	13.626391	-4.471312	-6.519433
0.109950	-1.935604	13.632832	-4.495295	-6.616300
0.108244	-1.939258	13.638200	-4.519073	-6.713284
0.106612	-1.939230	13.642508	-4.542651	-6.810369
0.105049	-1.935584	13.645774	-4.566028	-6.907543
0.103552	-1.928396	13.648012	-4.589201	-7.004796
0.102118	-1.918756	13.649238	-4.612163	-7.102116
0.100748	-1.905770	13.649469	-4.634906	-7.199495
0.099444	-1.888558	13.648720	-4.657418	-7.296925
0.098208	-1.869254	13.647009	-4.679683	-7.394400
0.097043	-1.847010	13.644353	-4.701685	-7.491914
0.095950	-1.821993	13.640769	-4.723404	-7.589461
0.094934	-1.795383	13.636276	-4.744819	-7.687037
0.093995	-1.765378	13.630891	-4.765909	-7.784640
0.093134	-1.734188	13.624634	-4.786649	-7.882265
0.092352	-1.700038	13.617525	-4.807013	-7.979911
0.091646	-1.665160	13.609584	-4.826977	-8.077576
0.091013	-1.629794	13.600832	-4.846513	-8.175258
0.090448	-1.593185	13.591292	-4.865595	-8.272956
0.089944	-1.556580	13.580986	-4.884197	-8.370668
0.089493	-1.521224	13.569936	-4.902293	-8.468394
0.089084	-1.486332	13.558165	-4.919860	-8.566133
0.088709	-1.453006	13.545696	-4.936873	-8.663883
0.088356	-1.420314	13.532551	-4.953311	-8.761643
0.088016	-1.390320	13.518752	-4.969155	-8.859411
0.087679	-1.362077	13.504321	-4.984387	-8.957185
0.087335	-1.336634	13.489279	-4.998990	-9.054963
0.086971	-1.312032	13.473644	-5.012952	-9.152741
0.086580	-1.290311	13.457436	-5.026259	-9.250517
0.086148	-1.269502	13.440673	-5.038903	-9.348288
0.085667	-1.251637	13.423372	-5.050873	-9.446050
0.085126	-1.235744	13.405550	-5.062164	-9.543799
0.084515	-1.221851	13.387220	-5.072770	-9.641531
0.083823	-1.208988	13.368399	-5.082691	-9.739242
0.083041	-1.198185	13.349099	-5.091923	-9.836926
0.082158	-1.189477	13.329333	-5.100469	-9.934580
0.081167	-1.181906	13.309115	-5.108330	-10.032199
0.080056	-1.175520	13.288454	-5.115512	-10.129777
0.078818	-1.171379	13.267364	-5.122020	-10.227311
0.077444	-1.167555	13.245854	-5.127862	-10.324795
0.075926	-1.166138	13.223935	-5.133049	-10.422226
0.074258	-1.165219	13.201619	-5.137591	-10.519598
0.072451	-1.165825	13.178914	-5.141504	-10.616908
0.070516	-1.167979	13.155833	-5.144801	-10.714152
0.068466	-1.170725	13.132384	-5.147501	-10.811326
0.066314	-1.176125	13.108578	-5.149621	-10.908428
0.064075	-1.182264	13.084424	-5.151181	-11.005454
0.061762	-1.190243	13.059932	-5.152203	-11.102403
0.059391	-1.200192	13.035110	-5.152708	-11.199273
0.056976	-1.212259	13.009969	-5.152720	-11.296060
0.054533	-1.226619	12.984515	-5.152262	-11.392766
0.052078	-1.243474	12.958758	-5.151359	-11.489387
0.049628	-1.262047	12.932704	-5.150037	-11.585925
0.047201	-1.284585	12.906361	-5.148320	-11.682377
0.044813	-1.310353	12.879735	-5.146235	-11.778745
0.042484	-1.338623	12.852834	-5.143807	-11.875028
0.040232	-1.371663	12.825662	-5.141062	-11.971226
0.038077	-1.407711	12.798225	-5.138026	-12.067341
0.036037	-1.448947	12.770528	-5.134725	-12.163372
0.034132	-1.493449	12.742577	-5.131183	-12.259321
0.032378	-1.543142	12.714374	-5.127425	-12.355188
0.030792	-1.595798	12.685923	-5.123474	-12.450974
0.029378	-1.653196	12.657229	-5.119353	-12.546680
0.028142	-1.713989	12.628293	-5.115085	-12.642307
0.027085	-1.776645	12.599118	-5.110691	-12.737855
0.026206	-1.842440	12.569707	-5.106191	-12.833326
0.025501	-1.909490	12.540060	-5.101604	-12.928720
0.024965	-1.976796	12.510179	-5.096949	-13.024038
0.024587	-2.043314	12.480066	-5.092243	-13.119280
0.024355	-2.108032	12.449722	-5.087505	-13.214447
0.024254	-2.170040	12.419146	-5.082749	-13.309539
0.024267	-2.228582	12.388340	-5.077991	-13.404557
0.024376	-2.283085	12.357302	-5.073245	-13.499500
0.024566	-2.333162	12.326035	-5.068524	-13.594368
0.024818	-2.379594	12.294536	-5.063841	-13.689162
0.025118	-2.420309	12.262805	-5.059208	-13.783881
0.025450	-2.457342	12.230843	-5.054635	-13.878525
0.025803	-2.489805	12.198648	-5.050131	-13.973094
0.026165	-2.516862	12.166219	-5.045707	-14.067586
0.026527	-2.540703	12.133556	-5.041370	-14.162002
0.026879	-2.561524	12.100657	-5.037126	-14.256340
0.027215	-2.577553	12.067522	-5.032983	-14.350599
0.027533	-2.590130	12.034149	-5.028946	-14.444780
0.027828	-2.600600	12.000536	-5.025019	-14.538879
0.028101	-2.607280	11.966684	-5.021206	-14.632898
0.028350	-2.612459	11.932589	-5.017511	-14.726833
0.028575	-2.615404	11.898251	-5.013934	-14.820685
0.028779	-2.615362	11.863670	-5.010479	-14.914451
0.028961	-2.614563	11.828842	-5.007146	-15.008131
0.029124	-2.611223	11.793767	-5.003935	-15.101723
0.029268	-2.607548	11.758443	-5.000847	-15.195226
0.029396	-2.601734	11.722870	-4.997881	-15.288637
0.029508	-2.594971	11.687045	-4.995036	-15.381956
0.029607	-2.587446	11.650967	-4.992310	-15.475182
0.029693	-2.579339	11.614635	-4.989703	-15.568312
0.029769	-2.570829	11.578047	-4.987212	-15.661345
0.029835	-2.561095	11.541203	-4.984836	-15.754279
0.029893	-2.552311	11.504101	-4.982571	-15.847114
0.029942	-2.541655	11.466740	-4.980416	-15.939848
0.029985	-2.532301	11.429119	-4.978368	-16.032479
0.030020	-2.522426	11.391237	-4.976425	-16.125005
0.030049	-2.513173	11.353092	-4.974583	-16.217426
0.030071	-2.503566	11.314686	-4.972840	-16.309740
0.030087	-2.495598	11.276015	-4.971194	-16.401946
0.030096	-2.487262	11.237081	-4.969643	-16.494042
0.030099	-2.478554	11.197883	-4.968184	-16.586028
0.030097	-2.471469	11.158420	-4.966814	-16.677902
0.030088	-2.464005	11.118692	-4.965532	-16.769662
0.030074	-2.457160	11.078699	-4.964335	-16.861309
0.030055	-2.450931	11.038442	-4.963222	-16.952841
0.030031	-2.445319	10.997919	-4.962191	-17.044257
0.030003	-2.441323	10.957131	-4.961239	-17.135556
0.029971	-2.436945	10.916079	-4.960366	-17.226736
0.029935	-2.433185	10.874763	-4.959571	-17.317799
0.029896	-2.430046	10.833183	-4.958851	-17.408741
0.029855	-2.428529	10.791340	-4.958207	-17.499564
0.029811	-2.426637	10.749234	-4.957637	-17.590266
0.029766	-2.426373	10.706866	-4.957142	-17.680846
0.029720	-2.426738	10.664238	-4.956720	-17.771303
0.029675	-2.428735	10.621348	-4.956372	-17.861638
0.029629	-2.431367	10.578200	-4.956098	-17.951850
0.029585	-2.434624	10.534793	-4.955899	-18.041937
0.029542	-2.438453	10.491128	-4.955776	-18.131901
0.029499	-2.443792	10.447207	-4.955729	-18.221739
0.029455	-2.449575	10.403030	-4.955761	-18.311452
0.029412	-2.455740	10.358600	-4.955872	-18.401039
0.029367	-2.463223	10.313916	-4.956065	-18.490501
0.029320	-2.470962	10.268981	-4.956341	-18.579836
0.029271	-2.478895	10.223795	-4.956702	-18.669044
0.029218	-2.486959	10.178360	-4.957151	-18.758125
0.029162	-2.496094	10.132678	-4.957689	-18.847080
0.029101	-2.504239	10.086751	-4.958318	-18.935907
0.029035	-2.513333	10.040578	-4.959042	-19.024606
0.028961	-2.522317	9.994164	-4.959862	-19.113178
0.028881	-2.530132	9.947509	-4.960780	-19.201623
0.028791	-2.538717	9.900615	-4.961798	-19.289940
0.028692	-2.547014	9.853483	-4.962919	-19.378129
0.028582	-2.554963	9.806117	-4.964143	-19.466192
0.028460	-2.562504	9.758518	-4.965473	-19.554126
0.028325	-2.569575	9.710687	-4.966911	-19.641934
0.028175	-2.576114	9.662628	-4.968457	-19.729615
0.028010	-2.582070	9.614342	-4.970112	-19.817169
0.027831	-2.587443	9.565832	-4.971879	-19.904597
0.027638	-2.591246	9.517101	-4.973756	-19.991899
0.027433	-2.595489	9.468149	-4.975745	-20.079076
0.027218	-2.598179	9.418980	-4.977846	-20.166128
0.026994	-2.601323	9.369597	-4.980058	-20.253055
0.026763	-2.602926	9.320001	-4.982381	-20.339859
0.026525	-2.604992	9.270195	-4.984815	-20.426539
0.026283	-2.605523	9.220181	-4.987359	-20.513096
0.026037	-2.605522	9.169961	-4.990013	-20.599531
0.025791	-2.604990	9.119539	-4.992775	-20.685844
0.025544	-2.603929	9.068916	-4.995643	-20.772036
0.025298	-2.602340	9.018094	-4.998618	-20.858107
0.025056	-2.600227	8.967075	-5.001697	-20.944058
0.024819	-2.596593	8.915862	-5.004878	-21.029890
0.024588	-2.593443	8.864456	-5.008161	-21.115602
0.024365	-2.588783	8.812858	-5.011543	-21.201196
0.024152	-2.584623	8.761072	-5.015023	-21.286671
0.023951	-2.578973	8.709097	-5.018598	-21.372029
0.023762	-2.572848	8.656937	-5.022267	-21.457268
0.023588	-2.566276	8.604591	-5.026027	-21.542390
0.023429	-2.559329	8.552061	-5.029877	-21.627395
0.023283	-2.552092	8.499348	-5.033814	-21.712282
0.023150	-2.544652	8.446453	-5.037836	-21.797052
0.023029	-2.537101	8.393376	-5.041941	-21.881704
0.022921	-2.529529	8.340119	-5.046127	-21.966239
0.022823	-2.521029	8.286681	-5.050392	-22.050656
0.022736	-2.513694	8.233064	-5.054733	-22.134955
0.022658	-2.506618	8.179268	-5.059149	-22.219136
0.022589	-2.499893	8.125293	-5.063639	-22.303199
0.022528	-2.493612	8.071139	-5.068199	-22.387143
0.022473	-2.487868	8.016807	-5.072830	-22.470968
0.022424	-2.482751	7.962297	-5.077528	-22.554673
0.022379	-2.478352	7.907610	-5.082294	-22.638259
0.022339	-2.475761	7.852746	-5.087126	-22.721725
0.022301	-2.473066	7.797706	-5.092023	-22.805071
0.022265	-2.472356	7.742489	-5.096985	-22.888296
0.022230	-2.472720	7.687096	-5.102011	-22.971401
0.022196	-2.474246	7.631528	-5.107101	-23.054385
0.022161	-2.478023	7.575786	-5.112256	-23.137248
0.022125	-2.482111	7.519870	-5.117476	-23.219989
0.022088	-2.488445	7.463781	-5.122761	-23.302609
0.022050	-2.496930	7.407521	-5.128114	-23.385108
0.022012	-2.505470	7.351089	-5.133536	-23.467486
0.021973	-2.515969	7.294487	-5.139027	-23.549742
0.021934	-2.527332	7.237718	-5.144591	-23.631878
0.021894	-2.539460	7.180780	-5.150230	-23.713892
0.021854	-2.552257	7.123678	-5.155946	-23.795786
0.021814	-2.565627	7.066411	-5.161741	-23.877559
0.021774	-2.579470	7.008981	-5.167617	-23.959213
0.021733	-2.594691	6.951390	-5.173578	-24.040746
0.021691	-2.609192	6.893640	-5.179627	-24.122161
0.021648	-2.623877	6.835732	-5.185765	-24.203457
0.021603	-2.639647	6.777668	-5.191996	-24.284634
0.021557	-2.654409	6.719450	-5.198323	-24.365694
0.021507	-2.669065	6.661080	-5.204747	-24.446636
0.021453	-2.683524	6.602561	-5.211273	-24.527462
0.021395	-2.698689	6.543892	-5.217901	-24.608172
0.021332	-2.712469	6.485078	-5.224635	-24.688767
0.021262	-2.725769	6.426120	-5.231476	-24.769247
0.021183	-2.737526	6.367019	-5.238427	-24.849614
0.021096	-2.749784	6.307778	-5.245490	-24.929867
0.020998	-2.761617	6.248399	-5.252666	-25.010009
0.020888	-2.772102	6.188884	-5.259957	-25.090039
0.020764	-2.783318	6.129235	-5.267364	-25.169958
0.020627	-2.793349	6.069453	-5.274887	-25.249768
0.020474	-2.803279	6.009543	-5.282529	-25.329469
0.020304	-2.813197	5.949504	-5.290289	-25.409063
0.020116	-2.822197	5.889340	-5.298169	-25.488550
0.019911	-2.832379	5.829054	-5.306168	-25.567932
0.019685	-2.842848	5.768647	-5.314288	-25.647211
0.019440	-2.852719	5.708122	-5.322527	-25.726387
0.019174	-2.863116	5.647483	-5.330887	-25.805463
0.018886	-2.874174	5.586731	-5.339367	-25.884439
0.018576	-2.886045	5.525871	-5.347967	-25.963319
0.018244	-2.898896	5.464904	-5.356686	-26.042104
0.017889	-2.911916	5.403835	-5.365525	-26.120796
0.017511	-2.927319	5.342668	-5.374482	-26.199398
0.017111	-2.943352	5.281405	-5.383557	-26.277912
0.016688	-2.961297	5.220051	-5.392749	-26.356342
0.016245	-2.981435	5.158609	-5.402058	-26.434689
0.015789	-3.002883	5.097086	-5.411483	-26.512958
0.015327	-3.027697	5.035484	-5.421022	-26.591152
0.014869	-3.053899	4.973809	-5.430676	-26.669273
0.014422	-3.083456	4.912066	-5.440442	-26.747327
0.013994	-3.114263	4.850259	-5.450321	-26.825316
0.013592	3.136063	4.788393	-5.460311	-26.903244
0.013224	3.101465	4.726474	-5.470413	-26.981116
0.012896	3.065570	4.664505	-5.480624	-27.058934
0.012613	3.028960	4.602492	-5.490946	-27.136701
0.012381	2.992350	4.540439	-5.501378	-27.214422
0.012202	2.955571	4.478349	-5.511920	-27.292099
0.012079	2.921536	4.416227	-5.522572	-27.369736
0.012013	2.890194	4.354077	-5.533335	-27.447334
0.012006	2.861481	4.291900	-5.544210	-27.524896
0.012056	2.838261	4.229701	-5.555198	-27.602423
0.012164	2.819283	4.167481	-5.566299	-27.679918
0.012330	2.806147	4.105241	-5.577517	-27.757380
0.012555	2.799275	4.042984	-5.588852	-27.834811
0.012841	2.797899	3.980709	-5.600307	-27.912210
0.013189	2.802887	3.918416	-5.611885	-27.989576
0.013597	2.813286	3.856104	-5.623589	-28.066908
0.014060	2.827961	3.793772	-5.635423	-28.144204
0.014573	2.845834	3.731418	-5.647390	-28.221461
0.015132	2.864926	3.669038	-5.659494	-28.298677
0.015732	2.885377	3.606631	-5.671740	-28.375848
0.016368	2.906461	3.544191	-5.684133	-28.452970
0.017034	2.928579	3.481717	-5.696676	-28.530038
0.017724	2.948254	3.419203	-5.709374	-28.607050
0.018429	2.968116	3.356646	-5.722233	-28.684000
0.019142	2.986885	3.294041	-5.735257	-28.760883
0.019855	3.004356	3.231385	-5.748451	-28.837695
0.020558	3.020383	3.168673	-5.761820	-28.914431
0.021244	3.034863	3.105900	-5.775368	-28.991086
0.021902	3.047723	3.043064	-5.789100	-29.067657
0.022524	3.059910	2.980159	-5.803020	-29.144137
0.023099	3.069381	2.917184	-5.817132	-29.220524
0.023619	3.077094	2.854134	-5.831439	-29.296813
0.024074	3.084001	2.791007	-5.845946	-29.373001
0.024455	3.089041	2.727801	-5.860654	-29.449084
0.024754	3.092189	2.664514	-5.875567	-29.525060
0.024973	3.093627	2.601145	-5.890686	-29.600926
0.025113	3.093551	2.537693	-5.906012	-29.676682
0.025179	3.093126	2.474158	-5.921548	-29.752326
0.025173	3.091489	2.410541	-5.937294	-29.827857
0.025099	3.088756	2.346842	-5.953249	-29.903275
0.024959	3.084028	2.283062	-5.969413	-29.978580
0.024758	3.079395	2.219204	-5.985785	-30.053773
0.024498	3.074937	2.155268	-6.002365	-30.128855
0.024184	3.068729	2.091257	-6.019151	-30.203827
0.023817	3.061842	2.027173	-6.036140	-30.278691
0.023402	3.054347	1.963019	-6.053331	-30.353449
0.022942	3.046316	1.898797	-6.070720	-30.428103
0.022439	3.038824	1.834512	-6.088305	-30.502656
0.021897	3.029954	1.770164	-6.106082	-30.577110
0.021318	3.020795	1.705759	-6.124047	-30.651469
0.020705	3.011450	1.641299	-6.142196	-30.725735
0.020061	3.003038	1.576786	-6.160524	-30.799912
0.019388	2.993697	1.512226	-6.179028	-30.874003
0.018689	2.984591	1.447619	-6.197701	-30.948012
0.017966	2.974870	1.382971	-6.216538	-31.021943
0.017221	2.966524	1.318283	-6.235533	-31.095798
0.016458	2.958500	1.253559	-6.254682	-31.169583
0.015679	2.950744	1.188801	-6.273976	-31.243299
0.014888	2.942200	1.124012	-6.293410	-31.316952
0.014087	2.934811	1.059195	-6.312977	-31.390545
0.013280	2.926510	0.994352	-6.332671	-31.464081
0.012470	2.919226	0.929486	-6.352484	-31.537564
0.011659	2.910875	0.864598	-6.372410	-31.610998
0.010852	2.902360	0.799691	-6.392442	-31.684386
0.010051	2.894562	0.734768	-6.412572	-31.757733
0.009260	2.885336	0.669829	-6.432794	-31.831040
0.008482	2.876497	0.604877	-6.453100	-31.904313
0.007720	2.865811	0.539914	-6.473484	-31.977554
0.006977	2.854968	0.474940	-6.493939	-32.050767
0.006258	2.841559	0.409959	-6.514459	-32.123954
0.005565	2.827027	0.344971	-6.535037	-32.197118
0.004902	2.809605	0.279977	-6.555667	-32.270264
0.004273	2.787219	0.214980	-6.576342	-32.343393
0.003681	2.760334	0.149979	-6.597058	-32.416508
0.003131	2.725735	0.084977	-6.617809	-32.489611
0.002623	2.680096	0.019975	-6.638590	-32.562706
0.002159	2.619118	-0.045027	-6.659396	-32.635794
0.001740	2.532034	-0.110028	-6.680224	-32.708877
0.001374	2.405074	-0.175027	-6.701068	-32.781957
0.001072	2.214459	-0.240022	-6.721926	-32.855036
0.000854	1.932569	-0.305014	-6.742793	-32.928115
0.000747	1.560650	-0.370001	-6.763668	-33.001197
0.000759	1.185396	-0.434983	-6.784547	-33.074282
0.000853	0.895565	-0.499959	-6.805427	-33.147371
0.000983	0.701635	-0.564929	-6.826307	-33.220467
0.001121	0.576716	-0.629892	-6.847185	-33.293569
0.001251	0.494292	-0.694848	-6.868059	-33.366678
0.001365	0.440055	-0.759796	-6.888927	-33.439796
0.001461	0.406039	-0.824737	-6.909789	-33.512923
0.001538	0.384995	-0.889669	-6.930643	-33.586059
0.001593	0.374841	-0.954592	-6.951490	-33.659206
0.001629	0.373817	-1.019506	-6.972328	-33.732362
0.001646	0.381035	-1.084412	-6.993157	-33.805529
0.001644	0.396237	-1.149308	-7.013978	-33.878707
0.001626	0.419593	-1.214195	-7.034790	-33.951895
0.001592	0.450377	-1.279073	-7.055594	-34.025094
0.001547	0.491156	-1.343941	-7.076391	-34.098303
0.001491	0.540842	-1.408800	-7.097181	-34.171523
0.001428	0.602645	-1.473650	-7.117966	-34.244752
0.001362	0.675987	-1.538490	-7.138745	-34.317991
0.001296	0.764320	-1.603321	-7.159521	-34.391240
0.001236	0.866783	-1.668142	-7.180295	-34.464497
0.001184	0.984641	-1.732954	-7.201068	-34.537762
0.001147	1.117584	-1.797758	-7.221841	-34.611036
0.001127	1.260158	-1.862553	-7.242616	-34.684316
0.001129	1.407843	-1.927339	-7.263394	-34.757603
0.001152	1.555054	-1.992117	-7.284178	-34.830896
0.001195	1.693738	-2.056887	-7.304967	-34.904195
0.001256	1.821684	-2.121649	-7.325765	-34.977498
0.001330	1.934924	-2.186404	-7.346572	-35.050804
0.001412	2.035345	-2.251152	-7.367390	-35.124114
0.001500	2.122999	-2.315893	-7.388220	-35.197426
0.001587	2.199483	-2.380628	-7.409064	-35.270740
0.001672	2.266527	-2.445357	-7.429922	-35.344055
0.001751	2.325812	-2.510081	-7.450796	-35.417370
0.001824	2.378865	-2.574800	-7.471687	-35.490685
0.001888	2.427884	-2.639514	-7.492596	-35.563998
0.001945	2.471780	-2.704225	-7.513523	-35.637310
0.001994	2.513249	-2.768932	-7.534469	-35.710619
0.002034	2.551828	-2.833637	-7.555435	-35.783925
0.002066	2.586927	-2.898339	-7.576420	-35.857228
0.002089	2.620863	-2.963039	-7.597426	-35.930526
0.002104	2.652874	-3.027738	-7.618452	-36.003820
0.002109	2.683139	-3.092436	-7.639498	-36.077109
0.002106	2.711784	-3.157133	-7.660565	-36.150392
0.002094	2.738889	-3.221831	-7.681652	-36.223669
0.002073	2.764494	-3.286530	-7.702758	-36.296940
0.002043	2.788597	-3.351229	-7.723885	-36.370204
0.002004	2.811157	-3.415930	-7.745031	-36.443462
0.001956	2.832080	-3.480632	-7.766195	-36.516713
0.001898	2.851220	-3.545336	-7.787378	-36.589956
0.001831	2.868358	-3.610042	-7.808578	-36.663193
0.001755	2.883178	-3.674751	-7.829795	-36.736423
0.001668	2.895232	-3.739462	-7.851028	-36.809647
0.001573	2.903043	-3.804175	-7.872277	-36.882863
0.001468	2.908604	-3.868891	-7.893539	-36.956074
0.001355	2.909958	-3.933609	-7.914815	-37.029279
0.001236	2.909034	-3.998329	-7.936103	-37.102478
0.001111	2.903617	-4.063051	-7.957402	-37.175672
0.000981	2.894278	-4.127775	-7.978711	-37.248862
0.000847	2.881240	-4.192500	-8.000030	-37.322049
0.000711	2.861081	-4.257226	-8.021356	-37.395231
0.000574	2.832014	-4.321953	-8.042688	-37.468412
0.000436	2.788826	-4.386681	-8.064026	-37.541590
0.000299	2.712406	-4.451409	-8.085368	-37.614767
0.000167	2.535359	-4.516137	-8.106713	-37.687943
0.000063	1.663923	-4.580864	-8.128059	-37.761118
0.000124	0.204975	-4.645591	-8.149406	-37.834294
0.000244	-0.071282	-4.710318	-8.170752	-37.907471
0.000365	-0.181361	-4.775044	-8.192096	-37.980648
0.000482	-0.253587	-4.839769	-8.213437	-38.053828
0.000595	-0.313838	-4.904494	-8.234773	-38.127009
0.000702	-0.370840	-4.969218	-8.256104	-38.200192
0.000805	-0.428513	-5.033942	-8.277428	-38.273378
0.000903	-0.487460	-5.098666	-8.298744	-38.346566
0.000999	-0.548752	-5.163390	-8.320052	-38.419756
0.001091	-0.609330	-5.228115	-8.341350	-38.492948
0.001181	-0.670460	-5.292841	-8.362637	-38.566142
0.001269	-0.729640	-5.357569	-8.383913	-38.639337
0.001354	-0.787546	-5.422301	-8.405177	-38.712534
0.001436	-0.844002	-5.487035	-8.426427	-38.785731
0.001514	-0.898958	-5.551775	-8.447664	-38.858929
0.001589	-0.952467	-5.616519	-8.468886	-38.932126
0.001658	-1.004677	-5.681269	-8.490094	-39.005322
0.001720	-1.055819	-5.746026	-8.511287	-39.078516
0.001775	-1.106204	-5.810791	-8.532465	-39.151708
0.001822	-1.156222	-5.875564	-8.553627	-39.224897
0.001859	-1.206350	-5.940346	-8.574774	-39.298082
0.001886	-1.257168	-6.005138	-8.595905	-39.371263
0.001901	-1.310382	-6.069941	-8.617022	-39.444439
0.001903	-1.364862	-6.134754	-8.638125	-39.517609
0.001891	-1.423698	-6.199580	-8.659213	-39.590773
0.001867	-1.486272	-6.264417	-8.680289	-39.663930
0.001828	-1.556368	-6.329266	-8.701353	-39.737080
0.001777	-1.635129	-6.394128	-8.722407	-39.810221
0.001719	-1.724393	-6.459003	-8.743451	-39.883354
0.001658	-1.825676	-6.523890	-8.764488	-39.956478
0.001601	-1.940940	-6.588790	-8.785519	-40.029593
0.001556	-2.068075	-6.653702	-8.806546	-40.102698
0.001527	-2.207334	-6.718625	-8.827571	-40.175793
0.001519	-2.353032	-6.783560	-8.848596	-40.248878
0.001537	-2.501895	-6.848506	-8.869623	-40.321953
0.001581	-2.647123	-6.913462	-8.890656	-40.395017
0.001648	-2.782737	-6.978428	-8.911695	-40.468070
0.001735	-2.907496	-7.043403	-8.932742	-40.541113
0.001837	-3.019057	-7.108386	-8.953801	-40.614146
0.001948	-3.116574	-7.173376	-8.974874	-40.687168
0.002062	3.080066	-7.238373	-8.995961	-40.760180
0.002175	3.004995	-7.303376	-9.017066	-40.833182
0.002281	2.937796	-7.368384	-9.038189	-40.906174
0.002377	2.878932	-7.433395	-9.059332	-40.979156
0.002458	2.824994	-7.498410	-9.080498	-41.052130
0.002521	2.776708	-7.563427	-9.101686	-41.125095
0.002563	2.731905	-7.628445	-9.122898	-41.198051
0.002581	2.689417	-7.693464	-9.144135	-41.271000
0.002576	2.648954	-7.758483	-9.165396	-41.343943
0.002552	2.607402	-7.823500	-9.186682	-41.416878
0.002512	2.565829	-7.888516	-9.207994	-41.489809
0.002459	2.521435	-7.953529	-9.229329	-41.562734
0.002397	2.475538	-8.018538	-9.250689	-41.635656
0.002328	2.426589	-8.083543	-9.272072	-41.708574
0.002257	2.374210	-8.148543	-9.293478	-41.781491
0.002187	2.318261	-8.213538	-9.314906	-41.854405
0.002122	2.258928	-8.278527	-9.336354	-41.927320
0.002064	2.196814	-8.343508	-9.357823	-42.000234
0.002017	2.133006	-8.408482	-9.379310	-42.073150
0.001984	2.069093	-8.473447	-9.400816	-42.146068
0.001965	2.007091	-8.538404	-9.422340	-42.218989
0.001961	1.949275	-8.603350	-9.443880	-42.291913
0.001974	1.897955	-8.668287	-9.465436	-42.364842
0.002002	1.855235	-8.733212	-9.487008	-42.437775
0.002046	1.821824	-8.798127	-9.508595	-42.510715
0.002105	1.800927	-8.863029	-9.530198	-42.583660
0.002179	1.791201	-8.927918	-9.551816	-42.656613
0.002268	1.794420	-8.992794	-9.573450	-42.729572
0.002372	1.806583	-9.057657	-9.595101	-42.802539
0.002488	1.826355	-9.122506	-9.616769	-42.875512
0.002615	1.851607	-9.187339	-9.638456	-42.948494
0.002753	1.880494	-9.252158	-9.660163	-43.021483
0.002900	1.910490	-9.316961	-9.681891	-43.094479
0.003054	1.942376	-9.381749	-9.703643	-43.167482
0.003214	1.973221	-9.446520	-9.725419	-43.240492
0.003377	2.004338	-9.511275	-9.747223	-43.313509
0.003542	2.033245	-9.576013	-9.769055	-43.386532
0.003706	2.060617	-9.640734	-9.790918	-43.459561
0.003865	2.086255	-9.705439	-9.812813	-43.532595
0.004018	2.110043	-9.770125	-9.834742	-43.605634
0.004162	2.131930	-9.834795	-9.856707	-43.678678
0.004293	2.151898	-9.899447	-9.878710	-43.751726
0.004408	2.169953	-9.964082	-9.900752	-43.824777
0.004505	2.186104	-10.028699	-9.922835	-43.897832
0.004580	2.200355	-10.093299	-9.944959	-43.970889
0.004631	2.213690	-10.157882	-9.967125	-44.043949
0.004654	2.224066	-10.222448	-9.989334	-44.117011
0.004647	2.232472	-10.286998	-10.011587	-44.190074
0.004612	2.239142	-10.351531	-10.033883	-44.263138
0.004550	2.244318	-10.416047	-10.056223	-44.336203
0.004464	2.248189	-10.480548	-10.078605	-44.409270
0.004357	2.251905	-10.545034	-10.101029	-44.482337
0.004230	2.253588	-10.609505	-10.123494	-44.555404
0.004086	2.254344	-10.673961	-10.145999	-44.628472
0.003928	2.255269	-10.738404	-10.168542	-44.701541
0.003758	2.255454	-10.802833	-10.191122	-44.774610
0.003579	2.253998	-10.867249	-10.213737	-44.847679
0.003392	2.253014	-10.931653	-10.236386	-44.920748
0.003200	2.251643	-10.996046	-10.259067	-44.993818
0.003006	2.250067	-11.060427	-10.281778	-45.066888
0.002812	2.249526	-11.124798	-10.304517	-45.139959
0.002620	2.248348	-11.189160	-10.327283	-45.213030
0.002433	2.248973	-11.253512	-10.350073	-45.286101
0.002253	2.249987	-11.317856	-10.372886	-45.359173
0.002082	2.254166	-11.382192	-10.395720	-45.432245
0.001923	2.261500	-11.446521	-10.418574	-45.505317
0.001778	2.274203	-11.510843	-10.441445	-45.578389
0.001650	2.291472	-11.575160	-10.464334	-45.651461
0.001537	2.315711	-11.639471	-10.487238	-45.724532
0.001440	2.345886	-11.703778	-10.510157	-45.797603
0.001357	2.381629	-11.768081	-10.533090	-45.870674
0.001287	2.422206	-11.832380	-10.556035	-45.943743
0.001229	2.467518	-11.896676	-10.578994	-46.016811
0.001183	2.514168	-11.960970	-10.601964	-46.089877
0.001146	2.562578	-12.025263	-10.624945	-46.162941
0.001116	2.610132	-12.089554	-10.647938	-46.236003
0.001093	2.655319	-12.153843	-10.670942	-46.309062
0.001074	2.696828	-12.218133	-10.693956	-46.382119
0.001056	2.733590	-12.282422	-10.716980	-46.455172
0.001037	2.764751	-12.346711	-10.740015	-46.528222
0.001016	2.789592	-12.411001	-10.763059	-46.601269
0.000991	2.807405	-12.475291	-10.786113	-46.674312
0.000958	2.817330	-12.539582	-10.809176	-46.747352
0.000917	2.818113	-12.603874	-10.832248	-46.820389
0.000866	2.807755	-12.668166	-10.855328	-46.893422
0.000804	2.782891	-12.732459	-10.878417	-46.966452
0.000730	2.736635	-12.796752	-10.901513	-47.039479
0.000646	2.661037	-12.861045	-10.924616	-47.112504
0.000556	2.539301	-12.925338	-10.947725	-47.185527
0.000468	2.347649	-12.989630	-10.970840	-47.258549
0.000400	2.053035	-13.053921	-10.993959	-47.331571
0.000376	1.653323	-13.118210	-11.017082	-47.404594
0.000415	1.241789	-13.182497	-11.040207	-47.477618
0.000511	0.922380	-13.246780	-11.063333	-47.550644
0.000644	0.702849	-13.311060	-11.086459	-47.623674
0.000798	0.550268	-13.375335	-11.109584	-47.696708
0.000966	0.437648	-13.439605	-11.132705	-47.769748
0.001143	0.349691	-13.503869	-11.155822	-47.842794
0.001326	0.274930	-13.568127	-11.178933	-47.915847
0.001514	0.208716	-13.632379	-11.202035	-47.988909
0.001705	0.148537	-13.696624	-11.225128	-48.061980
0.001900	0.090122	-13.760862	-11.248209	-48.135060
0.002098	0.033955	-13.825093	-11.271275	-48.208152
0.002300	-0.020989	-13.889317	-11.294326	-48.281254
0.002507	-0.077397	-13.953533	-11.317358	-48.354369
0.002721	-0.133705	-14.017744	-11.340369	-48.427496
0.002943	-0.191150	-14.081948	-11.363357	-48.500635
0.003177	-0.248564	-14.146147	-11.386319	-48.573788
0.003425	-0.305818	-14.210343	-11.409252	-48.646952
0.003689	-0.361744	-14.274534	-11.432153	-48.720130
0.003972	-0.414414	-14.338725	-11.455020	-48.793320
0.004275	-0.464134	-14.402915	-11.477848	-48.866522
0.004598	-0.510428	-14.467106	-11.500636	-48.939735
0.004940	-0.553012	-14.531300	-11.523379	-49.012960
0.005301	-0.590760	-14.595500	-11.546074	-49.086195
0.005680	-0.624669	-14.659705	-11.568718	-49.159441
0.006074	-0.654822	-14.723920	-11.591306	-49.232696
0.006483	-0.681365	-14.788145	-11.613835	-49.305960
0.006905	-0.703477	-14.852383	-11.636301	-49.379232
0.007337	-0.723354	-14.916635	-11.658700	-49.452512
0.007778	-0.739200	-14.980903	-11.681027	-49.525800
0.008226	-0.753210	-15.045190	-11.703280	-49.599094
0.008678	-0.763573	-15.109497	-11.725453	-49.672395
0.009132	-0.772462	-15.173825	-11.747542	-49.745702
0.009587	-0.778034	-15.238177	-11.769543	-49.819015
0.010041	-0.782429	-15.302554	-11.791452	-49.892334
0.010490	-0.784770	-15.366958	-11.813264	-49.965658
0.010935	-0.785199	-15.431389	-11.834975	-50.038988
0.011374	-0.783970	-15.495849	-11.856581	-50.112324
0.011807	-0.781325	-15.560339	-11.878077	-50.185666
0.012235	-0.778469	-15.624859	-11.899459	-50.259014
0.012657	-0.773575	-15.689411	-11.920723	-50.332369
0.013075	-0.768791	-15.753994	-11.941865	-50.405731
0.013487	-0.762244	-15.818610	-11.962880	-50.479101
0.013895	-0.756042	-15.883259	-11.983765	-50.552479
0.014299	-0.748283	-15.947941	-12.004516	-50.625866
0.014698	-0.740050	-16.012656	-12.025127	-50.699264
0.015094	-0.732416	-16.077403	-12.045596	-50.772673
0.015487	-0.723450	-16.142183	-12.065917	-50.846093
0.015877	-0.714208	-16.206996	-12.086088	-50.919527
0.016265	-0.704744	-16.271840	-12.106104	-50.992974
0.016650	-0.694107	-16.336717	-12.125961	-51.066437
0.017034	-0.683340	-16.401623	-12.145656	-51.139917
0.017416	-0.672481	-16.466560	-12.165183	-51.213415
0.017797	-0.660568	-16.531526	-12.184540	-51.286932
0.018177	-0.648634	-16.596520	-12.203723	-51.360470
0.018557	-0.635709	-16.661540	-12.222727	-51.434031
0.000000	0.000000	-16.661540	-12.222727	-51.434031
