0.050957	-0.832193	0.000000	0.000000	0.000000
0.046610	-0.792321	0.099999	0.000343	-0.000377
0.042346	-0.745552	0.199994	0.001013	-0.001085
0.038198	-0.690266	0.299984	0.001995	-0.002081
0.034203	-0.624323	0.399968	0.003271	-0.003320
0.030405	-0.544905	0.499946	0.004824	-0.004759
0.026858	-0.449371	0.599917	0.006638	-0.006356
0.023632	-0.331236	0.699881	0.008693	-0.008069
0.020812	-0.187603	0.799839	0.010972	-0.009859
0.018502	-0.013626	0.899791	0.013455	-0.011687
0.016811	0.190450	0.999739	0.016123	-0.013519
0.015818	0.416617	1.099683	0.018956	-0.015318
0.015529	0.648811	1.199623	0.021933	-0.017053
0.015854	0.869165	1.299562	0.025034	-0.018694
0.016631	1.065063	1.399499	0.028238	-0.020215
0.017685	1.234590	1.499435	0.031522	-0.021589
0.018866	1.381673	1.599372	0.034865	-0.022797
0.020062	1.509503	1.699310	0.038242	-0.023820
0.021194	1.624449	1.799249	0.041633	-0.024642
0.022212	1.731305	1.899190	0.045011	-0.025252
0.023089	1.834182	1.999133	0.048355	-0.025644
0.023825	1.936448	2.099079	0.051638	-0.025812
0.024464	2.040107	2.199028	0.054835	-0.025758
0.025064	2.145152	2.298980	0.057922	-0.025486
0.025685	2.253788	2.398936	0.060873	-0.025003
0.026388	2.363488	2.498894	0.063662	-0.024322
0.027225	2.475090	2.598857	0.066263	-0.023455
0.028243	2.584962	2.698823	0.068650	-0.022420
0.029473	2.693255	2.798793	0.070796	-0.021236
0.030932	2.796170	2.898767	0.072678	-0.019924
0.032621	2.893200	2.998744	0.074268	-0.018508
0.034530	2.984266	3.098725	0.075542	-0.017011
0.036638	3.066752	3.198708	0.076474	-0.015461
0.038915	3.141460	3.298694	0.077042	-0.013884
0.041328	-3.074676	3.398682	0.077220	-0.012307
0.043841	-3.013952	3.498669	0.076986	-0.010758
0.046417	-2.961098	3.598656	0.076317	-0.009265
0.049017	-2.914610	3.698640	0.075192	-0.007855
0.051607	-2.873986	3.798618	0.073589	-0.006557
0.054151	-2.837755	3.898590	0.071489	-0.005396
0.056615	-2.807499	3.998550	0.068872	-0.004397
0.058970	-2.781762	4.098497	0.065721	-0.003584
0.061206	-2.758799	4.198427	0.062018	-0.002980
0.063321	-2.739925	4.298335	0.057749	-0.002605
0.065314	-2.723582	4.398217	0.052897	-0.002479
0.067189	-2.709316	4.498069	0.047450	-0.002618
0.068949	-2.695747	4.597884	0.041394	-0.003040
0.070600	-2.684556	4.697659	0.034717	-0.003759
0.072146	-2.674473	4.797386	0.027410	-0.004791
0.073596	-2.664262	4.897060	0.019460	-0.006149
0.074957	-2.655719	4.996675	0.010860	-0.007846
0.076235	-2.647660	5.096225	0.001601	-0.009893
0.077440	-2.638922	5.195701	-0.008326	-0.012301
0.078579	-2.631357	5.295099	-0.018926	-0.015084
0.079661	-2.622828	5.394410	-0.030206	-0.018250
0.080694	-2.615211	5.493628	-0.042172	-0.021811
0.081689	-2.606388	5.592745	-0.054828	-0.025777
0.082654	-2.598251	5.691752	-0.068179	-0.030160
0.083599	-2.588701	5.790644	-0.082228	-0.034968
0.084533	-2.579642	5.889411	-0.096978	-0.040215
0.085468	-2.568990	5.988045	-0.112433	-0.045910
0.086411	-2.557689	6.086538	-0.128593	-0.052067
0.087366	-2.546788	6.184882	-0.145460	-0.058697
0.088331	-2.534357	6.283068	-0.163035	-0.065814
0.089307	-2.521462	6.381087	-0.181319	-0.073431
0.090294	-2.508168	6.478930	-0.200311	-0.081562
0.091291	-2.495536	6.576587	-0.220011	-0.090224
0.092298	-2.481624	6.674049	-0.240417	-0.099429
0.093314	-2.468487	6.771306	-0.261529	-0.109193
0.094339	-2.454179	6.868348	-0.283344	-0.119531
0.095372	-2.440748	6.965166	-0.305860	-0.130460
0.096411	-2.426241	7.061748	-0.329074	-0.141994
0.097454	-2.412703	7.158084	-0.352983	-0.154149
0.098501	-2.399174	7.254163	-0.377583	-0.166942
0.099550	-2.384693	7.349974	-0.402871	-0.180386
0.100598	-2.371297	7.445506	-0.428841	-0.194500
0.101643	-2.359018	7.540747	-0.455490	-0.209298
0.102684	-2.345887	7.635686	-0.482812	-0.224794
0.103717	-2.332934	7.730310	-0.510802	-0.241004
0.104740	-2.321185	7.824608	-0.539454	-0.257942
0.105750	-2.308664	7.918568	-0.568763	-0.275623
0.106744	-2.297388	8.012176	-0.598722	-0.294060
0.107722	-2.286349	8.105421	-0.629326	-0.313266
0.108684	-2.275532	8.198289	-0.660567	-0.333255
0.109629	-2.264923	8.290767	-0.692439	-0.354038
0.110557	-2.254511	8.382842	-0.724935	-0.375628
0.111469	-2.245283	8.474502	-0.758047	-0.398035
0.112364	-2.235228	8.565732	-0.791769	-0.421272
0.113241	-2.225335	8.656519	-0.826092	-0.445347
0.114102	-2.216593	8.746849	-0.861009	-0.470273
0.114946	-2.206994	8.836709	-0.896511	-0.496057
0.115773	-2.198527	8.926084	-0.932589	-0.522710
0.116584	-2.189183	9.014962	-0.969235	-0.550241
0.117377	-2.179955	9.103326	-1.006439	-0.578657
0.118154	-2.170834	9.191165	-1.044192	-0.607968
0.118915	-2.161812	9.278463	-1.082482	-0.638181
0.119659	-2.152883	9.365207	-1.121300	-0.669305
0.120387	-2.144039	9.451382	-1.160635	-0.701346
0.121099	-2.135273	9.536975	-1.200474	-0.734311
0.121796	-2.126579	9.621971	-1.240808	-0.768208
0.122476	-2.116952	9.706355	-1.281623	-0.803041
0.123141	-2.107387	9.790115	-1.322908	-0.838817
0.123789	-2.097892	9.873235	-1.364647	-0.875543
0.124417	-2.088478	9.955703	-1.406828	-0.913223
0.125023	-2.079152	10.037505	-1.449437	-0.951863
0.125606	-2.069922	10.118626	-1.492458	-0.991467
0.126162	-2.059797	10.199054	-1.535879	-1.032039
0.126691	-2.049784	10.278774	-1.579681	-1.073584
0.127189	-2.040889	10.357775	-1.623851	-1.116104
0.127654	-2.030118	10.436042	-1.668371	-1.159603
0.128083	-2.020477	10.513564	-1.713224	-1.204083
0.128475	-2.010971	10.590329	-1.758395	-1.249546
0.128827	-2.000604	10.666323	-1.803864	-1.295993
0.129137	-1.991382	10.741537	-1.849616	-1.343425
0.129401	-1.981309	10.815957	-1.895631	-1.391842
0.129617	-1.971388	10.889575	-1.941892	-1.441243
0.129784	-1.961624	10.962378	-1.988380	-1.491626
0.129898	-1.952020	11.034358	-2.035077	-1.542991
0.129956	-1.941579	11.105504	-2.081964	-1.595334
0.129957	-1.932306	11.175809	-2.129021	-1.648652
0.129897	-1.923203	11.245264	-2.176230	-1.702942
0.129777	-1.913265	11.313860	-2.223573	-1.758197
0.129604	-1.903454	11.381592	-2.271030	-1.814413
0.129389	-1.893725	11.448453	-2.318582	-1.871584
0.129145	-1.884034	11.514436	-2.366210	-1.929703
0.128880	-1.874339	11.579537	-2.413894	-1.988763
0.128608	-1.864601	11.643750	-2.461616	-2.048757
0.128339	-1.854780	11.707071	-2.509357	-2.109677
0.128084	-1.843841	11.769496	-2.557097	-2.171516
0.127855	-1.832749	11.831021	-2.604817	-2.234266
0.127665	-1.822471	11.891642	-2.652496	-2.297919
0.127523	-1.809976	11.951356	-2.700115	-2.362469
0.127444	-1.798238	12.010160	-2.747653	-2.427908
0.127437	-1.786231	12.068050	-2.795088	-2.494230
0.127517	-1.772935	12.125024	-2.842400	-2.561428
0.127694	-1.759332	12.181078	-2.889565	-2.629497
0.127982	-1.745409	12.236208	-2.936562	-2.698432
0.128392	-1.730158	12.290411	-2.983365	-2.768228
0.128938	-1.714576	12.343684	-3.029951	-2.838881
0.129632	-1.698664	12.396022	-3.076292	-2.910388
0.130487	-1.681431	12.447420	-3.122363	-2.982746
0.131510	-1.663914	12.497875	-3.168133	-3.055954
0.132685	-1.646256	12.547381	-3.213574	-3.130010
0.133987	-1.627617	12.595932	-3.258653	-3.204914
0.135393	-1.610143	12.643522	-3.303340	-3.280666
0.136878	-1.591966	12.690146	-3.347600	-3.357264
0.138416	-1.574206	12.735796	-3.391401	-3.434708
0.139982	-1.557969	12.780467	-3.434709	-3.512995
0.141549	-1.541352	12.824150	-3.477490	-3.592125
0.143091	-1.527441	12.866840	-3.519712	-3.672093
0.144580	-1.514313	12.908528	-3.561344	-3.752895
0.145990	-1.503039	12.949206	-3.602354	-3.834525
0.147294	-1.493687	12.988866	-3.642717	-3.916975
0.148464	-1.486323	13.027497	-3.682405	-4.000236
0.149475	-1.482013	13.065091	-3.721396	-4.084298
0.150299	-1.479825	13.101635	-3.759672	-4.169148
0.150911	-1.480833	13.137117	-3.797218	-4.254771
0.151286	-1.484121	13.171524	-3.834022	-4.341152
0.151399	-1.490782	13.204843	-3.870080	-4.428271
0.151227	-1.499926	13.237058	-3.905390	-4.516108
0.150747	-1.511679	13.268156	-3.939955	-4.604641
0.149947	-1.527145	13.298123	-3.973786	-4.693846
0.148851	-1.545257	13.326944	-4.006895	-4.783697
0.147490	-1.565910	13.354606	-4.039304	-4.874165
0.145897	-1.587004	13.381096	-4.071037	-4.965221
0.144104	-1.610441	13.406406	-4.102120	-5.056836
0.142143	-1.635120	13.430527	-4.132582	-5.148979
0.140044	-1.659930	13.453452	-4.162457	-5.241617
0.137837	-1.684751	13.475179	-4.191777	-5.334721
0.135551	-1.710447	13.495707	-4.220575	-5.428259
0.133211	-1.736862	13.515036	-4.248884	-5.522200
0.130844	-1.761820	13.533169	-4.276741	-5.616514
0.128471	-1.787116	13.550111	-4.304177	-5.711173
0.126112	-1.812522	13.565871	-4.331225	-5.806147
0.123787	-1.835775	13.580455	-4.357917	-5.901409
0.121509	-1.858586	13.593874	-4.384283	-5.996932
0.119293	-1.879631	13.606140	-4.410350	-6.092693
0.117148	-1.899554	13.617264	-4.436144	-6.188666
0.115083	-1.915969	13.627260	-4.461687	-6.284831
0.113105	-1.930462	13.636141	-4.486998	-6.381166
0.111220	-1.941590	13.643923	-4.512095	-6.477653
0.109431	-1.948971	13.650619	-4.536988	-6.574273
0.107731	-1.952554	13.656245	-4.561686	-6.671012
0.106109	-1.952390	13.660816	-4.586193	-6.767854
0.104561	-1.948545	13.664347	-4.610509	-6.864789
0.103082	-1.941099	13.666854	-4.634629	-6.961804
0.101671	-1.931151	13.668353	-4.658548	-7.058890
0.100329	-1.917813	13.668859	-4.682255	-7.156038
0.099056	-1.900212	13.668389	-4.705738	-7.253240
0.097854	-1.880495	13.666959	-4.728981	-7.350491
0.096726	-1.857820	13.664585	-4.751968	-7.447784
0.095675	-1.832366	13.661286	-4.774677	-7.545116
0.094702	-1.805325	13.657079	-4.797088	-7.642481
0.093809	-1.774905	13.651980	-4.819178	-7.739878
0.092997	-1.743329	13.646011	-4.840922	-7.837302
0.092265	-1.708830	13.639189	-4.862295	-7.934753
0.091609	-1.673651	13.631535	-4.883270	-8.032229
0.091027	-1.638041	13.623070	-4.903820	-8.129728
0.090511	-1.601252	13.613815	-4.923917	-8.227249
0.090055	-1.564536	13.603792	-4.943537	-8.324792
0.089648	-1.529143	13.593024	-4.962651	-8.422356
0.089280	-1.494289	13.581532	-4.981237	-8.519939
0.088941	-1.461070	13.569340	-4.999269	-8.617541
0.088621	-1.428544	13.556468	-5.016728	-8.715161
0.088309	-1.398766	13.542940	-5.033591	-8.812796
0.087996	-1.370781	13.528776	-5.049842	-8.910445
0.087672	-1.345628	13.513996	-5.065465	-9.008105
0.087326	-1.321342	13.498619	-5.080445	-9.105773
0.086948	-1.299954	13.482665	-5.094770	-9.203448
0.086527	-1.279488	13.466151	-5.108430	-9.301124
0.086054	-1.261970	13.449094	-5.121416	-9.398799
0.085518	-1.246421	13.431510	-5.133723	-9.496469
0.084911	-1.232864	13.413413	-5.145344	-9.594129
0.084222	-1.220321	13.394819	-5.156278	-9.691775
0.083441	-1.209819	13.375740	-5.166523	-9.789402
0.082560	-1.201387	13.356189	-5.176081	-9.887005
0.081570	-1.194060	13.336179	-5.184953	-9.984580
0.080461	-1.187882	13.315720	-5.193144	-10.082122
0.079226	-1.183905	13.294825	-5.200661	-10.179625
0.077857	-1.180194	13.273504	-5.207511	-10.277085
0.076345	-1.178832	13.251768	-5.213704	-10.374498
0.074687	-1.177901	13.229627	-5.219251	-10.471858
0.072890	-1.178427	13.207093	-5.224167	-10.569162
0.070968	-1.180435	13.184174	-5.228466	-10.666405
0.068932	-1.182966	13.160882	-5.232166	-10.763584
0.066795	-1.188082	13.137226	-5.235283	-10.860696
0.064572	-1.193864	13.113217	-5.237838	-10.957738
0.062275	-1.201410	13.088864	-5.239851	-11.054706
0.059919	-1.210845	13.064176	-5.241345	-11.151599
0.057519	-1.222313	13.039163	-5.242341	-11.248415
0.055090	-1.235982	13.013832	-5.242864	-11.345153
0.052647	-1.252046	12.988194	-5.242938	-11.441810
0.050206	-1.269723	12.962254	-5.242588	-11.538386
0.047785	-1.291253	12.936021	-5.241838	-11.634881
0.045400	-1.315896	12.909502	-5.240714	-11.731294
0.043070	-1.342923	12.882702	-5.239242	-11.827625
0.040813	-1.374604	12.855630	-5.237448	-11.923874
0.038647	-1.409189	12.828290	-5.235357	-12.020042
0.036591	-1.448878	12.800687	-5.232994	-12.116127
0.034665	-1.491785	12.772826	-5.230385	-12.212133
0.032886	-1.539890	12.744712	-5.227553	-12.308057
0.031269	-1.591032	12.716348	-5.224522	-12.403903
0.029822	-1.647043	12.687738	-5.221315	-12.499669
0.028549	-1.706630	12.658885	-5.217955	-12.595357
0.027454	-1.768312	12.629791	-5.214462	-12.690968
0.026537	-1.833415	12.600459	-5.210858	-12.786501
0.025797	-1.900086	12.570890	-5.207161	-12.881958
0.025227	-1.967342	12.541085	-5.203391	-12.977338
0.024820	-2.034127	12.511046	-5.199565	-13.072643
0.024563	-2.099397	12.480774	-5.195702	-13.167873
0.024443	-2.162192	12.450269	-5.191816	-13.263027
0.024442	-2.221696	12.419531	-5.187925	-13.358107
0.024544	-2.277272	12.388562	-5.184041	-13.453111
0.024731	-2.328476	12.357359	-5.180180	-13.548040
0.024986	-2.376040	12.325923	-5.176353	-13.642893
0.025292	-2.417853	12.294255	-5.172573	-13.737671
0.025634	-2.455921	12.262351	-5.168850	-13.832372
0.025998	-2.489339	12.230213	-5.165196	-13.926996
0.026373	-2.517258	12.197840	-5.161618	-14.021543
0.026748	-2.541861	12.165229	-5.158126	-14.116012
0.027115	-2.563343	12.132380	-5.154727	-14.210402
0.027464	-2.579931	12.099292	-5.151428	-14.304711
0.027794	-2.592977	12.065963	-5.148233	-14.398940
0.028100	-2.603838	12.032393	-5.145148	-14.493086
0.028382	-2.610840	11.998580	-5.142177	-14.587149
0.028640	-2.616282	11.964522	-5.139323	-14.681127
0.028874	-2.619437	11.930218	-5.136588	-14.775020
0.029084	-2.619558	11.895667	-5.133974	-14.868825
0.029273	-2.618880	11.860868	-5.131481	-14.962542
0.029440	-2.615622	11.825818	-5.129112	-15.056168
0.029589	-2.611995	11.790517	-5.126865	-15.149703
0.029721	-2.606199	11.754963	-5.124740	-15.243145
0.029837	-2.599426	11.719154	-5.122736	-15.336492
0.029940	-2.591864	11.683090	-5.120852	-15.429743
0.030031	-2.583699	11.646768	-5.119086	-15.522897
0.030111	-2.575113	11.610188	-5.117436	-15.615952
0.030182	-2.565286	11.573347	-5.115900	-15.708906
0.030244	-2.556397	11.536246	-5.114476	-15.801758
0.030300	-2.545625	11.498883	-5.113161	-15.894506
0.030349	-2.536149	11.461256	-5.111953	-15.987149
0.030392	-2.526148	11.423364	-5.110850	-16.079686
0.030429	-2.516768	11.385208	-5.109847	-16.172115
0.030461	-2.507033	11.346785	-5.108943	-16.264434
0.030486	-2.498934	11.308095	-5.108136	-16.356643
0.030506	-2.490466	11.269137	-5.107422	-16.448739
0.030519	-2.481622	11.229911	-5.106800	-16.540723
0.030526	-2.474397	11.190417	-5.106266	-16.632592
0.030526	-2.466786	11.150654	-5.105820	-16.724345
0.030520	-2.459786	11.110622	-5.105458	-16.815982
0.030508	-2.453393	11.070321	-5.105179	-16.907501
0.030489	-2.447607	11.029750	-5.104980	-16.998901
0.030464	-2.443426	10.988911	-5.104860	-17.090182
0.030433	-2.438849	10.947802	-5.104818	-17.181342
0.030397	-2.434876	10.906425	-5.104852	-17.272380
0.030354	-2.431509	10.864781	-5.104961	-17.363296
0.030306	-2.429750	10.822869	-5.105144	-17.454089
0.030252	-2.427600	10.780690	-5.105400	-17.544758
0.030194	-2.427063	10.738245	-5.105728	-17.635302
0.030131	-2.427142	10.695534	-5.106129	-17.725722
0.030063	-2.428842	10.652560	-5.106601	-17.816016
0.029992	-2.431166	10.609322	-5.107146	-17.906183
0.029917	-2.434109	10.565823	-5.107763	-17.996224
0.029839	-2.437624	10.522062	-5.108455	-18.086139
0.029758	-2.442654	10.478043	-5.109220	-18.175926
0.029673	-2.448142	10.433765	-5.110061	-18.265585
0.029585	-2.454029	10.389231	-5.110979	-18.355116
0.029494	-2.461257	10.344442	-5.111975	-18.444520
0.029400	-2.468768	10.299399	-5.113051	-18.533795
0.029303	-2.476502	10.254106	-5.114209	-18.622941
0.029202	-2.484400	10.208562	-5.115451	-18.711960
0.029098	-2.493403	10.162771	-5.116779	-18.800849
0.028990	-2.501450	10.116734	-5.118195	-18.889611
0.028878	-2.510480	10.070453	-5.119701	-18.978244
0.028762	-2.519431	10.023930	-5.121299	-19.066748
0.028641	-2.527242	9.977167	-5.122991	-19.155125
0.028514	-2.535850	9.930167	-5.124778	-19.243373
0.028382	-2.544190	9.882932	-5.126663	-19.331494
0.028243	-2.552199	9.835463	-5.128648	-19.419487
0.028097	-2.559810	9.787763	-5.130733	-19.507353
0.027944	-2.566956	9.739834	-5.132921	-19.595091
0.027782	-2.573568	9.691679	-5.135213	-19.682703
0.027612	-2.579589	9.643300	-5.137609	-19.770189
0.027433	-2.585018	9.594699	-5.140111	-19.857548
0.027247	-2.588865	9.545879	-5.142720	-19.944782
0.027055	-2.593139	9.496841	-5.145435	-20.031891
0.026858	-2.595851	9.447588	-5.148256	-20.118875
0.026656	-2.599007	9.398123	-5.151185	-20.205735
0.026451	-2.600614	9.348447	-5.154220	-20.292470
0.026244	-2.602679	9.298562	-5.157362	-20.379083
0.026036	-2.603208	9.248472	-5.160609	-20.465572
0.025828	-2.603207	9.198177	-5.163961	-20.551938
0.025621	-2.602683	9.147680	-5.167418	-20.638183
0.025417	-2.601641	9.096982	-5.170978	-20.724305
0.025216	-2.600091	9.046086	-5.174640	-20.810306
0.025020	-2.598039	8.994993	-5.178403	-20.896186
0.024829	-2.594495	8.943706	-5.182266	-20.981946
0.024646	-2.591470	8.892224	-5.186227	-21.067584
0.024472	-2.586976	8.840551	-5.190285	-21.153103
0.024307	-2.583029	8.788686	-5.194438	-21.238501
0.024152	-2.577644	8.736632	-5.198684	-21.323779
0.024011	-2.571841	8.684390	-5.203022	-21.408937
0.023882	-2.565651	8.631960	-5.207449	-21.493975
0.023766	-2.559144	8.579343	-5.211965	-21.578893
0.023662	-2.552401	8.526540	-5.216566	-21.663691
0.023569	-2.545504	8.473551	-5.221252	-21.748368
0.023487	-2.538537	8.420378	-5.226020	-21.832925
0.023415	-2.531583	8.367020	-5.230868	-21.917361
0.023351	-2.523727	8.313477	-5.235795	-22.001675
0.023296	-2.517053	8.259751	-5.240798	-22.085868
0.023247	-2.510645	8.205841	-5.245876	-22.169939
0.023205	-2.504585	8.151747	-5.251028	-22.253888
0.023167	-2.498957	8.097470	-5.256251	-22.337713
0.023133	-2.493841	8.043010	-5.261545	-22.421416
0.023103	-2.489319	7.988367	-5.266908	-22.504994
0.023074	-2.485470	7.933542	-5.272340	-22.588449
0.023045	-2.483374	7.878534	-5.277838	-22.671779
0.023017	-2.481111	7.823344	-5.283403	-22.754984
0.022987	-2.480761	7.767973	-5.289034	-22.838065
0.022955	-2.481402	7.712421	-5.294730	-22.921019
0.022920	-2.483118	7.656688	-5.300493	-23.003848
0.022881	-2.486989	7.600775	-5.306321	-23.086552
0.022838	-2.491072	7.544684	-5.312216	-23.169129
0.022791	-2.497303	7.488414	-5.318179	-23.251580
0.022739	-2.505593	7.431967	-5.324210	-23.333905
0.022684	-2.513849	7.375345	-5.330312	-23.416104
0.022626	-2.523981	7.318548	-5.336485	-23.498177
0.022565	-2.534897	7.261578	-5.342732	-23.580124
0.022501	-2.546505	7.204436	-5.349055	-23.661946
0.022435	-2.558714	7.147125	-5.355456	-23.743643
0.022366	-2.571430	7.089645	-5.361937	-23.825216
0.022295	-2.584558	7.031998	-5.368501	-23.906664
0.022222	-2.599006	6.974187	-5.375150	-23.987988
0.022147	-2.612677	6.916213	-5.381887	-24.069189
0.022070	-2.626476	6.858078	-5.388714	-24.150268
0.021989	-2.641306	6.799784	-5.395634	-24.231224
0.021906	-2.655071	6.741334	-5.402649	-24.312060
0.021819	-2.668671	6.682728	-5.409761	-24.392774
0.021728	-2.682010	6.623970	-5.416973	-24.473369
0.021632	-2.695988	6.565062	-5.424287	-24.553844
0.021530	-2.708505	6.506005	-5.431705	-24.634202
0.021422	-2.720459	6.446803	-5.439229	-24.714441
0.021306	-2.730780	6.387456	-5.446860	-24.794564
0.021182	-2.741529	6.327967	-5.454600	-24.874572
0.021048	-2.751803	6.268338	-5.462450	-24.954464
0.020904	-2.760698	6.208572	-5.470411	-25.034243
0.020750	-2.770316	6.148670	-5.478483	-25.113908
0.020583	-2.778760	6.088634	-5.486669	-25.193461
0.020405	-2.787137	6.028468	-5.494968	-25.272904
0.020214	-2.795558	5.968172	-5.503380	-25.352236
0.020009	-2.803140	5.907749	-5.511907	-25.431460
0.019791	-2.812004	5.847202	-5.520547	-25.510577
0.019559	-2.821280	5.786533	-5.529301	-25.589587
0.019312	-2.830106	5.725745	-5.538170	-25.668493
0.019051	-2.839629	5.664839	-5.547153	-25.747295
0.018776	-2.850010	5.603820	-5.556250	-25.825996
0.018486	-2.861421	5.542689	-5.565460	-25.904598
0.018182	-2.874051	5.481450	-5.574785	-25.983102
0.017864	-2.887109	5.420107	-5.584223	-26.061510
0.017533	-2.902823	5.358661	-5.593774	-26.139825
0.017190	-2.919446	5.297118	-5.603439	-26.218049
0.016835	-2.938258	5.235480	-5.613217	-26.296185
0.016473	-2.959491	5.173752	-5.623108	-26.374235
0.016106	-2.982075	5.111937	-5.633112	-26.452202
0.015740	-3.007836	5.050040	-5.643230	-26.530089
0.015380	-3.034559	4.988066	-5.653462	-26.607900
0.015029	-3.063978	4.926019	-5.663807	-26.685637
0.014691	-3.093771	4.863903	-5.674266	-26.763305
0.014370	-3.124556	4.801724	-5.684839	-26.840906
0.014066	3.127297	4.739484	-5.695527	-26.918443
0.013782	3.095920	4.677190	-5.706329	-26.995920
0.013517	3.065057	4.614844	-5.717246	-27.073340
0.013272	3.035314	4.552451	-5.728277	-27.150706
0.013044	3.006334	4.490015	-5.739423	-27.228020
0.012832	2.980789	4.427540	-5.750683	-27.305286
0.012633	2.958372	4.365027	-5.762057	-27.382505
0.012444	2.938796	4.302481	-5.773544	-27.459680
0.012262	2.924788	4.239903	-5.785144	-27.536813
0.012085	2.915098	4.177296	-5.796856	-27.613905
0.011910	2.911503	4.114660	-5.808678	-27.690957
0.011738	2.914817	4.051997	-5.820609	-27.767970
0.011568	2.924895	3.989306	-5.832648	-27.844944
0.011405	2.943323	3.926588	-5.844792	-27.921878
0.011264	2.969419	3.863841	-5.857039	-27.998773
0.011159	3.001971	3.801064	-5.869386	-28.075627
0.011106	3.039458	3.738254	-5.881831	-28.152439
0.011119	3.079037	3.675409	-5.894372	-28.229206
0.011207	3.119601	3.612525	-5.907006	-28.305926
0.011380	-3.124264	3.549599	-5.919731	-28.382597
0.011642	-3.087356	3.486627	-5.932546	-28.459215
0.011995	-3.057786	3.423606	-5.945451	-28.535778
0.012438	-3.034093	3.360533	-5.958446	-28.612282
0.012971	-3.018365	3.297402	-5.971533	-28.688723
0.013594	-3.011230	3.234212	-5.984713	-28.765099
0.014309	-3.012900	3.170957	-5.997991	-28.841404
0.015122	-3.023228	3.107636	-6.011373	-28.917637
0.016039	-3.041772	3.044246	-6.024864	-28.993792
0.017075	-3.066848	2.980784	-6.038474	-29.069867
0.018245	-3.099580	2.917248	-6.052213	-29.145857
0.019567	-3.137945	2.853639	-6.066094	-29.221759
0.021066	3.103362	2.789954	-6.080131	-29.297570
0.022766	3.058134	2.726196	-6.094341	-29.373286
0.024688	3.010933	2.662366	-6.108744	-29.448905
0.026834	2.963756	2.598466	-6.123361	-29.524424
0.029194	2.918183	2.534499	-6.138217	-29.599840
0.031756	2.876201	2.470470	-6.153339	-29.675150
0.034500	2.837346	2.406385	-6.168753	-29.750353
0.037406	2.801827	2.342249	-6.184490	-29.825446
0.040448	2.768641	2.278068	-6.200582	-29.900425
0.043602	2.739650	2.213851	-6.217059	-29.975289
0.046841	2.714646	2.149604	-6.233955	-30.050035
0.050139	2.691390	2.085338	-6.251302	-30.124660
0.053467	2.670636	2.021059	-6.269136	-30.199160
0.056798	2.652146	1.956779	-6.287488	-30.273532
0.060106	2.635701	1.892506	-6.306393	-30.347773
0.063362	2.622100	1.828252	-6.325883	-30.421877
0.066539	2.609167	1.764026	-6.345990	-30.495841
0.069609	2.597748	1.699839	-6.366746	-30.569660
0.072547	2.587707	1.635701	-6.388179	-30.643329
0.075324	2.579932	1.571625	-6.410318	-30.716841
0.077913	2.572327	1.507620	-6.433190	-30.790191
0.080288	2.565812	1.443697	-6.456817	-30.863373
0.082429	2.559307	1.379867	-6.481223	-30.936381
0.084338	2.554672	1.316140	-6.506426	-31.009207
0.086027	2.550778	1.252526	-6.532444	-31.081846
0.087506	2.547520	1.189035	-6.559290	-31.154290
0.088786	2.543813	1.125676	-6.586978	-31.226533
0.089878	2.541585	1.062458	-6.615518	-31.298567
0.090792	2.538776	0.999390	-6.644917	-31.370387
0.091540	2.537336	0.936480	-6.675182	-31.441986
0.092133	2.535220	0.873736	-6.706318	-31.513356
0.092583	2.533392	0.811165	-6.738328	-31.584491
0.092899	2.532817	0.748775	-6.771214	-31.655386
0.093094	2.531465	0.686573	-6.804975	-31.726033
0.093179	2.531309	0.624565	-6.839611	-31.796428
0.093165	2.530324	0.562756	-6.875119	-31.866563
0.093063	2.530487	0.501154	-6.911496	-31.936433
0.092885	2.529776	0.439762	-6.948739	-32.006032
0.092642	2.530169	0.378587	-6.986841	-32.075356
0.092346	2.530645	0.317633	-7.025798	-32.144399
0.092007	2.530185	0.256903	-7.065604	-32.213155
0.091638	2.530768	0.196403	-7.106252	-32.281620
0.091247	2.531376	0.136136	-7.147735	-32.349789
0.090837	2.532004	0.076106	-7.190047	-32.417658
0.090410	2.533646	0.016316	-7.233180	-32.485221
0.089966	2.534299	-0.043230	-7.277126	-32.552474
0.089505	2.534958	-0.102531	-7.321878	-32.619412
0.089030	2.535620	-0.161582	-7.367429	-32.686031
0.088540	2.537280	-0.220381	-7.413770	-32.752327
0.088037	2.537934	-0.278925	-7.460893	-32.818296
0.087522	2.539577	-0.337213	-7.508791	-32.883934
0.086995	2.540205	-0.395242	-7.557454	-32.949237
0.086457	2.540813	-0.453010	-7.606876	-33.014202
0.085910	2.542396	-0.510514	-7.657047	-33.078826
0.085353	2.542950	-0.567752	-7.707958	-33.143104
0.084789	2.543469	-0.624724	-7.759602	-33.207035
0.084217	2.544948	-0.681426	-7.811969	-33.270616
0.083640	2.545382	-0.737858	-7.865052	-33.333843
0.083057	2.545766	-0.794017	-7.918841	-33.396715
0.082470	2.546094	-0.849902	-7.973328	-33.459230
0.081879	2.546360	-0.905512	-8.028503	-33.521385
0.081286	2.546559	-0.960844	-8.084360	-33.583178
0.080690	2.546686	-1.015897	-8.140887	-33.644609
0.080093	2.545745	-1.070669	-8.198079	-33.705676
0.079494	2.545741	-1.125159	-8.255924	-33.766378
0.078893	2.544679	-1.179366	-8.314416	-33.826713
0.078289	2.544566	-1.233287	-8.373545	-33.886682
0.077683	2.543407	-1.286920	-8.433304	-33.946284
0.077075	2.543209	-1.340266	-8.493683	-34.005518
0.076463	2.541977	-1.393321	-8.554673	-34.064384
0.075849	2.540718	-1.446086	-8.616268	-34.122882
0.075231	2.540439	-1.498558	-8.678458	-34.181012
0.074610	2.539146	-1.550737	-8.741235	-34.238774
0.073985	2.537846	-1.602621	-8.804590	-34.296168
0.073357	2.537546	-1.654209	-8.868516	-34.353196
0.072725	2.536255	-1.705501	-8.933004	-34.409857
0.072088	2.535979	-1.756497	-8.998046	-34.466151
0.071448	2.534726	-1.807195	-9.063633	-34.522080
0.070803	2.534505	-1.857595	-9.129757	-34.577644
0.070153	2.534325	-1.907697	-9.196411	-34.632844
0.069498	2.534194	-1.957502	-9.263585	-34.687681
0.068839	2.534121	-2.007010	-9.331273	-34.742155
0.068174	2.534112	-2.056220	-9.399465	-34.796267
0.067504	2.534162	-2.105134	-9.468155	-34.850018
0.066829	2.535261	-2.153753	-9.537332	-34.903410
0.066150	2.535398	-2.202077	-9.606991	-34.956443
0.065466	2.536564	-2.250107	-9.677122	-35.009118
0.064778	2.537747	-2.297846	-9.747719	-35.061436
0.064086	2.537936	-2.345295	-9.818772	-35.113398
0.063391	2.539120	-2.392454	-9.890274	-35.165006
0.062692	2.540286	-2.439327	-9.962218	-35.216262
0.061989	2.541421	-2.485914	-10.034595	-35.267165
0.061284	2.542511	-2.532217	-10.107398	-35.317719
0.060576	2.543544	-2.578240	-10.180620	-35.367924
0.059865	2.544504	-2.623982	-10.254252	-35.417783
0.059152	2.545376	-2.669448	-10.328287	-35.467297
0.058436	2.546143	-2.714638	-10.402719	-35.516468
0.057720	2.546789	-2.759555	-10.477539	-35.565299
0.057001	2.547297	-2.804201	-10.552740	-35.613791
0.056281	2.547646	-2.848579	-10.628315	-35.661948
0.055560	2.547819	-2.892689	-10.704257	-35.709771
0.054839	2.547793	-2.936535	-10.780559	-35.757264
0.054117	2.546555	-2.980119	-10.857213	-35.804429
0.053395	2.546116	-3.023441	-10.934214	-35.851270
0.052673	2.544496	-3.066505	-11.011553	-35.897790
0.051951	2.543717	-3.109312	-11.089225	-35.943992
0.051230	2.541800	-3.151863	-11.167223	-35.989881
0.050510	2.539769	-3.194161	-11.245540	-36.035458
0.049791	2.538648	-3.236208	-11.324170	-36.080729
0.049073	2.536465	-3.278005	-11.403105	-36.125698
0.048356	2.534248	-3.319554	-11.482341	-36.170367
0.047640	2.533026	-3.360857	-11.561871	-36.214741
0.046927	2.530830	-3.401916	-11.641689	-36.258824
0.046214	2.529695	-3.442733	-11.721788	-36.302620
0.045504	2.527657	-3.483311	-11.802162	-36.346133
0.044795	2.526752	-3.523652	-11.882807	-36.389366
0.044089	2.525022	-3.563758	-11.963715	-36.432324
0.043384	2.524510	-3.603632	-12.044881	-36.475010
0.042681	2.524261	-3.643277	-12.126300	-36.517428
0.041980	2.524325	-3.682694	-12.207966	-36.559582
0.041281	2.524753	-3.721888	-12.289873	-36.601475
0.040585	2.525601	-3.760862	-12.372016	-36.643111
0.039890	2.527914	-3.799619	-12.454390	-36.684493
0.039198	2.529681	-3.838162	-12.536989	-36.725624
0.038510	2.532876	-3.876496	-12.619808	-36.766508
0.037826	2.535471	-3.914624	-12.702843	-36.807148
0.037147	2.539433	-3.952550	-12.786087	-36.847546
0.036474	2.543730	-3.990279	-12.869536	-36.887705
0.035808	2.548325	-4.027814	-12.953185	-36.927629
0.035149	2.553177	-4.065160	-13.037030	-36.967320
0.034498	2.558244	-4.102322	-13.121065	-37.006780
0.033856	2.563478	-4.139303	-13.205286	-37.046012
0.033224	2.568827	-4.176108	-13.289689	-37.085019
0.032603	2.574236	-4.212741	-13.374269	-37.123804
0.031993	2.579645	-4.249207	-13.459022	-37.162369
0.031394	2.584987	-4.285509	-13.543943	-37.200717
0.030809	2.590192	-4.321651	-13.629029	-37.238850
0.030236	2.594184	-4.357638	-13.714275	-37.276771
0.029678	2.598882	-4.393473	-13.799678	-37.314483
0.029134	2.602198	-4.429159	-13.885234	-37.351989
0.028605	2.606039	-4.464700	-13.970939	-37.389292
0.028092	2.608307	-4.500098	-14.056790	-37.426393
0.027596	2.609917	-4.535357	-14.142784	-37.463297
0.027114	2.610861	-4.570479	-14.228917	-37.500005
0.026644	2.611150	-4.605467	-14.315186	-37.536522
0.026186	2.609799	-4.640322	-14.401589	-37.572850
0.025737	2.608825	-4.675047	-14.488122	-37.608991
0.025295	2.606248	-4.709643	-14.574783	-37.644951
0.024858	2.604085	-4.744111	-14.661568	-37.680731
0.024426	2.600360	-4.778454	-14.748476	-37.716334
0.023995	2.596094	-4.812672	-14.835503	-37.751765
0.023564	2.592307	-4.846767	-14.922647	-37.787027
0.023132	2.587023	-4.880740	-15.009906	-37.822123
0.022696	2.581263	-4.914591	-15.097277	-37.857057
0.022254	2.576046	-4.948323	-15.184758	-37.891832
0.021806	2.569391	-4.981937	-15.272346	-37.926452
0.021348	2.563315	-5.015433	-15.360038	-37.960921
0.020880	2.555832	-5.048813	-15.447832	-37.995242
0.020399	2.548952	-5.082078	-15.535725	-38.029421
0.019903	2.540683	-5.115229	-15.623716	-38.063460
0.019390	2.533026	-5.148268	-15.711800	-38.097365
0.018859	2.524977	-5.181197	-15.799976	-38.131139
0.018308	2.516521	-5.214017	-15.888241	-38.164788
0.017739	2.508617	-5.246730	-15.976591	-38.198314
0.017156	2.499220	-5.279338	-16.065024	-38.231724
0.016562	2.490282	-5.311844	-16.153538	-38.265022
0.015959	2.479756	-5.344250	-16.242128	-38.298213
0.015352	2.469595	-5.376558	-16.330792	-38.331302
0.014741	2.458751	-5.408771	-16.419527	-38.364293
0.014132	2.447183	-5.440891	-16.508330	-38.397192
0.013527	2.434850	-5.472921	-16.597198	-38.430003
0.012928	2.421723	-5.504864	-16.686127	-38.462732
0.012340	2.407780	-5.536722	-16.775116	-38.495383
0.011764	2.393019	-5.568498	-16.864161	-38.527961
0.011204	2.377457	-5.600194	-16.953259	-38.560471
0.010662	2.361143	-5.631813	-17.042407	-38.592917
0.010142	2.344164	-5.663358	-17.131604	-38.625303
0.009645	2.326657	-5.694832	-17.220846	-38.657634
0.009174	2.308819	-5.726235	-17.310131	-38.689914
0.008732	2.289919	-5.757572	-17.399457	-38.722146
0.008320	2.272314	-5.788844	-17.488821	-38.754334
0.007941	2.254452	-5.820053	-17.578222	-38.786482
0.007596	2.238813	-5.851201	-17.667658	-38.818592
0.007282	2.223682	-5.882291	-17.757126	-38.850666
0.006996	2.210266	-5.913324	-17.846626	-38.882708
0.006737	2.198743	-5.944302	-17.936157	-38.914719
0.006500	2.189254	-5.975226	-18.025716	-38.946701
0.006285	2.180900	-6.006098	-18.115303	-38.978656
0.006088	2.175740	-6.036919	-18.204916	-39.010585
0.005907	2.171787	-6.067692	-18.294555	-39.042489
0.005741	2.171009	-6.098416	-18.384220	-39.074368
0.005587	2.171334	-6.129094	-18.473908	-39.106224
0.005444	2.173648	-6.159727	-18.563620	-39.138058
0.005309	2.177801	-6.190316	-18.653355	-39.169869
0.005181	2.183614	-6.220862	-18.743113	-39.201658
0.005059	2.190877	-6.251366	-18.832892	-39.233426
0.004940	2.199362	-6.281830	-18.922692	-39.265172
0.004823	2.208818	-6.312255	-19.012514	-39.296897
0.004707	2.218983	-6.342641	-19.102356	-39.328600
0.004588	2.229579	-6.372990	-19.192218	-39.360282
0.004466	2.241319	-6.403303	-19.282099	-39.391944
0.004338	2.251898	-6.433582	-19.371999	-39.423584
0.004203	2.262064	-6.463828	-19.461918	-39.455204
0.004061	2.271829	-6.494041	-19.551855	-39.486803
0.003915	2.281270	-6.524224	-19.641809	-39.518383
0.003765	2.290462	-6.554377	-19.731780	-39.549942
0.003612	2.300479	-6.584502	-19.821767	-39.581483
0.003457	2.309393	-6.614600	-19.911770	-39.613005
0.003303	2.318281	-6.644673	-20.001787	-39.644509
0.003149	2.328217	-6.674722	-20.091818	-39.675995
0.002998	2.338281	-6.704748	-20.181864	-39.707464
0.002851	2.347552	-6.734752	-20.271922	-39.738917
0.002709	2.358109	-6.764736	-20.361992	-39.770354
0.002573	2.369031	-6.794701	-20.452074	-39.801776
0.002444	2.380386	-6.824648	-20.542167	-39.833183
0.002325	2.393233	-6.854578	-20.632271	-39.864576
0.002216	2.405606	-6.884492	-20.722384	-39.895956
0.002118	2.419507	-6.914392	-20.812507	-39.927322
0.002034	2.432894	-6.944277	-20.902640	-39.958675
0.001964	2.447665	-6.974148	-20.992781	-39.990016
0.001909	2.462658	-7.004008	-21.082931	-40.021344
0.001871	2.478638	-7.033855	-21.173089	-40.052660
0.001851	2.493286	-7.063690	-21.263255	-40.083964
0.001846	2.508136	-7.093514	-21.353429	-40.115256
0.001855	2.521767	-7.123327	-21.443611	-40.146535
0.001876	2.533858	-7.153128	-21.533801	-40.177802
0.001906	2.544195	-7.182919	-21.623999	-40.209055
0.001942	2.553658	-7.212699	-21.714205	-40.240296
0.001983	2.560196	-7.242468	-21.804420	-40.271523
0.002026	2.565805	-7.272226	-21.894643	-40.302736
0.002070	2.569500	-7.301972	-21.984875	-40.333934
0.002111	2.571294	-7.331707	-22.075116	-40.365118
0.002148	2.571178	-7.361430	-22.165366	-40.396287
0.002178	2.569105	-7.391141	-22.255625	-40.427440
0.002200	2.564972	-7.420840	-22.345893	-40.458578
0.002212	2.558602	-7.450527	-22.436171	-40.489701
0.002210	2.549718	-7.480201	-22.526458	-40.520808
0.002194	2.537910	-7.509863	-22.616755	-40.551899
0.002162	2.522586	-7.539512	-22.707062	-40.582975
0.002111	2.502890	-7.569148	-22.797377	-40.614037
0.002041	2.477579	-7.598771	-22.887702	-40.645084
0.001950	2.443815	-7.628382	-22.978035	-40.676118
0.001838	2.401068	-7.657979	-23.068377	-40.707140
0.001709	2.344570	-7.687565	-23.158726	-40.738151
0.001566	2.271456	-7.717138	-23.249083	-40.769152
0.001416	2.176035	-7.746699	-23.339446	-40.800146
0.001267	2.050231	-7.776248	-23.429816	-40.831134
0.001130	1.883752	-7.805787	-23.520190	-40.862118
0.001022	1.667238	-7.835315	-23.610568	-40.893100
0.000963	1.401959	-7.864833	-23.700949	-40.924082
0.000973	1.111997	-7.894343	-23.791332	-40.955068
0.001055	0.837495	-7.923844	-23.881716	-40.986059
0.001200	0.607717	-7.953338	-23.972099	-41.017058
0.001391	0.425203	-7.982827	-24.062481	-41.048066
0.001613	0.282463	-8.012310	-24.152860	-41.079088
0.001855	0.169877	-8.041790	-24.243236	-41.110125
0.002111	0.076774	-8.071267	-24.333605	-41.141179
0.002375	-0.001124	-8.100744	-24.423968	-41.172254
0.002643	-0.068212	-8.130223	-24.514323	-41.203351
0.002913	-0.129574	-8.159704	-24.604669	-41.234472
0.003184	-0.185411	-8.189190	-24.695004	-41.265620
0.003455	-0.238332	-8.218684	-24.785326	-41.296796
0.003725	-0.288386	-8.248186	-24.875636	-41.328003
0.003997	-0.336780	-8.277701	-24.965930	-41.359242
0.004272	-0.383445	-8.307230	-25.056208	-41.390514
0.004554	-0.427242	-8.336776	-25.146468	-41.421821
0.004843	-0.469006	-8.366342	-25.236709	-41.453165
0.005141	-0.508567	-8.395931	-25.326929	-41.484546
0.005449	-0.545774	-8.425546	-25.417128	-41.515965
0.005768	-0.579498	-8.455190	-25.507303	-41.547424
0.006097	-0.610644	-8.484867	-25.597453	-41.578924
0.006437	-0.639146	-8.514579	-25.687577	-41.610465
0.006787	-0.664972	-8.544331	-25.777673	-41.642050
0.007148	-0.687116	-8.574125	-25.867740	-41.673678
0.007518	-0.707596	-8.603964	-25.957775	-41.705352
0.007896	-0.724446	-8.633853	-26.047778	-41.737072
0.008282	-0.739716	-8.663794	-26.137746	-41.768840
0.008675	-0.751466	-8.693792	-26.227679	-41.800657
0.009074	-0.761761	-8.723848	-26.317573	-41.832525
0.009477	-0.768669	-8.753968	-26.407428	-41.864445
0.009884	-0.774257	-8.784153	-26.497242	-41.896420
0.010294	-0.777590	-8.814407	-26.587012	-41.928451
0.010706	-0.778775	-8.844733	-26.676738	-41.960539
0.011119	-0.778065	-8.875135	-26.766416	-41.992688
0.011533	-0.775721	-8.905614	-26.856045	-42.024900
0.011947	-0.772967	-8.936173	-26.945624	-42.057177
0.012362	-0.767998	-8.966816	-27.035150	-42.089521
0.012777	-0.762986	-8.997544	-27.124621	-42.121936
0.013192	-0.756078	-9.028360	-27.214035	-42.154424
0.013607	-0.749407	-9.059266	-27.303391	-42.186989
0.014022	-0.741087	-9.090264	-27.392685	-42.219632
0.014437	-0.732221	-9.121357	-27.481916	-42.252358
0.014852	-0.723899	-9.152546	-27.571083	-42.285170
0.015267	-0.714203	-9.183833	-27.660182	-42.318071
0.015681	-0.704203	-9.215220	-27.749212	-42.351065
0.016096	-0.693966	-9.246707	-27.838170	-42.384155
0.016511	-0.682549	-9.278298	-27.927055	-42.417344
0.016925	-0.671005	-9.309992	-28.015864	-42.450637
0.017340	-0.659382	-9.341791	-28.104595	-42.484038
0.017755	-0.646723	-9.373697	-28.193246	-42.517550
0.018170	-0.634066	-9.405709	-28.281815	-42.551177
0.018584	-0.620447	-9.437828	-28.370299	-42.584925
0.000000	0.000000	-9.437828	-28.370299	-42.584925
