0.050880	-0.830399	0.000000	0.000000	0.000000
0.046533	-0.790553	0.099999	0.000343	-0.000376
0.042271	-0.743803	0.199994	0.001014	-0.001082
0.038123	-0.688521	0.299984	0.001995	-0.002074
0.034129	-0.622557	0.399968	0.003271	-0.003309
0.030331	-0.543075	0.499946	0.004825	-0.004743
0.026785	-0.447404	0.599917	0.006637	-0.006333
0.023559	-0.329019	0.699881	0.008691	-0.008039
0.020741	-0.184972	0.799840	0.010969	-0.009822
0.018435	-0.010378	0.899792	0.013449	-0.011642
0.016750	0.194489	0.999740	0.016115	-0.013464
0.015767	0.421470	1.099684	0.018944	-0.015254
0.015491	0.654266	1.199625	0.021917	-0.016979
0.015829	0.874854	1.299564	0.025014	-0.018610
0.016619	1.070642	1.399501	0.028211	-0.020119
0.017685	1.239834	1.499438	0.031488	-0.021483
0.018876	1.386471	1.599375	0.034823	-0.022679
0.020081	1.513809	1.699313	0.038192	-0.023690
0.021219	1.628247	1.799253	0.041573	-0.024500
0.022243	1.734585	1.899194	0.044942	-0.025099
0.023124	1.836929	1.999138	0.048274	-0.025478
0.023863	1.938642	2.099084	0.051545	-0.025634
0.024502	2.041730	2.199034	0.054731	-0.025567
0.025100	2.146201	2.298986	0.057805	-0.025282
0.025716	2.254283	2.398942	0.060742	-0.024786
0.026411	2.363478	2.498901	0.063518	-0.024091
0.027239	2.474655	2.598863	0.066104	-0.023211
0.028244	2.584208	2.698830	0.068477	-0.022163
0.029459	2.692303	2.798800	0.070611	-0.020965
0.030901	2.795142	2.898773	0.072478	-0.019639
0.032574	2.892206	2.998751	0.074055	-0.018209
0.034467	2.983393	3.098731	0.075317	-0.016698
0.036560	3.066066	3.198715	0.076238	-0.015134
0.038823	3.140998	3.298701	0.076794	-0.013542
0.041224	-3.074893	3.398688	0.076962	-0.011950
0.043726	-3.013921	3.498675	0.076719	-0.010386
0.046294	-2.960824	3.598662	0.076043	-0.008877
0.048890	-2.914107	3.698645	0.074911	-0.007453
0.051477	-2.873269	3.798623	0.073302	-0.006139
0.054021	-2.836842	3.898594	0.071198	-0.004963
0.056488	-2.806406	3.998555	0.068579	-0.003949
0.058849	-2.780505	4.098502	0.065426	-0.003121
0.061094	-2.757393	4.198431	0.061724	-0.002502
0.063220	-2.738384	4.298339	0.057455	-0.002113
0.065227	-2.721920	4.398222	0.052607	-0.001973
0.067117	-2.707543	4.498073	0.047163	-0.002099
0.068893	-2.693874	4.597889	0.041113	-0.002508
0.070560	-2.682595	4.697664	0.034442	-0.003216
0.072125	-2.672432	4.797392	0.027142	-0.004238
0.073593	-2.662151	4.897067	0.019201	-0.005586
0.074971	-2.653546	4.996683	0.010609	-0.007275
0.076267	-2.645435	5.096233	0.001359	-0.009315
0.077489	-2.636654	5.195711	-0.008557	-0.011719
0.078644	-2.629056	5.295110	-0.019147	-0.014499
0.079740	-2.620504	5.394422	-0.030416	-0.017664
0.080787	-2.612873	5.493641	-0.042371	-0.021226
0.081793	-2.604047	5.592759	-0.055016	-0.025195
0.082767	-2.595919	5.691768	-0.068356	-0.029583
0.083718	-2.586387	5.790661	-0.082394	-0.034399
0.084656	-2.577359	5.889429	-0.097133	-0.039656
0.085591	-2.566747	5.988064	-0.112576	-0.045363
0.086532	-2.555497	6.086559	-0.128725	-0.051534
0.087480	-2.544653	6.184903	-0.145581	-0.058181
0.088436	-2.532284	6.283090	-0.163145	-0.065316
0.089401	-2.519452	6.381109	-0.181417	-0.072954
0.090374	-2.506219	6.478952	-0.200397	-0.081109
0.091356	-2.493645	6.576610	-0.220084	-0.089795
0.092346	-2.479786	6.674072	-0.240478	-0.099027
0.093345	-2.466695	6.771329	-0.261576	-0.108819
0.094352	-2.452423	6.868371	-0.283377	-0.119187
0.095366	-2.439020	6.965189	-0.305877	-0.130147
0.096387	-2.424530	7.061771	-0.329075	-0.141713
0.097414	-2.410997	7.158107	-0.352966	-0.153901
0.098445	-2.397463	7.254186	-0.377547	-0.166728
0.099480	-2.382966	7.349998	-0.402815	-0.180208
0.100515	-2.369543	7.445531	-0.428763	-0.194357
0.101551	-2.357226	7.540773	-0.455387	-0.209191
0.102585	-2.344048	7.635713	-0.482683	-0.224725
0.103614	-2.331038	7.730339	-0.510645	-0.240972
0.104637	-2.319224	7.824640	-0.539267	-0.257949
0.105652	-2.306631	7.918602	-0.568544	-0.275668
0.106655	-2.295277	8.012213	-0.598470	-0.294144
0.107646	-2.284156	8.105461	-0.629037	-0.313391
0.108625	-2.273256	8.198333	-0.660239	-0.333421
0.109590	-2.262564	8.290816	-0.692071	-0.354246
0.110542	-2.252071	8.382896	-0.724524	-0.375880
0.111479	-2.242766	8.474561	-0.757591	-0.398333
0.112402	-2.232637	8.565796	-0.791266	-0.421616
0.113309	-2.222676	8.656589	-0.825541	-0.445741
0.114201	-2.213873	8.746925	-0.860407	-0.470717
0.115076	-2.204218	8.836790	-0.895856	-0.496555
0.115934	-2.195703	8.926170	-0.931879	-0.523265
0.116776	-2.186319	9.015052	-0.968469	-0.550855
0.117600	-2.177057	9.103421	-1.005615	-0.579334
0.118406	-2.167910	9.191263	-1.043308	-0.608711
0.119194	-2.158871	9.278564	-1.081538	-0.638994
0.119963	-2.149930	9.365310	-1.120293	-0.670192
0.120714	-2.141082	9.451485	-1.159563	-0.702311
0.121446	-2.132318	9.537077	-1.199337	-0.735358
0.122158	-2.123633	9.622070	-1.239603	-0.769341
0.122851	-2.114018	9.706450	-1.280350	-0.804265
0.123524	-2.104471	9.790203	-1.321564	-0.840136
0.124176	-2.094997	9.873316	-1.363232	-0.876961
0.124804	-2.085605	9.955774	-1.405339	-0.914746
0.125407	-2.076303	10.037563	-1.447873	-0.953494
0.125983	-2.067097	10.118670	-1.490817	-0.993210
0.126531	-2.056994	10.199081	-1.534159	-1.033899
0.127048	-2.047002	10.278783	-1.577880	-1.075565
0.127532	-2.038125	10.357763	-1.621967	-1.118210
0.127982	-2.027370	10.436007	-1.666402	-1.161837
0.128396	-2.017741	10.513504	-1.711168	-1.206448
0.128771	-2.008244	10.590242	-1.756248	-1.252046
0.129105	-1.997883	10.666207	-1.801626	-1.298631
0.129397	-1.988662	10.741389	-1.847282	-1.346203
0.129644	-1.978587	10.815777	-1.893200	-1.394763
0.129844	-1.968660	10.889359	-1.939361	-1.444309
0.129995	-1.958886	10.962126	-1.985746	-1.494841
0.130094	-1.949269	11.034067	-2.032337	-1.546355
0.130140	-1.938813	11.105174	-2.079115	-1.598850
0.130131	-1.929521	11.175437	-2.126060	-1.652321
0.130063	-1.920396	11.244849	-2.173155	-1.706765
0.129937	-1.910435	11.313401	-2.220379	-1.762177
0.129761	-1.900600	11.381087	-2.267715	-1.818550
0.129547	-1.890845	11.447900	-2.315142	-1.875879
0.129304	-1.881128	11.513835	-2.362641	-1.934158
0.129043	-1.871409	11.578886	-2.410194	-1.993379
0.128777	-1.861646	11.643048	-2.457781	-2.053535
0.128515	-1.851804	11.706316	-2.505383	-2.114618
0.128270	-1.840845	11.768687	-2.552981	-2.176621
0.128051	-1.829736	11.830156	-2.600555	-2.239535
0.127872	-1.819445	11.890720	-2.648085	-2.303355
0.127743	-1.806941	11.950375	-2.695552	-2.368071
0.127676	-1.795198	12.009118	-2.742933	-2.433678
0.127684	-1.783191	12.066946	-2.790208	-2.500169
0.127777	-1.769901	12.123854	-2.837356	-2.567537
0.127968	-1.756309	12.179841	-2.884353	-2.635777
0.128269	-1.742404	12.234903	-2.931178	-2.704883
0.128693	-1.727178	12.289034	-2.977806	-2.774852
0.129252	-1.711626	12.342233	-3.024212	-2.845678
0.129958	-1.695751	12.394495	-3.070370	-2.917359
0.130824	-1.678560	12.445815	-3.116252	-2.989893
0.131857	-1.661091	12.496188	-3.161831	-3.063276
0.133040	-1.643486	12.545609	-3.207075	-3.137509
0.134350	-1.624902	12.594073	-3.251954	-3.212590
0.135761	-1.607483	12.641573	-3.296435	-3.288518
0.137250	-1.589360	12.688103	-3.340486	-3.365293
0.138790	-1.571651	12.733657	-3.384074	-3.442914
0.140356	-1.555463	12.778228	-3.427163	-3.521379
0.141922	-1.538888	12.821809	-3.469722	-3.600685
0.143459	-1.525012	12.864393	-3.511716	-3.680830
0.144942	-1.511913	12.905972	-3.553115	-3.761807
0.146344	-1.500659	12.946538	-3.593889	-3.843611
0.147636	-1.491319	12.986082	-3.634010	-3.926234
0.148793	-1.483957	13.024595	-3.673452	-4.009667
0.149788	-1.479638	13.062067	-3.712193	-4.093899
0.150593	-1.477432	13.098486	-3.750214	-4.178916
0.151184	-1.478411	13.133841	-3.787500	-4.264705
0.151534	-1.481657	13.168119	-3.824041	-4.351249
0.151619	-1.488266	13.201306	-3.859831	-4.438529
0.151416	-1.497344	13.233387	-3.894868	-4.526524
0.150902	-1.509021	13.264350	-3.929158	-4.615212
0.150064	-1.524399	13.294179	-3.962708	-4.704568
0.148927	-1.542414	13.322862	-3.995534	-4.794567
0.147523	-1.562963	13.350385	-4.027656	-4.885180
0.145885	-1.583950	13.376736	-4.059098	-4.976378
0.144045	-1.607279	13.401907	-4.089887	-5.068130
0.142036	-1.631852	13.425889	-4.120053	-5.160406
0.139889	-1.656562	13.448677	-4.149628	-5.253174
0.137634	-1.681290	13.470269	-4.178646	-5.346404
0.135300	-1.706902	13.490662	-4.207138	-5.440064
0.132915	-1.733246	13.509860	-4.235141	-5.534125
0.130504	-1.758145	13.527865	-4.262688	-5.628554
0.128090	-1.783397	13.544684	-4.289813	-5.723325
0.125696	-1.808773	13.560322	-4.316548	-5.818407
0.123338	-1.832011	13.574790	-4.342925	-5.913774
0.121034	-1.854819	13.588098	-4.368974	-6.009401
0.118797	-1.875869	13.600256	-4.394722	-6.105261
0.116638	-1.895805	13.611279	-4.420195	-6.201332
0.114566	-1.912236	13.621178	-4.445417	-6.297591
0.112590	-1.926742	13.629968	-4.470406	-6.394019
0.110716	-1.937877	13.637664	-4.495178	-6.490596
0.108947	-1.945255	13.644279	-4.519746	-6.587305
0.107275	-1.948826	13.649829	-4.544117	-6.684131
0.105691	-1.948639	13.654329	-4.568296	-6.781059
0.104186	-1.944763	13.657793	-4.592283	-6.878078
0.102756	-1.937282	13.660238	-4.616073	-6.975176
0.101400	-1.927299	13.661677	-4.639660	-7.072344
0.100116	-1.913932	13.662127	-4.663034	-7.169573
0.098904	-1.896313	13.661603	-4.686183	-7.266855
0.097767	-1.876593	13.660121	-4.709091	-7.364185
0.096704	-1.853939	13.657697	-4.731740	-7.461556
0.095719	-1.828531	13.654348	-4.754111	-7.558964
0.094811	-1.801567	13.650090	-4.776181	-7.656405
0.093981	-1.771257	13.644942	-4.797929	-7.753876
0.093229	-1.739824	13.638920	-4.819328	-7.851373
0.092552	-1.705500	13.632045	-4.840355	-7.948896
0.091948	-1.670526	13.624336	-4.860981	-8.046441
0.091410	-1.635145	13.615813	-4.881179	-8.144009
0.090933	-1.598604	13.606497	-4.900923	-8.241596
0.090507	-1.562147	13.596410	-4.920186	-8.339204
0.090122	-1.527014	13.585574	-4.938941	-8.436830
0.089767	-1.492412	13.574011	-4.957164	-8.534473
0.089431	-1.459429	13.561742	-4.974832	-8.632132
0.089107	-1.427121	13.548791	-4.991922	-8.729806
0.088784	-1.397536	13.535179	-5.008415	-8.827493
0.088454	-1.369718	13.520927	-5.024292	-8.925190
0.088106	-1.344704	13.506056	-5.039538	-9.022896
0.087732	-1.320527	13.490584	-5.054139	-9.120607
0.087322	-1.299218	13.474532	-5.068083	-9.218321
0.086867	-1.278804	13.457916	-5.081359	-9.316033
0.086357	-1.261310	13.440754	-5.093960	-9.413740
0.085782	-1.245761	13.423062	-5.105879	-9.511438
0.085135	-1.232180	13.404856	-5.117111	-9.609123
0.084405	-1.219595	13.386149	-5.127656	-9.706790
0.083585	-1.209034	13.366956	-5.137510	-9.804435
0.082665	-1.200530	13.347290	-5.146677	-9.902053
0.081637	-1.193124	13.327162	-5.155157	-9.999638
0.080494	-1.186862	13.306586	-5.162957	-10.097187
0.079227	-1.182801	13.285572	-5.170083	-10.194694
0.077829	-1.179013	13.264132	-5.176543	-10.292155
0.076292	-1.177584	13.242276	-5.182346	-10.389565
0.074614	-1.176600	13.220016	-5.187505	-10.486919
0.072802	-1.177091	13.197362	-5.192033	-10.584214
0.070867	-1.179081	13.174323	-5.195946	-10.681445
0.068823	-1.181613	13.150912	-5.199260	-10.778609
0.066682	-1.186750	13.127137	-5.201994	-10.875704
0.064457	-1.192572	13.103010	-5.204167	-10.972725
0.062161	-1.200180	13.078538	-5.205800	-11.069671
0.059808	-1.209697	13.053733	-5.206914	-11.166539
0.057413	-1.221268	13.028602	-5.207533	-11.263328
0.054991	-1.235062	13.003154	-5.207680	-11.360035
0.052557	-1.251273	12.977398	-5.207379	-11.456661
0.050127	-1.269119	12.951341	-5.206655	-11.553204
0.047716	-1.290838	12.924991	-5.205534	-11.649663
0.045344	-1.315691	12.898355	-5.204040	-11.746039
0.043026	-1.342947	12.871438	-5.202199	-11.842331
0.040782	-1.374873	12.844248	-5.200037	-11.938539
0.038629	-1.409717	12.816790	-5.197579	-12.034664
0.036586	-1.449677	12.789069	-5.194850	-12.130706
0.034672	-1.492865	12.761089	-5.191876	-12.226666
0.032904	-1.541257	12.732856	-5.188681	-12.322544
0.031297	-1.592692	12.704372	-5.185288	-12.418342
0.029860	-1.648998	12.675641	-5.181720	-12.514059
0.028596	-1.708877	12.646666	-5.177999	-12.609697
0.027509	-1.770841	12.617449	-5.174148	-12.705256
0.026600	-1.836211	12.587993	-5.170185	-12.800737
0.025867	-1.903129	12.558300	-5.166132	-12.896141
0.025305	-1.970607	12.528370	-5.162007	-12.991468
0.024904	-2.037590	12.498205	-5.157828	-13.086718
0.024653	-2.103035	12.467806	-5.153612	-13.181892
0.024538	-2.165982	12.437173	-5.149376	-13.276990
0.024541	-2.225622	12.406306	-5.145136	-13.372013
0.024647	-2.281322	12.375207	-5.140905	-13.466960
0.024836	-2.332642	12.343874	-5.136698	-13.561831
0.025091	-2.380318	12.312307	-5.132528	-13.656626
0.025397	-2.422241	12.280507	-5.128407	-13.751345
0.025737	-2.460419	12.248471	-5.124345	-13.845988
0.026098	-2.493947	12.216201	-5.120354	-13.940554
0.026468	-2.521974	12.183694	-5.116442	-14.035042
0.026837	-2.546681	12.150950	-5.112617	-14.129452
0.027193	-2.568259	12.117968	-5.108888	-14.223782
0.027532	-2.584932	12.084746	-5.105261	-14.318033
0.027848	-2.598052	12.051285	-5.101741	-14.412203
0.028139	-2.608977	12.017582	-5.098333	-14.506290
0.028405	-2.616031	11.983637	-5.095041	-14.600295
0.028644	-2.621512	11.949448	-5.091869	-14.694215
0.028858	-2.624691	11.915014	-5.088817	-14.788050
0.029048	-2.624820	11.880333	-5.085889	-14.881798
0.029215	-2.624132	11.845406	-5.083085	-14.975458
0.029361	-2.620847	11.810230	-5.080406	-15.069029
0.029488	-2.617172	11.774803	-5.077850	-15.162509
0.029597	-2.611307	11.739126	-5.075419	-15.255896
0.029691	-2.604447	11.703196	-5.073111	-15.349190
0.029772	-2.596780	11.667013	-5.070924	-15.442388
0.029841	-2.588494	11.630575	-5.068857	-15.535490
0.029901	-2.579772	11.593880	-5.066908	-15.628494
0.029952	-2.569800	11.556929	-5.065074	-15.721398
0.029997	-2.560760	11.519719	-5.063353	-15.814202
0.030036	-2.549837	11.482249	-5.061743	-15.906903
0.030070	-2.540215	11.444520	-5.060241	-15.999500
0.030100	-2.530078	11.406529	-5.058844	-16.091991
0.030126	-2.520580	11.368276	-5.057550	-16.184377
0.030149	-2.510748	11.329760	-5.056355	-16.276654
0.030168	-2.502578	11.290980	-5.055258	-16.368822
0.030182	-2.494066	11.251937	-5.054255	-16.460879
0.030193	-2.485210	11.212628	-5.053345	-16.552825
0.030199	-2.478008	11.173055	-5.052525	-16.644658
0.030201	-2.470458	11.133216	-5.051793	-16.736377
0.030198	-2.463558	11.093111	-5.051147	-16.827980
0.030191	-2.457309	11.052740	-5.050584	-16.919467
0.030180	-2.451709	11.012104	-5.050104	-17.010837
0.030164	-2.447761	10.971202	-5.049704	-17.102089
0.030144	-2.443465	10.930034	-5.049383	-17.193221
0.030121	-2.439823	10.888602	-5.049140	-17.284234
0.030093	-2.436837	10.846904	-5.048973	-17.375125
0.030062	-2.435511	10.804941	-5.048883	-17.465895
0.030028	-2.433847	10.762715	-5.048867	-17.556542
0.029991	-2.433850	10.720225	-5.048927	-17.647066
0.029951	-2.434523	10.677472	-5.049061	-17.737466
0.029909	-2.436870	10.634457	-5.049269	-17.827742
0.029866	-2.439895	10.591182	-5.049553	-17.917892
0.029821	-2.443592	10.547646	-5.049914	-18.007917
0.029775	-2.447905	10.503851	-5.050351	-18.097816
0.029727	-2.453767	10.459798	-5.050866	-18.187589
0.029677	-2.460111	10.415489	-5.051461	-18.277234
0.029626	-2.466870	10.370924	-5.052137	-18.366752
0.029571	-2.474979	10.326105	-5.052897	-18.456143
0.029515	-2.483370	10.281033	-5.053742	-18.545406
0.029454	-2.491977	10.235710	-5.054674	-18.634540
0.029390	-2.500735	10.190138	-5.055696	-18.723547
0.029322	-2.510579	10.144318	-5.056810	-18.812425
0.029249	-2.519442	10.098252	-5.058018	-18.901174
0.029170	-2.529260	10.051942	-5.059324	-18.989795
0.029085	-2.538967	10.005389	-5.060728	-19.078287
0.028993	-2.547500	9.958596	-5.062233	-19.166651
0.028892	-2.556793	9.911564	-5.063842	-19.254886
0.028782	-2.565780	9.864296	-5.065557	-19.342992
0.028662	-2.574396	9.816794	-5.067379	-19.430971
0.028531	-2.582575	9.769060	-5.069311	-19.518822
0.028388	-2.590248	9.721096	-5.071353	-19.606545
0.028231	-2.597347	9.672905	-5.073508	-19.694140
0.028060	-2.603813	9.624489	-5.075777	-19.781608
0.027875	-2.609650	9.575850	-5.078160	-19.868950
0.027679	-2.613872	9.526991	-5.080659	-19.956166
0.027471	-2.618491	9.477914	-5.083273	-20.043256
0.027254	-2.621518	9.428622	-5.086002	-20.130220
0.027029	-2.624961	9.379117	-5.088848	-20.217060
0.026797	-2.626827	9.329401	-5.091809	-20.303775
0.026560	-2.629125	9.279477	-5.094885	-20.390367
0.026319	-2.629858	9.229348	-5.098075	-20.476836
0.026076	-2.630032	9.179015	-5.101379	-20.563182
0.025832	-2.629652	9.128481	-5.104795	-20.649407
0.025589	-2.628722	9.077748	-5.108322	-20.735510
0.025348	-2.627248	9.026818	-5.111960	-20.821492
0.025111	-2.625237	8.975694	-5.115706	-20.907354
0.024880	-2.621694	8.924376	-5.119560	-20.993095
0.024655	-2.618630	8.872868	-5.123519	-21.078718
0.024440	-2.614055	8.821170	-5.127581	-21.164221
0.024235	-2.609983	8.769284	-5.131746	-21.249606
0.024041	-2.604428	8.717212	-5.136010	-21.334872
0.023862	-2.598411	8.664954	-5.140372	-21.420020
0.023698	-2.591963	8.612513	-5.144830	-21.505049
0.023548	-2.585156	8.559889	-5.149382	-21.589961
0.023413	-2.578075	8.507084	-5.154026	-21.674755
0.023291	-2.570806	8.454097	-5.158759	-21.759431
0.023181	-2.563438	8.400929	-5.163579	-21.843988
0.023084	-2.556059	8.347581	-5.168486	-21.928427
0.022998	-2.547761	8.294054	-5.173476	-22.012748
0.022922	-2.540634	8.240348	-5.178547	-22.096949
0.022855	-2.533769	8.186462	-5.183698	-22.181032
0.022796	-2.527254	8.132399	-5.188927	-22.264994
0.022745	-2.521181	8.078156	-5.194232	-22.348837
0.022701	-2.515637	8.023736	-5.199611	-22.432560
0.022661	-2.510709	7.969138	-5.205065	-22.516162
0.022626	-2.506485	7.914363	-5.210590	-22.599644
0.022593	-2.504049	7.859410	-5.216187	-22.683004
0.022563	-2.501488	7.804281	-5.221854	-22.766242
0.022534	-2.500885	7.748975	-5.227591	-22.849358
0.022506	-2.501325	7.693493	-5.233397	-22.932353
0.022476	-2.502894	7.637835	-5.239273	-23.015224
0.022445	-2.506677	7.582003	-5.245219	-23.097973
0.022413	-2.510731	7.525996	-5.251236	-23.180599
0.022378	-2.516993	7.469816	-5.257323	-23.263102
0.022341	-2.525372	7.413464	-5.263483	-23.345482
0.022303	-2.533775	7.356940	-5.269717	-23.427739
0.022263	-2.544111	7.300246	-5.276026	-23.509873
0.022222	-2.555287	7.243384	-5.282413	-23.591885
0.022180	-2.567211	7.186354	-5.288880	-23.673774
0.022137	-2.579791	7.129159	-5.295429	-23.755540
0.022092	-2.592932	7.071799	-5.302062	-23.837185
0.022047	-2.606543	7.014276	-5.308782	-23.918708
0.022000	-2.621530	6.956592	-5.315591	-24.000110
0.021952	-2.635800	6.898750	-5.322493	-24.081390
0.021903	-2.650260	6.840750	-5.329489	-24.162551
0.021851	-2.665817	6.782594	-5.336582	-24.243592
0.021796	-2.680380	6.724285	-5.343776	-24.324514
0.021738	-2.694856	6.665825	-5.351072	-24.405317
0.021677	-2.709153	6.607215	-5.358473	-24.486002
0.021610	-2.724181	6.548458	-5.365982	-24.566570
0.021538	-2.737848	6.489556	-5.373601	-24.647022
0.021459	-2.751064	6.430510	-5.381331	-24.727358
0.021372	-2.762765	6.371324	-5.389176	-24.807579
0.021276	-2.774992	6.311999	-5.397136	-24.887686
0.021170	-2.786818	6.252536	-5.405213	-24.967680
0.021052	-2.797316	6.192940	-5.413409	-25.047562
0.020921	-2.808562	6.133210	-5.421724	-25.127332
0.020776	-2.818634	6.073351	-5.430160	-25.206991
0.020616	-2.828617	6.013363	-5.438718	-25.286542
0.020440	-2.838594	5.953250	-5.447398	-25.365984
0.020247	-2.847656	5.893013	-5.456202	-25.445319
0.020037	-2.857900	5.832655	-5.465128	-25.524548
0.019808	-2.868428	5.772179	-5.474178	-25.603673
0.019559	-2.878348	5.711587	-5.483351	-25.682695
0.019290	-2.888783	5.650882	-5.492648	-25.761615
0.019001	-2.899861	5.590067	-5.502068	-25.840437
0.018691	-2.911727	5.529145	-5.511612	-25.919161
0.018359	-2.924544	5.468120	-5.521278	-25.997789
0.018005	-2.937490	5.406994	-5.531066	-26.076324
0.017630	-2.952772	5.345771	-5.540976	-26.154769
0.017233	-2.968622	5.284454	-5.551006	-26.233125
0.016816	-2.986308	5.223049	-5.561157	-26.311396
0.016379	-3.006095	5.161558	-5.571427	-26.389584
0.015929	-3.027096	5.099987	-5.581816	-26.467694
0.015475	-3.051364	5.038339	-5.592322	-26.545727
0.015024	-3.076919	4.976620	-5.602944	-26.623688
0.014585	-3.105728	4.914834	-5.613682	-26.701580
0.014165	-3.135692	4.852985	-5.624535	-26.779406
0.013771	3.115563	4.791079	-5.635502	-26.857171
0.013411	3.081962	4.729121	-5.646582	-26.934878
0.013090	3.047108	4.667115	-5.657774	-27.012531
0.012815	3.011548	4.605065	-5.669079	-27.090133
0.012589	2.975955	4.542975	-5.680497	-27.167686
0.012417	2.940111	4.480851	-5.692026	-27.245195
0.012301	2.906873	4.418695	-5.703668	-27.322662
0.012242	2.876139	4.356511	-5.715423	-27.400089
0.012243	2.847789	4.294302	-5.727292	-27.477479
0.012302	2.824642	4.232071	-5.739276	-27.554834
0.012420	2.805409	4.169821	-5.751377	-27.632154
0.012598	2.791659	4.107551	-5.763595	-27.709440
0.012837	2.783794	4.045265	-5.775935	-27.786694
0.013137	2.781038	3.982962	-5.788397	-27.863915
0.013502	2.784274	3.920643	-5.800985	-27.941102
0.013927	2.792619	3.858306	-5.813702	-28.018254
0.014405	2.805023	3.795951	-5.826552	-28.095369
0.014933	2.820489	3.733576	-5.839539	-28.172445
0.015505	2.837113	3.671177	-5.852668	-28.249478
0.016115	2.855105	3.608754	-5.865942	-28.326465
0.016758	2.873794	3.546301	-5.879367	-28.403403
0.017428	2.893626	3.483817	-5.892948	-28.480288
0.018117	2.911158	3.421297	-5.906690	-28.557115
0.018817	2.929044	3.358738	-5.920597	-28.633881
0.019522	2.946018	3.296136	-5.934675	-28.710580
0.020222	2.961881	3.233487	-5.948929	-28.787209
0.020909	2.976487	3.170787	-5.963363	-28.863762
0.021573	2.989731	3.108033	-5.977983	-28.940235
0.022206	3.001533	3.045221	-5.992793	-29.016625
0.022798	3.012832	2.982348	-6.007798	-29.092926
0.023340	3.021576	2.919410	-6.023000	-29.169134
0.023822	3.028716	2.856406	-6.038405	-29.245247
0.024236	3.035192	2.793332	-6.054014	-29.321260
0.024571	3.039935	2.730187	-6.069832	-29.397171
0.024820	3.042911	2.666969	-6.085860	-29.472978
0.024986	3.044278	2.603678	-6.102099	-29.548678
0.025070	3.044210	2.540313	-6.118551	-29.624270
0.025078	3.043852	2.476873	-6.135217	-29.699753
0.025013	3.042324	2.413361	-6.152096	-29.775127
0.024878	3.039724	2.349776	-6.169189	-29.850392
0.024678	3.035140	2.286120	-6.186493	-29.925549
0.024417	3.030645	2.222395	-6.204009	-30.000597
0.024098	3.026307	2.158602	-6.221733	-30.075539
0.023726	3.020187	2.094743	-6.239664	-30.150376
0.023304	3.013344	2.030821	-6.257799	-30.225110
0.022837	3.005836	1.966839	-6.276136	-30.299742
0.022327	2.997722	1.902799	-6.294670	-30.374277
0.021780	2.990068	1.838705	-6.313398	-30.448715
0.021198	2.980944	1.774558	-6.332317	-30.523061
0.020586	2.971431	1.710363	-6.351421	-30.597318
0.019946	2.961623	1.646122	-6.370707	-30.671487
0.019281	2.952631	1.581838	-6.390169	-30.745574
0.018596	2.942588	1.517515	-6.409801	-30.819581
0.017893	2.932652	1.453155	-6.429600	-30.893513
0.017174	2.921972	1.388762	-6.449559	-30.967371
0.016443	2.912536	1.324337	-6.469672	-31.041161
0.015700	2.903287	1.259885	-6.489933	-31.114886
0.014950	2.894164	1.195407	-6.510336	-31.188550
0.014193	2.884101	1.130905	-6.530876	-31.262155
0.013433	2.875025	1.066383	-6.551544	-31.335705
0.012671	2.864851	1.001842	-6.572336	-31.409205
0.011911	2.855485	0.937285	-6.593243	-31.482657
0.011154	2.844813	0.872713	-6.614260	-31.556065
0.010403	2.833701	0.808128	-6.635381	-31.629432
0.009661	2.822985	0.743532	-6.656598	-31.702761
0.008931	2.810464	0.678927	-6.677904	-31.776057
0.008214	2.797887	0.614314	-6.699294	-31.849321
0.007514	2.782937	0.549695	-6.720761	-31.922557
0.006834	2.767207	0.485071	-6.742299	-31.995768
0.006176	2.748170	0.420444	-6.763901	-32.068957
0.005544	2.727137	0.355814	-6.785562	-32.142127
0.004940	2.702196	0.291183	-6.807275	-32.215280
0.004368	2.671138	0.226552	-6.829036	-32.288419
0.003831	2.634350	0.161922	-6.850840	-32.361546
0.003333	2.588705	0.097294	-6.872680	-32.434664
0.002876	2.531360	0.032669	-6.894552	-32.507775
0.002461	2.459432	-0.031952	-6.916453	-32.580881
0.002093	2.365724	-0.096569	-6.938378	-32.653983
0.001775	2.244767	-0.161180	-6.960323	-32.727084
0.001515	2.089952	-0.225786	-6.982284	-32.800186
0.001320	1.899175	-0.290385	-7.004259	-32.873289
0.001198	1.677295	-0.354976	-7.026245	-32.946395
0.001148	1.446873	-0.419560	-7.048238	-33.019506
0.001159	1.232178	-0.484136	-7.070237	-33.092623
0.001212	1.051739	-0.548702	-7.092239	-33.165746
0.001288	0.910484	-0.613260	-7.114243	-33.238878
0.001373	0.802037	-0.677808	-7.136246	-33.312017
0.001457	0.720715	-0.742346	-7.158247	-33.385166
0.001532	0.661443	-0.806874	-7.180245	-33.458326
0.001596	0.617527	-0.871391	-7.202239	-33.531495
0.001645	0.586586	-0.935898	-7.224228	-33.604675
0.001679	0.566279	-1.000394	-7.246212	-33.677867
0.001696	0.555059	-1.064879	-7.268189	-33.751070
0.001698	0.551988	-1.129353	-7.290161	-33.824284
0.001683	0.556556	-1.193816	-7.312126	-33.897510
0.001654	0.567411	-1.258269	-7.334085	-33.970747
0.001612	0.586490	-1.322711	-7.356038	-34.043995
0.001558	0.612049	-1.387142	-7.377985	-34.117254
0.001494	0.646643	-1.451563	-7.399928	-34.190524
0.001422	0.689138	-1.515974	-7.421866	-34.263804
0.001345	0.742707	-1.580375	-7.443801	-34.337093
0.001264	0.806826	-1.644767	-7.465734	-34.410392
0.001184	0.884211	-1.709149	-7.487664	-34.483699
0.001107	0.977635	-1.773523	-7.509594	-34.557014
0.001036	1.086556	-1.837888	-7.531525	-34.630337
0.000976	1.212468	-1.902246	-7.553457	-34.703665
0.000930	1.355049	-1.966595	-7.575391	-34.777000
0.000902	1.508461	-2.030938	-7.597329	-34.850340
0.000892	1.668447	-2.095275	-7.619272	-34.923684
0.000900	1.825622	-2.159606	-7.641221	-34.997031
0.000924	1.975442	-2.223931	-7.663176	-35.070381
0.000961	2.112692	-2.288252	-7.685140	-35.143732
0.001005	2.235800	-2.352568	-7.707111	-35.217085
0.001053	2.345247	-2.416881	-7.729093	-35.290438
0.001102	2.442741	-2.481192	-7.751084	-35.363790
0.001148	2.530393	-2.545500	-7.773086	-35.437141
0.001192	2.610995	-2.609806	-7.795100	-35.510490
0.001233	2.683954	-2.674112	-7.817125	-35.583837
0.001271	2.752354	-2.738418	-7.839161	-35.657179
0.001304	2.816015	-2.802724	-7.861210	-35.730518
0.001334	2.874553	-2.867031	-7.883271	-35.803852
0.001359	2.930418	-2.931340	-7.905344	-35.877181
0.001380	2.982930	-2.995651	-7.927429	-35.950505
0.001397	3.032306	-3.059966	-7.949526	-36.023822
0.001409	3.078676	-3.124283	-7.971635	-36.097132
0.001416	3.122098	-3.188605	-7.993756	-36.170436
0.001418	-3.120622	-3.252931	-8.015888	-36.243732
0.001415	-3.083184	-3.317262	-8.038031	-36.317021
0.001406	-3.048910	-3.381598	-8.060185	-36.390302
0.001391	-3.018009	-3.445940	-8.082348	-36.463575
0.001369	-2.990775	-3.510287	-8.104522	-36.536840
0.001342	-2.967616	-3.574640	-8.126705	-36.610097
0.001307	-2.949082	-3.638998	-8.148898	-36.683346
0.001265	-2.935925	-3.703363	-8.171099	-36.756587
0.001215	-2.929911	-3.767734	-8.193308	-36.829821
0.001159	-2.929020	-3.832110	-8.215525	-36.903048
0.001097	-2.935158	-3.896491	-8.237750	-36.976267
0.001030	-2.946404	-3.960878	-8.259982	-37.049480
0.000959	-2.965004	-4.025269	-8.282220	-37.122687
0.000886	-2.990382	-4.089665	-8.304465	-37.195888
0.000811	-3.022146	-4.154064	-8.326717	-37.269083
0.000735	-3.063105	-4.218466	-8.348974	-37.342275
0.000659	-3.113280	-4.282872	-8.371236	-37.415462
0.000586	3.110274	-4.347279	-8.393504	-37.488645
0.000515	3.037729	-4.411689	-8.415776	-37.561826
0.000447	2.952623	-4.476099	-8.438053	-37.635004
0.000384	2.851129	-4.540511	-8.460333	-37.708180
0.000325	2.733187	-4.604922	-8.482617	-37.781355
0.000270	2.594085	-4.669334	-8.504904	-37.854529
0.000219	2.430956	-4.733746	-8.527194	-37.927702
0.000170	2.230868	-4.798157	-8.549486	-38.000875
0.000124	1.958083	-4.862568	-8.571780	-38.074047
0.000082	1.489078	-4.926978	-8.594074	-38.147221
0.000065	0.556389	-4.991387	-8.616369	-38.220394
0.000103	-0.272161	-5.055796	-8.638664	-38.293568
0.000173	-0.644321	-5.120205	-8.660958	-38.366743
0.000257	-0.839210	-5.184614	-8.683250	-38.439917
0.000351	-0.965215	-5.249024	-8.705539	-38.513092
0.000452	-1.055592	-5.313435	-8.727826	-38.586266
0.000559	-1.126000	-5.377849	-8.750108	-38.659440
0.000668	-1.183759	-5.442265	-8.772386	-38.732614
0.000778	-1.233049	-5.506684	-8.794658	-38.805785
0.000888	-1.276510	-5.571108	-8.816924	-38.878955
0.000996	-1.315956	-5.635537	-8.839183	-38.952123
0.001099	-1.352728	-5.699971	-8.861434	-39.025287
0.001196	-1.387894	-5.764412	-8.883677	-39.098448
0.001285	-1.422367	-5.828861	-8.905912	-39.171606
0.001365	-1.456991	-5.893318	-8.928138	-39.244758
0.001434	-1.492604	-5.957784	-8.950355	-39.317906
0.001490	-1.531105	-6.022259	-8.972563	-39.391048
0.001532	-1.571510	-6.086745	-8.994762	-39.464183
0.001559	-1.617038	-6.151241	-9.016952	-39.537312
0.001570	-1.667202	-6.215748	-9.039134	-39.610434
0.001565	-1.725942	-6.280266	-9.061308	-39.683549
0.001545	-1.794476	-6.344796	-9.083475	-39.756655
0.001515	-1.874275	-6.409338	-9.105636	-39.829753
0.001479	-1.966455	-6.473891	-9.127792	-39.902842
0.001443	-2.072690	-6.538455	-9.149945	-39.975922
0.001414	-2.190757	-6.603030	-9.172097	-40.048993
0.001397	-2.321031	-6.667616	-9.194248	-40.122055
0.001396	-2.458211	-6.732212	-9.216400	-40.195107
0.001416	-2.599556	-6.796817	-9.238556	-40.268150
0.001457	-2.738740	-6.861432	-9.260718	-40.341183
0.001519	-2.870010	-6.926055	-9.282886	-40.414207
0.001598	-2.992054	-6.990685	-9.305064	-40.487221
0.001691	-3.102268	-7.055322	-9.327253	-40.560226
0.001793	3.083697	-7.119965	-9.349455	-40.633221
0.001898	2.996680	-7.184613	-9.371671	-40.706208
0.002002	2.920571	-7.249266	-9.393904	-40.779186
0.002102	2.851895	-7.313921	-9.416155	-40.852156
0.002192	2.791174	-7.378579	-9.438425	-40.925118
0.002270	2.735008	-7.443238	-9.460716	-40.998072
0.002331	2.684091	-7.507898	-9.483028	-41.071019
0.002372	2.636185	-7.572557	-9.505363	-41.143960
0.002392	2.590035	-7.637216	-9.527720	-41.216895
0.002393	2.545328	-7.701872	-9.550101	-41.289824
0.002376	2.498948	-7.766525	-9.572505	-41.362749
0.002345	2.451973	-7.831174	-9.594932	-41.435670
0.002303	2.401636	-7.895819	-9.617383	-41.508588
0.002254	2.349329	-7.960458	-9.639855	-41.581504
0.002201	2.293625	-8.025092	-9.662349	-41.654419
0.002148	2.234340	-8.089719	-9.684864	-41.727333
0.002097	2.171603	-8.154338	-9.707399	-41.800248
0.002053	2.105936	-8.218949	-9.729953	-41.873164
0.002017	2.038314	-8.283551	-9.752526	-41.946082
0.001993	1.970167	-8.348144	-9.775116	-42.019003
0.001982	1.903321	-8.412727	-9.797723	-42.091928
0.001985	1.839850	-8.477298	-9.820346	-42.164857
0.002001	1.781874	-8.541858	-9.842984	-42.237793
0.002032	1.731358	-8.606406	-9.865637	-42.310734
0.002075	1.689951	-8.670941	-9.888303	-42.383683
0.002130	1.657896	-8.735462	-9.910983	-42.456639
0.002197	1.638011	-8.799969	-9.933677	-42.529604
0.002275	1.628715	-8.864462	-9.956385	-42.602577
0.002364	1.631743	-8.928939	-9.979107	-42.675559
0.002463	1.643335	-8.993400	-10.001843	-42.748551
0.002571	1.662477	-9.057845	-10.024595	-42.821553
0.002687	1.687343	-9.122273	-10.047364	-42.894564
0.002810	1.716328	-9.186683	-10.070150	-42.967586
0.002940	1.747070	-9.251076	-10.092955	-43.040617
0.003076	1.780443	-9.315449	-10.115782	-43.113658
0.003216	1.813540	-9.379804	-10.138630	-43.186709
0.003359	1.847657	-9.444140	-10.161502	-43.259769
0.003503	1.880267	-9.508456	-10.184401	-43.332839
0.003647	1.911989	-9.572752	-10.207326	-43.405917
0.003789	1.942563	-9.637029	-10.230281	-43.479003
0.003926	1.971828	-9.701285	-10.253267	-43.552098
0.004055	1.999696	-9.765521	-10.276286	-43.625200
0.004175	2.026137	-9.829736	-10.299339	-43.698309
0.004283	2.051160	-9.893932	-10.322429	-43.771424
0.004377	2.074807	-9.958107	-10.345555	-43.844546
0.004453	2.097137	-10.022262	-10.368720	-43.917672
0.004509	2.119225	-10.086397	-10.391925	-43.990804
0.004543	2.139154	-10.150514	-10.415170	-44.063939
0.004553	2.158050	-10.214611	-10.438457	-44.137078
0.004539	2.176174	-10.278689	-10.461785	-44.210220
0.004503	2.193776	-10.342750	-10.485154	-44.283365
0.004448	2.211073	-10.406794	-10.508565	-44.356511
0.004374	2.229252	-10.470821	-10.532018	-44.429658
0.004284	2.246480	-10.534833	-10.555511	-44.502806
0.004179	2.263911	-10.598830	-10.579045	-44.575954
0.004062	2.282687	-10.662812	-10.602618	-44.649101
0.003934	2.301941	-10.726782	-10.626229	-44.722248
0.003797	2.320798	-10.790739	-10.649878	-44.795393
0.003653	2.341377	-10.854685	-10.673562	-44.868536
0.003504	2.362781	-10.918621	-10.697282	-44.941677
0.003352	2.385100	-10.982548	-10.721036	-45.014815
0.003198	2.409401	-11.046466	-10.744822	-45.087950
0.003045	2.433718	-11.110377	-10.768639	-45.161081
0.002894	2.460033	-11.174281	-10.792485	-45.234209
0.002747	2.486265	-11.238179	-10.816359	-45.307332
0.002606	2.514241	-11.302073	-10.840260	-45.380451
0.002472	2.542670	-11.365962	-10.864186	-45.453565
0.002347	2.572111	-11.429849	-10.888136	-45.526675
0.002233	2.600014	-11.493732	-10.912110	-45.599779
0.002127	2.627946	-11.557614	-10.936104	-45.672877
0.002030	2.654517	-11.621494	-10.960119	-45.745971
0.001939	2.679340	-11.685373	-10.984154	-45.819059
0.001853	2.702041	-11.749251	-11.008207	-45.892141
0.001772	2.723256	-11.813129	-11.032278	-45.965217
0.001693	2.740631	-11.877008	-11.056365	-46.038288
0.001617	2.755812	-11.940886	-11.080469	-46.111354
0.001541	2.767425	-12.004765	-11.104588	-46.184414
0.001465	2.775053	-12.068645	-11.128721	-46.257469
0.001388	2.778195	-12.132525	-11.152868	-46.330519
0.001309	2.776210	-12.196405	-11.177029	-46.403564
0.001227	2.768229	-12.260287	-11.201201	-46.476604
0.001142	2.753023	-12.324169	-11.225385	-46.549640
0.001052	2.728791	-12.388051	-11.249579	-46.622673
0.000959	2.692798	-12.451933	-11.273784	-46.695702
0.000863	2.640772	-12.515815	-11.297998	-46.768728
0.000764	2.565836	-12.579696	-11.322220	-46.841752
0.000665	2.456763	-12.643576	-11.346449	-46.914774
0.000572	2.294735	-12.707456	-11.370685	-46.987795
0.000497	2.058855	-12.771333	-11.394926	-47.060816
0.000457	1.739459	-12.835208	-11.419172	-47.133838
0.000470	1.381555	-12.899080	-11.443421	-47.206861
0.000538	1.064425	-12.962948	-11.467672	-47.279886
0.000649	0.825329	-13.026813	-11.491923	-47.352915
0.000788	0.653607	-13.090672	-11.516174	-47.425949
0.000944	0.527793	-13.154527	-11.540422	-47.498988
0.001111	0.431313	-13.218375	-11.564667	-47.572033
0.001285	0.353455	-13.282217	-11.588907	-47.645085
0.001464	0.287494	-13.346052	-11.613139	-47.718146
0.001646	0.230140	-13.409880	-11.637363	-47.791216
0.001831	0.176571	-13.473700	-11.661577	-47.864296
0.002018	0.125874	-13.537512	-11.685778	-47.937388
0.002206	0.077710	-13.601316	-11.709965	-48.010491
0.002396	0.029126	-13.665112	-11.734136	-48.083606
0.002589	-0.018568	-13.728900	-11.758288	-48.156735
0.002784	-0.065865	-13.792680	-11.782420	-48.229877
0.002984	-0.115107	-13.856453	-11.806529	-48.303033
0.003189	-0.164510	-13.920219	-11.830613	-48.376204
0.003401	-0.215178	-13.983978	-11.854669	-48.449389
0.003623	-0.265942	-14.047732	-11.878694	-48.522589
0.003858	-0.316917	-14.111482	-11.902687	-48.595803
0.004107	-0.367163	-14.175228	-11.926645	-48.669032
0.004372	-0.414889	-14.238973	-11.950563	-48.742275
0.004655	-0.460459	-14.302717	-11.974441	-48.815532
0.004955	-0.503395	-14.366463	-11.998273	-48.888802
0.005273	-0.543363	-14.430212	-12.022058	-48.962085
0.005608	-0.579158	-14.493965	-12.045792	-49.035380
0.005959	-0.611683	-14.557725	-12.069472	-49.108688
0.006325	-0.640923	-14.621494	-12.093093	-49.182006
0.006705	-0.666931	-14.685273	-12.116653	-49.255336
0.007097	-0.688801	-14.749064	-12.140148	-49.328675
0.007499	-0.708657	-14.812870	-12.163575	-49.402024
0.007910	-0.724639	-14.876691	-12.186928	-49.475383
0.008328	-0.738892	-14.940530	-12.210205	-49.548750
0.008751	-0.749563	-15.004389	-12.233401	-49.622126
0.009177	-0.758792	-15.068269	-12.256513	-49.695510
0.009604	-0.764710	-15.132171	-12.279537	-49.768902
0.010031	-0.769438	-15.196098	-12.302467	-49.842303
0.010455	-0.772084	-15.260050	-12.325302	-49.915711
0.010876	-0.772779	-15.324029	-12.348035	-49.989127
0.011293	-0.771769	-15.388036	-12.370663	-50.062551
0.011706	-0.769295	-15.452071	-12.393183	-50.135984
0.012115	-0.766564	-15.516136	-12.415590	-50.209425
0.012519	-0.761748	-15.580231	-12.437879	-50.282876
0.012920	-0.757000	-15.644357	-12.460048	-50.356337
0.013317	-0.750450	-15.708514	-12.482091	-50.429808
0.013710	-0.744212	-15.772702	-12.504006	-50.503290
0.014100	-0.736385	-15.836921	-12.525788	-50.576785
0.014487	-0.728057	-15.901172	-12.547433	-50.650293
0.014871	-0.720308	-15.965454	-12.568937	-50.723814
0.015253	-0.711207	-16.029767	-12.590297	-50.797351
0.015632	-0.701816	-16.094110	-12.611508	-50.870904
0.016010	-0.692192	-16.158484	-12.632566	-50.944474
0.016386	-0.681385	-16.222888	-12.653469	-51.018062
0.016760	-0.670443	-16.287320	-12.674211	-51.091671
0.017133	-0.659408	-16.351780	-12.694789	-51.165301
0.017505	-0.647319	-16.416268	-12.715200	-51.238955
0.017877	-0.635210	-16.480781	-12.735440	-51.312633
0.018249	-0.622115	-16.545318	-12.755504	-51.386337
0.000000	0.000000	-16.545318	-12.755504	-51.386337
