0.050917	-0.857691	0.000000	0.000000	0.000000
0.046558	-0.817501	0.099999	0.000333	-0.000385
0.042285	-0.770323	0.199994	0.000985	-0.001110
0.038130	-0.714510	0.299984	0.001940	-0.002129
0.034130	-0.647888	0.399968	0.003183	-0.003398
0.030331	-0.567595	0.499946	0.004698	-0.004873
0.026789	-0.470947	0.599917	0.006469	-0.006511
0.023574	-0.351439	0.699881	0.008478	-0.008270
0.020773	-0.206227	0.799839	0.010709	-0.010110
0.018492	-0.030682	0.899792	0.013143	-0.011993
0.016838	0.174493	0.999740	0.015762	-0.013882
0.015886	0.400721	1.099684	0.018546	-0.015741
0.015636	0.631679	1.199625	0.021477	-0.017538
0.015989	0.849844	1.299564	0.024534	-0.019243
0.016782	1.043255	1.399501	0.027696	-0.020828
0.017840	1.210487	1.499438	0.030943	-0.022268
0.019014	1.355670	1.599375	0.034253	-0.023541
0.020193	1.482013	1.699313	0.037603	-0.024628
0.021300	1.595840	1.799252	0.040971	-0.025514
0.022285	1.701901	1.899193	0.044334	-0.026186
0.023122	1.804288	1.999137	0.047668	-0.026639
0.023812	1.906384	2.099083	0.050948	-0.026866
0.024399	2.010238	2.199031	0.054149	-0.026868
0.024944	2.115885	2.298983	0.057247	-0.026649
0.025511	2.225552	2.398938	0.060215	-0.026218
0.026162	2.336693	2.498897	0.063028	-0.025584
0.026954	2.450074	2.598859	0.065660	-0.024761
0.027934	2.561940	2.698824	0.068084	-0.023767
0.029137	2.672285	2.798794	0.070274	-0.022620
0.030580	2.777153	2.898767	0.072204	-0.021341
0.032264	2.875904	2.998744	0.073849	-0.019954
0.034178	2.968373	3.098724	0.075182	-0.018481
0.036297	3.051908	3.198707	0.076178	-0.016951
0.038593	3.127307	3.298693	0.076813	-0.015388
0.041028	-3.088470	3.398680	0.077062	-0.013819
0.043566	-3.027681	3.498668	0.076901	-0.012273
0.046167	-2.975017	3.598655	0.076308	-0.010777
0.048793	-2.928938	3.698640	0.075259	-0.009358
0.051407	-2.888908	3.798620	0.073734	-0.008042
0.053973	-2.853435	3.898592	0.071711	-0.006855
0.056455	-2.824084	3.998554	0.069170	-0.005822
0.058826	-2.799383	4.098503	0.066094	-0.004966
0.061075	-2.777555	4.198435	0.062464	-0.004308
0.063199	-2.759885	4.298346	0.058264	-0.003869
0.065200	-2.744792	4.398231	0.053479	-0.003665
0.067080	-2.731801	4.498086	0.048093	-0.003715
0.068843	-2.719517	4.597906	0.042093	-0.004032
0.070494	-2.709608	4.697684	0.035467	-0.004632
0.072041	-2.700787	4.797416	0.028203	-0.005528
0.073491	-2.691808	4.897095	0.020290	-0.006733
0.074850	-2.684454	4.996715	0.011718	-0.008257
0.076126	-2.677530	5.096270	0.002478	-0.010112
0.077329	-2.669861	5.195753	-0.007439	-0.012309
0.078466	-2.663286	5.295157	-0.018040	-0.014858
0.079546	-2.655657	5.394475	-0.029332	-0.017768
0.080579	-2.648838	5.493699	-0.041321	-0.021049
0.081573	-2.640699	5.592823	-0.054013	-0.024712
0.082538	-2.633120	5.691838	-0.067412	-0.028766
0.083484	-2.623988	5.790737	-0.081524	-0.033221
0.084421	-2.615199	5.889512	-0.096350	-0.038088
0.085360	-2.604654	5.988155	-0.111896	-0.043378
0.086310	-2.593294	6.086656	-0.128162	-0.049103
0.087273	-2.582178	6.185009	-0.145151	-0.055275
0.088250	-2.569394	6.283204	-0.162864	-0.061908
0.089241	-2.556024	6.381232	-0.181302	-0.069016
0.090245	-2.542147	6.479085	-0.200466	-0.076613
0.091265	-2.528841	6.576751	-0.220354	-0.084714
0.092297	-2.514177	6.674223	-0.240967	-0.093335
0.093344	-2.500225	6.771491	-0.262303	-0.102492
0.094403	-2.485051	6.868543	-0.284361	-0.112201
0.095474	-2.470717	6.965371	-0.307139	-0.122478
0.096556	-2.455281	7.061963	-0.330633	-0.133339
0.097647	-2.440800	7.158309	-0.354841	-0.144803
0.098745	-2.426324	7.254398	-0.379760	-0.156884
0.099849	-2.410903	7.350219	-0.405385	-0.169602
0.100956	-2.396581	7.445760	-0.431713	-0.182971
0.102064	-2.383401	7.541010	-0.458738	-0.197010
0.103171	-2.369401	7.635956	-0.486457	-0.211733
0.104272	-2.355617	7.730588	-0.514864	-0.227158
0.105366	-2.343082	7.824892	-0.543953	-0.243300
0.106448	-2.329826	7.918856	-0.573719	-0.260174
0.107516	-2.317872	8.012467	-0.604155	-0.277796
0.108568	-2.306209	8.105713	-0.635257	-0.296180
0.109604	-2.294824	8.198580	-0.667016	-0.315340
0.110623	-2.283703	8.291054	-0.699427	-0.335289
0.111624	-2.272831	8.383123	-0.732482	-0.356041
0.112606	-2.263196	8.474773	-0.766175	-0.377608
0.113569	-2.252786	8.565990	-0.800497	-0.400001
0.114512	-2.242588	8.656760	-0.835443	-0.423232
0.115435	-2.233591	8.747068	-0.871002	-0.447313
0.116337	-2.223785	8.836902	-0.907167	-0.472253
0.117217	-2.215158	8.926246	-0.943930	-0.498064
0.118075	-2.205702	9.015085	-0.981282	-0.524754
0.118911	-2.196405	9.103407	-1.019213	-0.552332
0.119723	-2.187259	9.191195	-1.057713	-0.580808
0.120513	-2.178255	9.278436	-1.096773	-0.610191
0.121278	-2.169384	9.365116	-1.136381	-0.640487
0.122020	-2.160638	9.451219	-1.176526	-0.671706
0.122736	-2.152009	9.536731	-1.217198	-0.703854
0.123428	-2.143489	9.621638	-1.258384	-0.736937
0.124095	-2.134071	9.705925	-1.300073	-0.770961
0.124735	-2.124749	9.789579	-1.342251	-0.805934
0.125349	-2.115526	9.872584	-1.384906	-0.841860
0.125934	-2.106409	9.954928	-1.428023	-0.878745
0.126490	-2.097402	10.036595	-1.471587	-0.916593
0.127014	-2.088510	10.117574	-1.515585	-0.955410
0.127505	-2.078738	10.197849	-1.560002	-0.995197
0.127961	-2.069089	10.277407	-1.604822	-1.035960
0.128382	-2.060568	10.356237	-1.650029	-1.077700
0.128765	-2.050179	10.434324	-1.695607	-1.120420
0.129109	-2.040925	10.511658	-1.741538	-1.164122
0.129411	-2.031810	10.588225	-1.787806	-1.208807
0.129672	-2.021837	10.664014	-1.834393	-1.254476
0.129887	-2.013010	10.739014	-1.881283	-1.301128
0.130057	-2.003333	10.813213	-1.928456	-1.348763
0.130179	-1.993808	10.886602	-1.975896	-1.397379
0.130252	-1.984439	10.959170	-2.023583	-1.446975
0.130273	-1.975229	11.030909	-2.071499	-1.497549
0.130241	-1.965181	11.101808	-2.119626	-1.549096
0.130154	-1.956300	11.171859	-2.167944	-1.601614
0.130011	-1.947589	11.241056	-2.216434	-1.655098
0.129811	-1.938042	11.309389	-2.265080	-1.709542
0.129563	-1.928619	11.376854	-2.313861	-1.764940
0.129279	-1.919273	11.443443	-2.362758	-1.821286
0.128968	-1.909957	11.509151	-2.411753	-1.878574
0.128643	-1.900626	11.573974	-2.460826	-1.936796
0.128314	-1.891238	11.637907	-2.509960	-1.995945
0.127992	-1.881751	11.700944	-2.559134	-2.056012
0.127690	-1.871124	11.763083	-2.608331	-2.116990
0.127418	-1.860318	11.824320	-2.657531	-2.178873
0.127188	-1.850297	11.884652	-2.706713	-2.241652
0.127012	-1.838027	11.944075	-2.755859	-2.305319
0.126903	-1.826477	12.002587	-2.804946	-2.369870
0.126871	-1.814617	12.060184	-2.853956	-2.435297
0.126930	-1.801422	12.116863	-2.902865	-2.501594
0.127091	-1.787873	12.172622	-2.951653	-2.568756
0.127367	-1.773952	12.227456	-3.000296	-2.636778
0.127772	-1.758649	12.281363	-3.048771	-2.705657
0.128316	-1.742957	12.334338	-3.097051	-2.775389
0.129014	-1.726877	12.386379	-3.145112	-2.845972
0.129879	-1.709414	12.437480	-3.192926	-2.917404
0.130918	-1.691610	12.487637	-3.240465	-2.989684
0.132113	-1.673617	12.536844	-3.287697	-3.062812
0.133441	-1.654605	12.585097	-3.334592	-3.136788
0.134877	-1.636730	12.632389	-3.381117	-3.211614
0.136396	-1.618136	12.678714	-3.427239	-3.287289
0.137971	-1.599950	12.724066	-3.472924	-3.363814
0.139576	-1.583286	12.768438	-3.518138	-3.441189
0.141184	-1.566247	12.811824	-3.562847	-3.519411
0.142768	-1.551924	12.854216	-3.607018	-3.598480
0.144298	-1.538400	12.895606	-3.650618	-3.678392
0.145748	-1.526750	12.935988	-3.693616	-3.759141
0.147090	-1.517044	12.975351	-3.735985	-3.840722
0.148295	-1.509352	13.013687	-3.777698	-3.923126
0.149336	-1.504742	13.050985	-3.818731	-4.006343
0.150186	-1.502286	13.087235	-3.859065	-4.090361
0.150817	-1.503061	13.122425	-3.898684	-4.175167
0.151204	-1.506152	13.156541	-3.937577	-4.260744
0.151321	-1.512657	13.189570	-3.975738	-4.347074
0.151144	-1.521689	13.221497	-4.013163	-4.434137
0.150649	-1.533382	13.252309	-4.049858	-4.521910
0.149824	-1.548845	13.281991	-4.085828	-4.610370
0.148694	-1.567009	13.310530	-4.121090	-4.699488
0.147291	-1.587769	13.337912	-4.155663	-4.789238
0.145650	-1.609027	13.364126	-4.189570	-4.879588
0.143803	-1.632684	13.389162	-4.222837	-4.970508
0.141785	-1.657638	13.413013	-4.255494	-5.061967
0.139627	-1.682781	13.435671	-4.287573	-5.153931
0.137360	-1.707991	13.457135	-4.319106	-5.246370
0.135014	-1.734130	13.477404	-4.350128	-5.339251
0.132617	-1.761042	13.496479	-4.380671	-5.432542
0.130196	-1.786544	13.514363	-4.410770	-5.526213
0.127773	-1.812428	13.531062	-4.440458	-5.620233
0.125371	-1.838456	13.546583	-4.469768	-5.714573
0.123008	-1.862358	13.560935	-4.498732	-5.809204
0.120700	-1.885830	13.574128	-4.527379	-5.904100
0.118460	-1.907535	13.586174	-4.555737	-5.999236
0.116299	-1.928101	13.597085	-4.583831	-6.094586
0.114227	-1.945125	13.606875	-4.611685	-6.190128
0.112249	-1.960172	13.615558	-4.639318	-6.285841
0.110372	-1.971779	13.623147	-4.666745	-6.381706
0.108599	-1.979546	13.629658	-4.693980	-6.477706
0.106920	-1.983421	13.635105	-4.721029	-6.573824
0.105326	-1.983453	13.639504	-4.747896	-6.670046
0.103809	-1.979712	13.642870	-4.774582	-6.766361
0.102365	-1.972285	13.645218	-4.801082	-6.862757
0.100992	-1.962273	13.646562	-4.827388	-6.959226
0.099690	-1.948797	13.646920	-4.853492	-7.055758
0.098459	-1.930991	13.646306	-4.879381	-7.152347
0.097301	-1.911009	13.644736	-4.905037	-7.248987
0.096219	-1.888019	13.642228	-4.930444	-7.345673
0.095214	-1.862209	13.638796	-4.955581	-7.442401
0.094288	-1.834778	13.634459	-4.980426	-7.539168
0.093442	-1.803945	13.629234	-5.004956	-7.635972
0.092676	-1.771940	13.623140	-5.029146	-7.732811
0.091988	-1.737004	13.616195	-5.052969	-7.829683
0.091376	-1.701386	13.608419	-5.076399	-7.926588
0.090834	-1.665341	13.599833	-5.099407	-8.023525
0.090356	-1.628126	13.590458	-5.121967	-8.120495
0.089933	-1.590996	13.580315	-5.144051	-8.217497
0.089555	-1.555201	13.569427	-5.165633	-8.314531
0.089210	-1.519958	13.557816	-5.186688	-8.411598
0.088887	-1.486361	13.545505	-5.207191	-8.508696
0.088579	-1.453466	13.532514	-5.227121	-8.605825
0.088274	-1.423326	13.518867	-5.246458	-8.702984
0.087964	-1.394985	13.504585	-5.265182	-8.800171
0.087637	-1.369482	13.489688	-5.283278	-8.897385
0.087285	-1.344851	13.474195	-5.300731	-8.994624
0.086897	-1.323121	13.458126	-5.317529	-9.091884
0.086464	-1.302320	13.441498	-5.333662	-9.189164
0.085975	-1.284472	13.424329	-5.349120	-9.286458
0.085421	-1.268601	13.406635	-5.363898	-9.383765
0.084792	-1.254730	13.388432	-5.377990	-9.481079
0.084080	-1.241885	13.369733	-5.391394	-9.578396
0.083274	-1.231093	13.350553	-5.404109	-9.675713
0.082367	-1.222386	13.330905	-5.416135	-9.773023
0.081349	-1.214804	13.310800	-5.427476	-9.870323
0.080212	-1.208392	13.290252	-5.438134	-9.967606
0.078947	-1.204208	13.269272	-5.448118	-10.064870
0.077548	-1.200322	13.247870	-5.457434	-10.162107
0.076006	-1.198822	13.226058	-5.466093	-10.259315
0.074318	-1.197797	13.203846	-5.474106	-10.356487
0.072493	-1.198274	13.181245	-5.481488	-10.453619
0.070541	-1.200279	13.158266	-5.488253	-10.550708
0.068477	-1.202857	13.134918	-5.494418	-10.647748
0.066313	-1.208073	13.111212	-5.500001	-10.744737
0.064063	-1.214011	13.087158	-5.505023	-10.841671
0.061740	-1.221776	13.062765	-5.509505	-10.938547
0.059360	-1.231499	13.038043	-5.513468	-11.035361
0.056936	-1.243331	13.013000	-5.516935	-11.132113
0.054486	-1.257451	12.987645	-5.519930	-11.228799
0.052023	-1.274063	12.961987	-5.522479	-11.325417
0.049566	-1.292399	12.936032	-5.524605	-11.421967
0.047131	-1.314712	12.909789	-5.526334	-11.518446
0.044736	-1.340278	12.883264	-5.527692	-11.614855
0.042398	-1.368382	12.856464	-5.528705	-11.711191
0.040138	-1.401309	12.829394	-5.529399	-11.807455
0.037974	-1.437319	12.802060	-5.529799	-11.903646
0.035925	-1.478616	12.774467	-5.529932	-11.999764
0.034011	-1.523307	12.746620	-5.529821	-12.095808
0.032250	-1.573350	12.718523	-5.529492	-12.191779
0.030657	-1.626543	12.690180	-5.528968	-12.287677
0.029240	-1.684674	12.661593	-5.528273	-12.383501
0.028003	-1.746393	12.632766	-5.527428	-12.479252
0.026948	-1.810144	12.603701	-5.526455	-12.574930
0.026075	-1.877172	12.574400	-5.525374	-12.670535
0.025382	-1.945542	12.544865	-5.524206	-12.766067
0.024861	-2.014197	12.515096	-5.522968	-12.861525
0.024503	-2.082031	12.485096	-5.521680	-12.956910
0.024295	-2.147978	12.454864	-5.520357	-13.052222
0.024221	-2.211081	12.424402	-5.519017	-13.147459
0.024263	-2.270557	12.393709	-5.517674	-13.242623
0.024403	-2.325819	12.362785	-5.516344	-13.337712
0.024624	-2.376479	12.331631	-5.515039	-13.432726
0.024907	-2.423334	12.300245	-5.513772	-13.527665
0.025237	-2.464325	12.268627	-5.512555	-13.622527
0.025598	-2.501510	12.236778	-5.511399	-13.717313
0.025977	-2.534022	12.204694	-5.510314	-13.812020
0.026363	-2.561043	12.172377	-5.509310	-13.906648
0.026745	-2.584779	12.139824	-5.508393	-14.001197
0.027114	-2.605441	12.107035	-5.507571	-14.095665
0.027464	-2.621265	12.074008	-5.506851	-14.190051
0.027791	-2.633606	12.040742	-5.506238	-14.284354
0.028092	-2.643818	12.007237	-5.505737	-14.378572
0.028367	-2.650223	11.973489	-5.505351	-14.472705
0.028616	-2.655116	11.939499	-5.505084	-14.566751
0.028839	-2.657765	11.905265	-5.504937	-14.660708
0.029037	-2.657418	11.870786	-5.504911	-14.754576
0.029211	-2.656306	11.836060	-5.505009	-14.848353
0.029364	-2.652644	11.801085	-5.505230	-14.942037
0.029496	-2.648638	11.765861	-5.505574	-15.035627
0.029610	-2.642483	11.730386	-5.506041	-15.129122
0.029707	-2.635370	11.694659	-5.506628	-15.222520
0.029790	-2.627483	11.658679	-5.507336	-15.315820
0.029859	-2.619006	11.622443	-5.508161	-15.409021
0.029917	-2.610117	11.585952	-5.509102	-15.502120
0.029964	-2.599995	11.549203	-5.510157	-15.595117
0.030002	-2.590820	11.512197	-5.511322	-15.688010
0.030032	-2.579770	11.474931	-5.512596	-15.780798
0.030055	-2.570024	11.437404	-5.513976	-15.873480
0.030071	-2.559762	11.399617	-5.515459	-15.966053
0.030080	-2.550133	11.361568	-5.517041	-16.058518
0.030082	-2.540162	11.323256	-5.518721	-16.150873
0.030079	-2.531844	11.284682	-5.520495	-16.243116
0.030069	-2.523176	11.245844	-5.522361	-16.335247
0.030054	-2.514155	11.206742	-5.524316	-16.427265
0.030033	-2.506780	11.167376	-5.526358	-16.519168
0.030007	-2.499049	11.127747	-5.528485	-16.610955
0.029977	-2.491964	11.087853	-5.530694	-16.702626
0.029942	-2.485524	11.047695	-5.532983	-16.794180
0.029903	-2.479733	11.007273	-5.535351	-16.885616
0.029861	-2.475593	10.966588	-5.537795	-16.976933
0.029816	-2.471107	10.925640	-5.540313	-17.068130
0.029768	-2.467278	10.884430	-5.542906	-17.159206
0.029719	-2.464110	10.842957	-5.545570	-17.250162
0.029669	-2.462608	10.801222	-5.548307	-17.340995
0.029618	-2.460776	10.759227	-5.551113	-17.431706
0.029568	-2.460618	10.716972	-5.553990	-17.522295
0.029518	-2.461138	10.674457	-5.556937	-17.612759
0.029471	-2.463339	10.631684	-5.559953	-17.703099
0.029426	-2.466225	10.588653	-5.563040	-17.793315
0.029385	-2.469785	10.545366	-5.566198	-17.883405
0.029346	-2.473960	10.501823	-5.569428	-17.973369
0.029310	-2.479678	10.458025	-5.572731	-18.063207
0.029276	-2.485870	10.413974	-5.576109	-18.152918
0.029243	-2.492462	10.369671	-5.579562	-18.242502
0.029211	-2.500385	10.325116	-5.583094	-18.331958
0.029179	-2.508567	10.280311	-5.586705	-18.421286
0.029145	-2.516940	10.235258	-5.590399	-18.510485
0.029110	-2.525435	10.189957	-5.594177	-18.599556
0.029073	-2.534983	10.144410	-5.598041	-18.688497
0.029031	-2.543516	10.098619	-5.601995	-18.777309
0.028985	-2.552970	10.052584	-5.606040	-18.865990
0.028933	-2.562277	10.006308	-5.610179	-18.954542
0.028875	-2.570373	9.959793	-5.614414	-19.042963
0.028807	-2.579193	9.913039	-5.618747	-19.131254
0.028731	-2.587673	9.866048	-5.623180	-19.219415
0.028643	-2.595749	9.818823	-5.627715	-19.307444
0.028543	-2.603356	9.771365	-5.632354	-19.395343
0.028430	-2.610428	9.723677	-5.637098	-19.483111
0.028301	-2.616899	9.675759	-5.641950	-19.570749
0.028156	-2.622714	9.627615	-5.646909	-19.658257
0.027996	-2.627879	9.579247	-5.651978	-19.745634
0.027822	-2.631412	9.530656	-5.657156	-19.832881
0.027635	-2.635328	9.481844	-5.662445	-19.919999
0.027436	-2.637641	9.432815	-5.667843	-20.006987
0.027227	-2.640362	9.383570	-5.673351	-20.093846
0.027008	-2.641501	9.334111	-5.678969	-20.180577
0.026782	-2.643068	9.284441	-5.684696	-20.267180
0.026550	-2.643072	9.234562	-5.690531	-20.353656
0.026314	-2.642520	9.184476	-5.696474	-20.440004
0.026074	-2.641420	9.134185	-5.702523	-20.526226
0.025832	-2.639778	9.083691	-5.708677	-20.612322
0.025590	-2.637604	9.032997	-5.714935	-20.698293
0.025349	-2.634906	8.982104	-5.721295	-20.784138
0.025111	-2.630693	8.931015	-5.727755	-20.869859
0.024877	-2.626977	8.879730	-5.734314	-20.955457
0.024649	-2.621770	8.828253	-5.740970	-21.040930
0.024429	-2.617087	8.776584	-5.747720	-21.126281
0.024217	-2.610947	8.724725	-5.754563	-21.211509
0.024016	-2.604369	8.672678	-5.761497	-21.296615
0.023827	-2.597387	8.620444	-5.768518	-21.381599
0.023650	-2.590068	8.568023	-5.775626	-21.466461
0.023485	-2.582496	8.515418	-5.782817	-21.551202
0.023331	-2.574754	8.462629	-5.790090	-21.635821
0.023189	-2.566930	8.409657	-5.797442	-21.720319
0.023057	-2.559111	8.356503	-5.804870	-21.804696
0.022935	-2.550388	8.303168	-5.812373	-21.888951
0.022823	-2.542853	8.249651	-5.819949	-21.973086
0.022721	-2.535598	8.195955	-5.827595	-22.057099
0.022627	-2.528715	8.142079	-5.835310	-22.140991
0.022541	-2.522299	8.088024	-5.843091	-22.224762
0.022463	-2.516441	8.033791	-5.850937	-22.308411
0.022391	-2.511235	7.979379	-5.858846	-22.391938
0.022326	-2.506773	7.924791	-5.866818	-22.475344
0.022265	-2.504146	7.870025	-5.874850	-22.558628
0.022210	-2.501446	7.815084	-5.882943	-22.641790
0.022159	-2.500764	7.759966	-5.891095	-22.724830
0.022111	-2.501189	7.704674	-5.899306	-22.807747
0.022067	-2.502813	7.649207	-5.907575	-22.890542
0.022025	-2.506724	7.593566	-5.915905	-22.973215
0.021986	-2.510981	7.537752	-5.924293	-23.055764
0.021949	-2.517514	7.481767	-5.932743	-23.138191
0.021914	-2.526221	7.425610	-5.941254	-23.220495
0.021882	-2.534999	7.369283	-5.949829	-23.302677
0.021851	-2.545743	7.312788	-5.958469	-23.384735
0.021821	-2.557349	7.256125	-5.967176	-23.466671
0.021793	-2.569714	7.199295	-5.975953	-23.548484
0.021765	-2.582732	7.142300	-5.984802	-23.630174
0.021739	-2.596301	7.085141	-5.993725	-23.711741
0.021712	-2.610317	7.027821	-6.002726	-23.793186
0.021685	-2.625678	6.970339	-6.011806	-23.874509
0.021657	-2.640284	6.912698	-6.020968	-23.955710
0.021628	-2.655033	6.854900	-6.030217	-24.036789
0.021596	-2.670830	6.796946	-6.039553	-24.117747
0.021560	-2.685576	6.738839	-6.048981	-24.198584
0.021519	-2.700178	6.680579	-6.058502	-24.279300
0.021473	-2.714542	6.622169	-6.068120	-24.359896
0.021420	-2.729578	6.563610	-6.077837	-24.440373
0.021358	-2.743195	6.504905	-6.087655	-24.520730
0.021287	-2.756303	6.446055	-6.097576	-24.600969
0.021203	-2.767842	6.387064	-6.107603	-24.681091
0.021108	-2.779866	6.327931	-6.117738	-24.761095
0.021000	-2.791460	6.268661	-6.127981	-24.840982
0.020878	-2.801707	6.209254	-6.138335	-24.920754
0.020742	-2.812695	6.149712	-6.148800	-25.000412
0.020591	-2.822510	6.090039	-6.159378	-25.079956
0.020426	-2.832243	6.030236	-6.170069	-25.159387
0.020244	-2.841987	5.970306	-6.180874	-25.238706
0.020047	-2.850841	5.910250	-6.191794	-25.317915
0.019834	-2.860906	5.850072	-6.202829	-25.397015
0.019604	-2.871290	5.789774	-6.213980	-25.476008
0.019358	-2.881109	5.729358	-6.225245	-25.554894
0.019095	-2.891484	5.668827	-6.236627	-25.633675
0.018816	-2.902550	5.608185	-6.248124	-25.712353
0.018521	-2.914451	5.547433	-6.259736	-25.790931
0.018210	-2.927345	5.486576	-6.271464	-25.869409
0.017883	-2.940406	5.425616	-6.283306	-25.947790
0.017541	-2.955828	5.364557	-6.295264	-26.026077
0.017185	-2.971823	5.303403	-6.307336	-26.104272
0.016816	-2.989630	5.242157	-6.319523	-26.182377
0.016436	-3.009460	5.180822	-6.331823	-26.260394
0.016050	-3.030313	5.119404	-6.344237	-26.338328
0.015661	-3.054115	5.057907	-6.356765	-26.416181
0.015277	-3.078763	4.996334	-6.369405	-26.493956
0.014900	-3.106110	4.934690	-6.382159	-26.571657
0.014535	-3.133964	4.872979	-6.395025	-26.649286
0.014187	3.120110	4.811207	-6.408004	-26.726847
0.013858	3.090053	4.749377	-6.421095	-26.804343
0.013551	3.059426	4.687494	-6.434298	-26.881778
0.013269	3.028669	4.625562	-6.447613	-26.959154
0.013013	2.998283	4.563584	-6.461040	-27.036475
0.012782	2.967823	4.501565	-6.474578	-27.113743
0.012578	2.939886	4.439508	-6.488228	-27.190961
0.012400	2.914099	4.377417	-6.501989	-27.268132
0.012247	2.890106	4.315294	-6.515861	-27.345257
0.012116	2.870553	4.253143	-6.529844	-27.422339
0.012007	2.854077	4.190965	-6.543938	-27.499379
0.011919	2.842298	4.128762	-6.558142	-27.576379
0.011850	2.835808	4.066535	-6.572456	-27.653340
0.011800	2.834162	4.004286	-6.586879	-27.730262
0.011771	2.838682	3.942014	-6.601412	-27.807145
0.011769	2.848860	3.879720	-6.616054	-27.883989
0.011801	2.863903	3.817402	-6.630803	-27.960794
0.011874	2.882914	3.755059	-6.645661	-28.037557
0.011997	2.903894	3.692690	-6.660626	-28.114278
0.012175	2.926762	3.630292	-6.675699	-28.190955
0.012417	2.950399	3.567864	-6.690881	-28.267585
0.012725	2.974698	3.505401	-6.706171	-28.344166
0.013106	2.995621	3.442902	-6.721571	-28.420695
0.013561	3.015252	3.380364	-6.737084	-28.497169
0.014093	3.031836	3.317782	-6.752711	-28.573584
0.014704	3.044800	3.255154	-6.768456	-28.649938
0.015395	3.053755	3.192478	-6.784323	-28.726226
0.016169	3.058488	3.129748	-6.800317	-28.802444
0.017027	3.058939	3.066964	-6.816443	-28.878589
0.017974	3.056181	3.004121	-6.832710	-28.954655
0.019012	3.048386	2.941217	-6.849124	-29.030640
0.020147	3.036810	2.878250	-6.865696	-29.106538
0.021385	3.022767	2.815218	-6.882435	-29.182346
0.022733	3.005610	2.752120	-6.899354	-29.258058
0.024198	2.985835	2.688954	-6.916465	-29.333670
0.025776	2.964346	2.625719	-6.933784	-29.409178
0.027460	2.941975	2.562416	-6.951326	-29.484577
0.029246	2.920361	2.499045	-6.969109	-29.559862
0.031123	2.898984	2.435608	-6.987150	-29.635030
0.033085	2.878188	2.372104	-7.005470	-29.710074
0.035120	2.857211	2.308536	-7.024089	-29.784990
0.037220	2.838206	2.244906	-7.043026	-29.859774
0.039373	2.821264	2.181217	-7.062304	-29.934420
0.041569	2.804429	2.117471	-7.081945	-30.008923
0.043794	2.788712	2.053672	-7.101970	-30.083278
0.046038	2.774098	1.989822	-7.122402	-30.157478
0.048289	2.760560	1.925926	-7.143264	-30.231520
0.050533	2.749060	1.861989	-7.164577	-30.305396
0.052759	2.737554	1.798013	-7.186364	-30.379101
0.054954	2.726996	1.734004	-7.208647	-30.452629
0.057106	2.717341	1.669967	-7.231448	-30.525973
0.059201	2.709544	1.605907	-7.254786	-30.599128
0.061227	2.701564	1.541829	-7.278683	-30.672086
0.063171	2.694363	1.477738	-7.303157	-30.744842
0.065023	2.686896	1.413640	-7.328227	-30.817388
0.066779	2.681082	1.349542	-7.353911	-30.889718
0.068438	2.675842	1.285448	-7.380224	-30.961826
0.069998	2.671110	1.221365	-7.407182	-31.033705
0.071459	2.665829	1.157298	-7.434799	-31.105349
0.072819	2.661951	1.093255	-7.463088	-31.176750
0.074077	2.657434	1.029241	-7.492061	-31.247903
0.075233	2.654242	0.965263	-7.521729	-31.318802
0.076285	2.650344	0.901326	-7.552101	-31.389439
0.077232	2.646712	0.837437	-7.583186	-31.459809
0.078074	2.644323	0.773604	-7.614991	-31.529907
0.078810	2.641154	0.709831	-7.647523	-31.599725
0.079438	2.639188	0.646124	-7.680787	-31.669260
0.079958	2.636408	0.582491	-7.714787	-31.738504
0.080369	2.634800	0.518937	-7.749526	-31.807454
0.080670	2.632349	0.455467	-7.785006	-31.876103
0.080861	2.631046	0.392088	-7.821228	-31.944449
0.080940	2.629879	0.328805	-7.858190	-32.012485
0.080907	2.627839	0.265622	-7.895893	-32.080208
0.080761	2.626918	0.202545	-7.934332	-32.147615
0.080502	2.626107	0.139578	-7.973505	-32.214703
0.080136	2.625393	0.076726	-8.013406	-32.281467
0.079670	2.625760	0.013993	-8.054030	-32.347907
0.079110	2.625197	-0.048618	-8.095370	-32.414019
0.078462	2.624691	-0.111104	-8.137418	-32.479802
0.077734	2.624229	-0.173462	-8.180167	-32.545255
0.076932	2.624800	-0.235689	-8.223606	-32.610376
0.076064	2.624392	-0.297783	-8.267727	-32.675166
0.075135	2.624995	-0.359741	-8.312518	-32.739624
0.074152	2.624597	-0.421562	-8.357970	-32.803751
0.073122	2.624186	-0.483244	-8.404071	-32.867548
0.072052	2.624752	-0.544786	-8.450810	-32.931015
0.070948	2.624283	-0.606187	-8.498175	-32.994154
0.069817	2.623766	-0.667444	-8.546153	-33.056968
0.068666	2.624189	-0.728559	-8.594733	-33.119458
0.067502	2.623540	-0.789529	-8.643903	-33.181627
0.066331	2.622806	-0.850355	-8.693650	-33.243477
0.065160	2.621974	-0.911035	-8.743962	-33.305012
0.063996	2.621030	-0.971570	-8.794828	-33.366235
0.062845	2.619961	-1.031959	-8.846234	-33.427149
0.061713	2.618757	-1.092202	-8.898170	-33.487758
0.060601	2.616422	-1.152298	-8.950625	-33.548065
0.059506	2.614964	-1.212247	-9.003586	-33.608075
0.058430	2.612392	-1.272049	-9.057044	-33.667791
0.057370	2.610717	-1.331702	-9.110987	-33.727218
0.056325	2.607948	-1.391208	-9.165405	-33.786359
0.055296	2.606097	-1.450566	-9.220288	-33.845219
0.054280	2.603177	-1.509775	-9.275626	-33.903802
0.053278	2.600199	-1.568836	-9.331409	-33.962112
0.052288	2.598177	-1.627749	-9.387628	-34.020153
0.051309	2.595127	-1.686513	-9.444272	-34.077930
0.050340	2.592064	-1.745129	-9.501334	-34.135447
0.049380	2.590005	-1.803597	-9.558802	-34.192708
0.048429	2.586967	-1.861917	-9.616670	-34.249717
0.047485	2.584970	-1.920091	-9.674927	-34.306480
0.046547	2.582033	-1.978118	-9.733565	-34.362999
0.045615	2.580177	-2.035999	-9.792575	-34.419280
0.044687	2.578427	-2.093735	-9.851949	-34.475327
0.043762	2.576806	-2.151329	-9.911678	-34.531143
0.042840	2.575342	-2.208780	-9.971753	-34.586734
0.041919	2.574055	-2.266090	-10.032167	-34.642102
0.040998	2.572948	-2.323261	-10.092911	-34.697253
0.040077	2.573012	-2.380295	-10.153977	-34.752190
0.039153	2.572241	-2.437194	-10.215357	-34.806917
0.038226	2.572626	-2.493960	-10.277042	-34.861438
0.037296	2.573159	-2.550595	-10.339024	-34.915758
0.036360	2.572829	-2.607102	-10.401295	-34.969881
0.035417	2.573626	-2.663483	-10.463848	-35.023810
0.034468	2.574536	-2.719741	-10.526673	-35.077550
0.033510	2.575546	-2.775878	-10.589764	-35.131105
0.032543	2.576641	-2.831899	-10.653111	-35.184480
0.031565	2.577804	-2.887805	-10.716707	-35.237678
0.030576	2.579014	-2.943600	-10.780543	-35.290704
0.029574	2.580251	-2.999287	-10.844611	-35.343564
0.028559	2.581489	-3.054870	-10.908904	-35.396261
0.027530	2.582699	-3.110352	-10.973412	-35.448801
0.026484	2.583848	-3.165736	-11.038128	-35.501189
0.025423	2.584896	-3.221026	-11.103043	-35.553429
0.024343	2.585797	-3.276226	-11.168149	-35.605528
0.023246	2.586495	-3.331338	-11.233436	-35.657490
0.022129	2.585933	-3.386368	-11.298898	-35.709322
0.020997	2.586093	-3.441318	-11.364524	-35.761030
0.019854	2.584964	-3.496192	-11.430306	-35.812619
0.018704	2.584535	-3.550995	-11.496236	-35.864097
0.017551	2.582794	-3.605729	-11.562304	-35.915469
0.016399	2.580725	-3.660399	-11.628503	-35.966742
0.015253	2.579313	-3.715009	-11.694822	-36.017923
0.014117	2.576543	-3.769563	-11.761255	-36.069018
0.012994	2.573399	-3.824063	-11.827791	-36.120033
0.011890	2.570869	-3.878515	-11.894423	-36.170975
0.010808	2.566944	-3.932922	-11.961143	-36.221851
0.009751	2.563628	-3.987287	-12.027942	-36.272667
0.008726	2.558939	-4.041615	-12.094814	-36.323428
0.007735	2.554930	-4.095909	-12.161749	-36.374141
0.006782	2.549706	-4.150173	-12.228741	-36.424812
0.005872	2.545466	-4.204409	-12.295784	-36.475445
0.005008	2.541582	-4.258622	-12.362869	-36.526046
0.004195	2.538735	-4.312815	-12.429992	-36.576620
0.003436	2.538204	-4.366991	-12.497145	-36.627171
0.002735	2.542479	-4.421152	-12.564323	-36.677703
0.002096	2.557501	-4.475303	-12.631522	-36.728221
0.001518	2.591424	-4.529446	-12.698736	-36.778727
0.001002	2.673477	-4.583583	-12.765961	-36.829224
0.000561	2.902616	-4.637717	-12.833193	-36.879715
0.000295	-2.543036	-4.691850	-12.900429	-36.930202
0.000445	-1.543643	-4.745985	-12.967665	-36.980686
0.000740	-1.260028	-4.800123	-13.034899	-37.031170
0.001025	-1.168984	-4.854267	-13.102129	-37.081653
0.001283	-1.136896	-4.908419	-13.169352	-37.132138
0.001511	-1.130099	-4.962580	-13.236566	-37.182624
0.001710	-1.136693	-5.016752	-13.303769	-37.233112
0.001881	-1.151421	-5.070937	-13.370961	-37.283602
0.002027	-1.171567	-5.125135	-13.438141	-37.334095
0.002150	-1.195533	-5.179348	-13.505307	-37.384589
0.002252	-1.222267	-5.233577	-13.572458	-37.435085
0.002335	-1.251990	-5.287824	-13.639595	-37.485582
0.002401	-1.282064	-5.342088	-13.706717	-37.536079
0.002451	-1.313915	-5.396371	-13.773824	-37.586577
0.002485	-1.344994	-5.450673	-13.840916	-37.637074
0.002506	-1.376741	-5.504995	-13.907993	-37.687570
0.002514	-1.407753	-5.559337	-13.975055	-37.738063
0.002509	-1.438285	-5.613699	-14.042103	-37.788554
0.002493	-1.468716	-5.668082	-14.109137	-37.839041
0.002466	-1.500380	-5.722486	-14.176157	-37.889524
0.002429	-1.531579	-5.776910	-14.243164	-37.940003
0.002383	-1.564597	-5.831354	-14.310158	-37.990477
0.002330	-1.597703	-5.885818	-14.377141	-38.040944
0.002269	-1.633159	-5.940301	-14.444113	-38.091406
0.002203	-1.670222	-5.994803	-14.511074	-38.141860
0.002131	-1.708147	-6.049324	-14.578025	-38.192308
0.002056	-1.749184	-6.103863	-14.644968	-38.242747
0.001977	-1.792577	-6.158419	-14.711903	-38.293179
0.001897	-1.837560	-6.212991	-14.778831	-38.343602
0.001815	-1.886349	-6.267580	-14.845753	-38.394017
0.001733	-1.937132	-6.322182	-14.912669	-38.444423
0.001652	-1.992052	-6.376799	-14.979580	-38.494819
0.001572	-2.049193	-6.431429	-15.046488	-38.545207
0.001494	-2.110560	-6.486072	-15.113393	-38.595584
0.001419	-2.174058	-6.540725	-15.180297	-38.645953
0.001346	-2.240476	-6.595389	-15.247198	-38.696311
0.001277	-2.309752	-6.650063	-15.314100	-38.746660
0.001211	-2.381937	-6.704745	-15.381001	-38.797000
0.001148	-2.460572	-6.759434	-15.447903	-38.847330
0.001090	-2.545381	-6.814131	-15.514806	-38.897651
0.001037	-2.640125	-6.868833	-15.581712	-38.947964
0.000993	-2.744312	-6.923540	-15.648620	-38.998267
0.000959	-2.859707	-6.978252	-15.715531	-39.048562
0.000938	-2.985695	-7.032966	-15.782446	-39.098848
0.000935	-3.119690	-7.087682	-15.849365	-39.149127
0.000951	3.026143	-7.142399	-15.916290	-39.199398
0.000990	2.891398	-7.197116	-15.983220	-39.249661
0.001052	2.765110	-7.251831	-16.050157	-39.299917
0.001138	2.651648	-7.306545	-16.117101	-39.350166
0.001246	2.553287	-7.361254	-16.184054	-39.400407
0.001375	2.470410	-7.415959	-16.251015	-39.450642
0.001525	2.402118	-7.470657	-16.317987	-39.500870
0.001694	2.346859	-7.525348	-16.384970	-39.551092
0.001882	2.301873	-7.580030	-16.451966	-39.601306
0.002090	2.267450	-7.634701	-16.518975	-39.651514
0.002316	2.240048	-7.689359	-16.586000	-39.701714
0.002561	2.220289	-7.744004	-16.653042	-39.751907
0.002822	2.204831	-7.798633	-16.720102	-39.802093
0.003094	2.193497	-7.853245	-16.787183	-39.852270
0.003376	2.185332	-7.907837	-16.854287	-39.902438
0.003663	2.179583	-7.962407	-16.921414	-39.952597
0.003952	2.174664	-8.016954	-16.988568	-40.002746
0.004241	2.172119	-8.071476	-17.055751	-40.052885
0.004526	2.169599	-8.125970	-17.122964	-40.103012
0.004804	2.168828	-8.180436	-17.190209	-40.153128
0.005072	2.167593	-8.234870	-17.257489	-40.203231
0.005327	2.166723	-8.289272	-17.324806	-40.253320
0.005566	2.166080	-8.343639	-17.392160	-40.303396
0.005786	2.165549	-8.397970	-17.459554	-40.353457
0.005984	2.165034	-8.452264	-17.526990	-40.403503
0.006157	2.164445	-8.506519	-17.594469	-40.453533
0.006302	2.163702	-8.560734	-17.661991	-40.503548
0.006416	2.162723	-8.614908	-17.729559	-40.553546
0.006496	2.161423	-8.669040	-17.797172	-40.603527
0.006538	2.160708	-8.723130	-17.864832	-40.653491
0.006541	2.158469	-8.777177	-17.932538	-40.703439
0.006501	2.155604	-8.831182	-18.000291	-40.753370
0.006422	2.152108	-8.885144	-18.068090	-40.803284
0.006306	2.147990	-8.939063	-18.135935	-40.853181
0.006158	2.143247	-8.992941	-18.203824	-40.903064
0.005980	2.138872	-9.046778	-18.271757	-40.952930
0.005775	2.132846	-9.100575	-18.339731	-41.002783
0.005548	2.126148	-9.154334	-18.407747	-41.052622
0.005301	2.119754	-9.208055	-18.475801	-41.102447
0.005038	2.112641	-9.261741	-18.543893	-41.152261
0.004763	2.103790	-9.315392	-18.612020	-41.202064
0.004477	2.095192	-9.369010	-18.680180	-41.251856
0.004185	2.085858	-9.422598	-18.748371	-41.301639
0.003891	2.075831	-9.476156	-18.816591	-41.351413
0.003596	2.066207	-9.529688	-18.884838	-41.401181
0.003305	2.055161	-9.583194	-18.953109	-41.450941
0.003020	2.044996	-9.636676	-19.021403	-41.500696
0.002744	2.034198	-9.690138	-19.089717	-41.550446
0.002481	2.025531	-9.743579	-19.158051	-41.600191
0.002233	2.019153	-9.797002	-19.226400	-41.649933
0.002003	2.017765	-9.850409	-19.294765	-41.699671
0.001794	2.021505	-9.903802	-19.363144	-41.749407
0.001605	2.034010	-9.957182	-19.431534	-41.799140
0.001435	2.055846	-10.010550	-19.499935	-41.848870
0.001284	2.088664	-10.063907	-19.568346	-41.898598
0.001151	2.134028	-10.117256	-19.636766	-41.948324
0.001036	2.194128	-10.170598	-19.705194	-41.998046
0.000940	2.267315	-10.223932	-19.773629	-42.047766
0.000863	2.354543	-10.277261	-19.842071	-42.097482
0.000804	2.451941	-10.330585	-19.910520	-42.147195
0.000761	2.554851	-10.383906	-19.978974	-42.196903
0.000733	2.657594	-10.437223	-20.047434	-42.246608
0.000716	2.754705	-10.490538	-20.115898	-42.296307
0.000707	2.842030	-10.543851	-20.184368	-42.346002
0.000700	2.917173	-10.597163	-20.252843	-42.395692
0.000692	2.979270	-10.650474	-20.321322	-42.445377
0.000680	3.028414	-10.703785	-20.389805	-42.495056
0.000661	3.065019	-10.757096	-20.458292	-42.544729
0.000630	3.089241	-10.810406	-20.526784	-42.594397
0.000586	3.100329	-10.863717	-20.595278	-42.644060
0.000527	3.094566	-10.917028	-20.663776	-42.693719
0.000452	3.067493	-10.970339	-20.732278	-42.743373
0.000361	3.003665	-11.023651	-20.800781	-42.793023
0.000260	2.864292	-11.076962	-20.869287	-42.842670
0.000160	2.497839	-11.130273	-20.937795	-42.892316
0.000122	1.514379	-11.183583	-21.006304	-42.941960
0.000213	0.769016	-11.236892	-21.074813	-42.991605
0.000355	0.506748	-11.290199	-21.143322	-43.041252
0.000513	0.382863	-11.343505	-21.211830	-43.090901
0.000683	0.305819	-11.396809	-21.280337	-43.140555
0.000859	0.248382	-11.450111	-21.348841	-43.190215
0.001042	0.201035	-11.503410	-21.417342	-43.239883
0.001230	0.156916	-11.556707	-21.485838	-43.289559
0.001422	0.114473	-11.610001	-21.554328	-43.339246
0.001619	0.073244	-11.663293	-21.622811	-43.388945
0.001820	0.030339	-11.716583	-21.691286	-43.438658
0.002026	-0.012797	-11.769871	-21.759752	-43.488386
0.002237	-0.056505	-11.823157	-21.828206	-43.538131
0.002456	-0.102970	-11.876443	-21.896647	-43.587895
0.002682	-0.150253	-11.929729	-21.965074	-43.637678
0.002918	-0.199313	-11.983017	-22.033484	-43.687482
0.003167	-0.248783	-12.036307	-22.101876	-43.737309
0.003431	-0.298449	-12.089602	-22.170248	-43.787159
0.003712	-0.347157	-12.142902	-22.238596	-43.837034
0.004010	-0.393043	-12.196211	-22.306919	-43.886936
0.004326	-0.436492	-12.249529	-22.375215	-43.936864
0.004661	-0.477101	-12.302860	-22.443480	-43.986821
0.005014	-0.514640	-12.356206	-22.511712	-44.036807
0.005384	-0.548013	-12.409569	-22.579908	-44.086823
0.005769	-0.578225	-12.462952	-22.648066	-44.136871
0.006169	-0.605353	-12.516358	-22.716181	-44.186952
0.006581	-0.629518	-12.569790	-22.784252	-44.237066
0.007004	-0.649872	-12.623250	-22.852275	-44.287215
0.007437	-0.668579	-12.676741	-22.920246	-44.337400
0.007877	-0.683807	-12.730267	-22.988163	-44.387623
0.008322	-0.697723	-12.783829	-23.056023	-44.437884
0.008770	-0.708483	-12.837432	-23.123821	-44.488185
0.009220	-0.718235	-12.891077	-23.191554	-44.538528
0.009668	-0.725114	-12.944767	-23.259220	-44.588913
0.010115	-0.731243	-12.998505	-23.326814	-44.639343
0.010556	-0.735731	-13.052294	-23.394334	-44.689819
0.010991	-0.738699	-13.106136	-23.461776	-44.740342
0.011419	-0.740341	-13.160034	-23.529137	-44.790914
0.011841	-0.740842	-13.213989	-23.596414	-44.841538
0.012256	-0.741356	-13.268004	-23.663603	-44.892214
0.012665	-0.740011	-13.322080	-23.730701	-44.942945
0.013068	-0.738919	-13.376220	-23.797705	-44.993731
0.013466	-0.736172	-13.430426	-23.864612	-45.044576
0.013858	-0.733852	-13.484699	-23.931419	-45.095481
0.014246	-0.730027	-13.539040	-23.998122	-45.146448
0.014629	-0.725760	-13.593452	-24.064720	-45.197479
0.015008	-0.722103	-13.647935	-24.131208	-45.248576
0.015383	-0.717102	-13.702491	-24.197584	-45.299741
0.015755	-0.711800	-13.757121	-24.263845	-45.350976
0.016124	-0.706232	-13.811826	-24.329988	-45.402283
0.016490	-0.699433	-13.866607	-24.396010	-45.453665
0.016854	-0.692430	-13.921466	-24.461908	-45.505124
0.017217	-0.685250	-13.976402	-24.527679	-45.556662
0.017578	-0.676918	-14.031416	-24.593321	-45.608282
0.017939	-0.668454	-14.086509	-24.658830	-45.659986
0.018299	-0.658879	-14.141681	-24.724203	-45.711777
0.000000	0.000000	-14.141681	-24.724203	-45.711777
