0.050767	-0.852906	0.000000	0.000000	0.000000
0.046411	-0.812305	0.099999	0.000334	-0.000382
0.042143	-0.764617	0.199994	0.000987	-0.001102
0.037994	-0.708166	0.299984	0.001944	-0.002113
0.034003	-0.640741	0.399969	0.003190	-0.003371
0.030217	-0.559438	0.499946	0.004709	-0.004832
0.026691	-0.461531	0.599918	0.006483	-0.006454
0.023498	-0.340498	0.699882	0.008496	-0.008194
0.020727	-0.193562	0.799841	0.010731	-0.010013
0.018484	-0.016333	0.899794	0.013169	-0.011871
0.016875	0.190010	0.999742	0.015792	-0.013733
0.015973	0.416319	1.099686	0.018581	-0.015563
0.015769	0.646051	1.199628	0.021515	-0.017328
0.016161	0.862065	1.299567	0.024575	-0.018998
0.016983	1.053050	1.399505	0.027741	-0.020545
0.018062	1.218047	1.499442	0.030991	-0.021945
0.019249	1.361358	1.599380	0.034303	-0.023175
0.020437	1.486180	1.699318	0.037654	-0.024217
0.021549	1.598763	1.799258	0.041024	-0.025055
0.022538	1.703769	1.899199	0.044387	-0.025678
0.023376	1.805218	1.999143	0.047720	-0.026078
0.024065	1.906432	2.099089	0.050999	-0.026250
0.024650	2.009429	2.199038	0.054198	-0.026195
0.025191	2.114234	2.298989	0.057293	-0.025917
0.025751	2.223084	2.398944	0.060258	-0.025423
0.026393	2.333455	2.498902	0.063066	-0.024725
0.027173	2.446146	2.598864	0.065691	-0.023836
0.028141	2.557435	2.698829	0.068108	-0.022773
0.029329	2.667341	2.798798	0.070291	-0.021555
0.030756	2.771917	2.898770	0.072212	-0.020203
0.032424	2.870517	2.998746	0.073846	-0.018740
0.034321	2.962955	3.098725	0.075168	-0.017191
0.036426	3.046550	3.198708	0.076153	-0.015581
0.038707	3.122074	3.298692	0.076774	-0.013936
0.041129	-3.093538	3.398678	0.077009	-0.012284
0.043655	-3.032566	3.498665	0.076833	-0.010653
0.046245	-2.979715	3.598650	0.076222	-0.009069
0.048862	-2.933456	3.698633	0.075156	-0.007560
0.051467	-2.893261	3.798611	0.073612	-0.006153
0.054025	-2.857641	3.898582	0.071568	-0.004873
0.056501	-2.828165	3.998543	0.069007	-0.003744
0.058865	-2.803360	4.098491	0.065908	-0.002791
0.061108	-2.781448	4.198421	0.062255	-0.002033
0.063228	-2.763711	4.298330	0.058031	-0.001492
0.065223	-2.748563	4.398214	0.053219	-0.001185
0.067098	-2.735528	4.498067	0.047807	-0.001128
0.068856	-2.723208	4.597885	0.041779	-0.001338
0.070503	-2.713266	4.697662	0.035124	-0.001827
0.072045	-2.704416	4.797393	0.027829	-0.002611
0.073489	-2.695407	4.897071	0.019885	-0.003700
0.074842	-2.688022	4.996690	0.011280	-0.005108
0.076113	-2.681062	5.096244	0.002006	-0.006844
0.077310	-2.673351	5.195726	-0.007945	-0.008919
0.078440	-2.666727	5.295129	-0.018582	-0.011343
0.079513	-2.659040	5.394446	-0.029911	-0.014126
0.080539	-2.652149	5.493670	-0.041938	-0.017279
0.081525	-2.643926	5.592794	-0.054668	-0.020810
0.082481	-2.636248	5.691809	-0.068107	-0.024730
0.083418	-2.627000	5.790709	-0.082258	-0.029049
0.084346	-2.618076	5.889484	-0.097125	-0.033777
0.085275	-2.607376	5.988128	-0.112712	-0.038926
0.086214	-2.595839	6.086631	-0.129020	-0.044508
0.087167	-2.584528	6.184986	-0.146051	-0.050535
0.088133	-2.571530	6.283183	-0.163806	-0.057021
0.089114	-2.557933	6.381214	-0.182287	-0.063979
0.090109	-2.543819	6.479069	-0.201492	-0.071425
0.091118	-2.530265	6.576740	-0.221422	-0.079373
0.092143	-2.515348	6.674217	-0.242076	-0.087839
0.093181	-2.501140	6.771490	-0.263453	-0.096840
0.094234	-2.485708	6.868549	-0.285551	-0.106391
0.095299	-2.471118	6.965384	-0.308367	-0.116509
0.096376	-2.455431	7.061985	-0.331899	-0.127211
0.097464	-2.440705	7.158341	-0.356143	-0.138514
0.098560	-2.425994	7.254441	-0.381097	-0.150435
0.099664	-2.410348	7.350274	-0.406756	-0.162990
0.100772	-2.395815	7.445829	-0.433115	-0.176197
0.101883	-2.382439	7.541094	-0.460170	-0.190074
0.102993	-2.368262	7.636058	-0.487916	-0.204635
0.104101	-2.354319	7.730708	-0.516349	-0.219897
0.105201	-2.341647	7.825032	-0.545462	-0.235877
0.106292	-2.328278	7.919019	-0.575249	-0.252590
0.107370	-2.316232	8.012654	-0.605705	-0.270051
0.108433	-2.304502	8.105925	-0.636824	-0.288275
0.109481	-2.293069	8.198820	-0.668598	-0.307275
0.110513	-2.281917	8.291324	-0.701021	-0.327066
0.111527	-2.271031	8.383424	-0.734087	-0.347660
0.112523	-2.261396	8.475108	-0.767788	-0.369071
0.113501	-2.250998	8.566360	-0.802118	-0.391310
0.114458	-2.240822	8.657167	-0.837068	-0.414388
0.115395	-2.231856	8.747514	-0.872630	-0.438318
0.116311	-2.222086	8.837389	-0.908796	-0.463108
0.117206	-2.213500	8.926775	-0.945558	-0.488771
0.118077	-2.204087	9.015660	-0.982908	-0.515315
0.118926	-2.194835	9.104028	-1.020835	-0.542750
0.119751	-2.185732	9.191864	-1.059330	-0.571084
0.120553	-2.176769	9.279155	-1.098383	-0.600327
0.121329	-2.167934	9.365886	-1.137983	-0.630487
0.122081	-2.159218	9.452042	-1.178120	-0.661571
0.122807	-2.150611	9.537609	-1.218781	-0.693586
0.123507	-2.142104	9.622572	-1.259956	-0.726539
0.124181	-2.132688	9.706917	-1.301633	-0.760436
0.124828	-2.123355	9.790629	-1.343798	-0.795284
0.125447	-2.114110	9.873694	-1.386438	-0.831088
0.126036	-2.104960	9.956099	-1.429539	-0.867853
0.126595	-2.095911	10.037830	-1.473087	-0.905586
0.127123	-2.086967	10.118872	-1.517067	-0.944288
0.127616	-2.077136	10.199213	-1.561465	-0.983965
0.128075	-2.067421	10.278838	-1.606264	-1.024620
0.128497	-2.058829	10.357736	-1.651449	-1.066256
0.128882	-2.048363	10.435893	-1.697002	-1.108874
0.129226	-2.039029	10.513297	-1.742908	-1.152478
0.129530	-2.029830	10.589936	-1.789149	-1.197067
0.129791	-2.019773	10.665799	-1.835707	-1.242644
0.130008	-2.010860	10.740873	-1.882565	-1.289207
0.130179	-2.001096	10.815149	-1.929705	-1.336757
0.130302	-1.991486	10.888615	-1.977108	-1.385292
0.130376	-1.982034	10.961262	-2.024757	-1.434809
0.130399	-1.972743	11.033081	-2.072632	-1.485308
0.130369	-1.962619	11.104062	-2.120715	-1.536784
0.130285	-1.953666	11.174196	-2.168986	-1.589233
0.130144	-1.944889	11.243477	-2.217428	-1.642652
0.129948	-1.935283	11.311897	-2.266021	-1.697035
0.129704	-1.925807	11.379449	-2.314746	-1.752376
0.129423	-1.916415	11.446126	-2.363585	-1.808668
0.129116	-1.907058	11.511925	-2.412518	-1.865906
0.128794	-1.897693	11.576839	-2.461526	-1.924081
0.128469	-1.888275	11.640864	-2.510591	-1.983186
0.128151	-1.878763	11.703995	-2.559694	-2.043214
0.127851	-1.868116	11.766230	-2.608816	-2.104156
0.127582	-1.857295	11.827563	-2.657937	-2.166005
0.127355	-1.847264	11.887992	-2.707037	-2.228755
0.127181	-1.834987	11.947514	-2.756096	-2.292397
0.127073	-1.823432	12.006126	-2.805095	-2.356925
0.127041	-1.811571	12.063824	-2.854011	-2.422332
0.127099	-1.798378	12.120605	-2.902824	-2.488613
0.127259	-1.784833	12.176467	-2.951511	-2.555763
0.127533	-1.770917	12.231405	-3.000050	-2.623775
0.127933	-1.755619	12.285417	-3.048417	-2.692647
0.128473	-1.739933	12.338499	-3.096586	-2.762375
0.129165	-1.723857	12.390648	-3.144532	-2.832957
0.130022	-1.706399	12.441858	-3.192227	-2.904390
0.131052	-1.688596	12.492125	-3.239643	-2.976674
0.132237	-1.670601	12.541445	-3.286748	-3.049808
0.133555	-1.651585	12.589811	-3.333513	-3.123793
0.134979	-1.633702	12.637219	-3.379903	-3.198629
0.136487	-1.615097	12.683662	-3.425887	-3.274317
0.138051	-1.596897	12.729133	-3.471430	-3.350856
0.139646	-1.580216	12.773626	-3.516498	-3.428246
0.141245	-1.563158	12.817135	-3.561057	-3.506486
0.142820	-1.548814	12.859653	-3.605073	-3.585573
0.144344	-1.535267	12.901172	-3.648515	-3.665504
0.145790	-1.523593	12.941685	-3.691351	-3.746274
0.147129	-1.513864	12.981182	-3.733554	-3.827876
0.148335	-1.506147	13.019654	-3.775097	-3.910302
0.149380	-1.501513	13.057092	-3.815956	-3.993543
0.150236	-1.499032	13.093484	-3.856112	-4.077585
0.150878	-1.499783	13.128818	-3.895549	-4.162415
0.151279	-1.502849	13.163081	-3.934256	-4.248018
0.151414	-1.509329	13.196259	-3.972225	-4.334375
0.151259	-1.518335	13.228339	-4.009456	-4.421465
0.150793	-1.529999	13.259305	-4.045951	-4.509268
0.150001	-1.545427	13.289143	-4.081718	-4.597757
0.148907	-1.563551	13.317839	-4.116772	-4.686908
0.147545	-1.584262	13.345380	-4.151131	-4.776690
0.145948	-1.605460	13.371753	-4.184819	-4.867076
0.144148	-1.629044	13.396948	-4.217863	-4.958034
0.142177	-1.653910	13.420958	-4.250291	-5.049532
0.140066	-1.678948	13.443774	-4.282135	-5.141539
0.137847	-1.704034	13.465395	-4.313429	-5.234023
0.135548	-1.730030	13.485818	-4.344204	-5.326952
0.133197	-1.756778	13.505045	-4.374494	-5.420295
0.130818	-1.782098	13.523078	-4.404335	-5.514019
0.128435	-1.807782	13.539922	-4.433758	-5.608097
0.126068	-1.833594	13.555585	-4.462797	-5.702497
0.123736	-1.857269	13.570073	-4.491483	-5.797192
0.121454	-1.880508	13.583398	-4.519845	-5.892156
0.119235	-1.901981	13.595570	-4.547912	-5.987361
0.117089	-1.922323	13.606601	-4.575708	-6.082785
0.115024	-1.939139	13.616504	-4.603256	-6.178404
0.113047	-1.954005	13.625294	-4.630576	-6.274197
0.111164	-1.965468	13.632985	-4.657684	-6.370145
0.109378	-1.973137	13.639590	-4.684592	-6.466231
0.107679	-1.976961	13.645125	-4.711308	-6.562437
0.106058	-1.976988	13.649606	-4.737835	-6.658750
0.104510	-1.973286	13.653048	-4.764174	-6.755157
0.103030	-1.965937	13.655465	-4.790321	-6.851648
0.101617	-1.956039	13.656874	-4.816268	-6.948213
0.100271	-1.942705	13.657291	-4.842006	-7.044843
0.098993	-1.925065	13.656732	-4.867523	-7.141531
0.097786	-1.905264	13.655214	-4.892802	-7.238271
0.096653	-1.882464	13.652752	-4.917826	-7.335059
0.095595	-1.856844	13.649365	-4.942575	-7.431888
0.094616	-1.829599	13.645070	-4.967027	-7.528758
0.093716	-1.798939	13.639885	-4.991159	-7.625663
0.092898	-1.767089	13.633830	-5.014947	-7.722604
0.092159	-1.732285	13.626923	-5.038364	-7.819578
0.091497	-1.696773	13.619185	-5.061385	-7.916584
0.090909	-1.660807	13.610637	-5.083980	-8.013622
0.090388	-1.623642	13.601301	-5.106125	-8.110691
0.089927	-1.586534	13.591199	-5.127790	-8.207792
0.089516	-1.550737	13.580353	-5.148952	-8.304924
0.089144	-1.515470	13.568786	-5.169583	-8.402086
0.088802	-1.481833	13.556520	-5.189662	-8.499279
0.088478	-1.448888	13.543578	-5.209165	-8.596501
0.088163	-1.418691	13.529983	-5.228074	-8.693751
0.087848	-1.390292	13.515754	-5.246368	-8.791028
0.087521	-1.364734	13.500914	-5.264033	-8.888330
0.087172	-1.340054	13.485481	-5.281055	-8.985655
0.086791	-1.318284	13.469475	-5.297420	-9.083000
0.086367	-1.297454	13.452914	-5.313118	-9.180361
0.085891	-1.279590	13.435814	-5.328141	-9.277736
0.085352	-1.263716	13.418192	-5.342482	-9.375121
0.084741	-1.249859	13.400063	-5.356137	-9.472512
0.084046	-1.237044	13.381442	-5.369102	-9.569903
0.083260	-1.226299	13.362342	-5.381376	-9.667292
0.082373	-1.217658	13.342776	-5.392960	-9.764673
0.081375	-1.210158	13.322756	-5.403857	-9.862040
0.080258	-1.203848	13.302294	-5.414070	-9.959390
0.079014	-1.199784	13.281402	-5.423607	-10.056717
0.077633	-1.196037	13.260091	-5.432474	-10.154017
0.076109	-1.194697	13.238370	-5.440683	-10.251284
0.074436	-1.193853	13.216251	-5.448244	-10.348513
0.072625	-1.194530	13.193744	-5.455172	-10.445701
0.070686	-1.196756	13.170858	-5.461481	-10.542842
0.068634	-1.199572	13.147605	-5.467188	-10.639933
0.066480	-1.205044	13.123995	-5.472313	-10.736971
0.064239	-1.211253	13.100036	-5.476874	-10.833951
0.061925	-1.219306	13.075737	-5.480892	-10.930871
0.059552	-1.229329	13.051110	-5.484391	-11.027728
0.057136	-1.241474	13.026161	-5.487392	-11.124519
0.054693	-1.255915	13.000899	-5.489919	-11.221243
0.052237	-1.272854	12.975332	-5.491998	-11.317897
0.049786	-1.291516	12.949468	-5.493654	-11.414480
0.047357	-1.314149	12.923314	-5.494911	-11.510991
0.044968	-1.340018	12.896876	-5.495797	-11.607429
0.042637	-1.368399	12.870161	-5.496336	-11.703793
0.040383	-1.401560	12.843175	-5.496554	-11.800082
0.038225	-1.437746	12.815922	-5.496478	-11.896297
0.036183	-1.479139	12.788409	-5.496133	-11.992437
0.034274	-1.523826	12.760639	-5.495545	-12.088502
0.032517	-1.573739	12.732617	-5.494737	-12.184492
0.030927	-1.626660	12.704345	-5.493733	-12.280407
0.029510	-1.684373	12.675828	-5.492557	-12.376248
0.028271	-1.745532	12.647069	-5.491231	-12.472014
0.027212	-1.808603	12.618069	-5.489776	-12.567705
0.026332	-1.874857	12.588830	-5.488212	-12.663322
0.025629	-1.942399	12.559355	-5.486560	-12.758866
0.025095	-2.010219	12.529645	-5.484838	-12.854335
0.024721	-2.077256	12.499701	-5.483064	-12.949729
0.024495	-2.142485	12.469523	-5.481256	-13.045050
0.024401	-2.204982	12.439113	-5.479429	-13.140297
0.024422	-2.263980	12.408470	-5.477598	-13.235468
0.024541	-2.318899	12.377596	-5.475779	-13.330565
0.024741	-2.369346	12.346489	-5.473985	-13.425587
0.025003	-2.416104	12.315149	-5.472228	-13.520533
0.025313	-2.457099	12.283577	-5.470520	-13.615403
0.025656	-2.494369	12.251771	-5.468872	-13.710196
0.026018	-2.527028	12.219730	-5.467294	-13.804910
0.026389	-2.554241	12.187455	-5.465795	-13.899547
0.026758	-2.578199	12.154943	-5.464383	-13.994104
0.027116	-2.599101	12.122195	-5.463066	-14.088580
0.027458	-2.615173	12.089208	-5.461850	-14.182975
0.027778	-2.627761	12.055982	-5.460740	-14.277287
0.028075	-2.638214	12.022515	-5.459740	-14.371516
0.028348	-2.644851	11.988807	-5.458855	-14.465659
0.028596	-2.649965	11.954856	-5.458088	-14.559716
0.028818	-2.652821	11.920660	-5.457440	-14.653685
0.029017	-2.652669	11.886218	-5.456914	-14.747565
0.029193	-2.651738	11.851530	-5.456511	-14.841355
0.029347	-2.648244	11.816592	-5.456230	-14.935053
0.029482	-2.644391	11.781406	-5.456071	-15.028658
0.029598	-2.638375	11.745967	-5.456035	-15.122168
0.029698	-2.631386	11.710277	-5.456119	-15.215582
0.029782	-2.623609	11.674333	-5.456323	-15.308898
0.029853	-2.615222	11.638133	-5.456645	-15.402116
0.029912	-2.606406	11.601677	-5.457082	-15.495233
0.029959	-2.596338	11.564964	-5.457632	-15.588248
0.029997	-2.587193	11.527993	-5.458294	-15.681160
0.030025	-2.576148	11.490762	-5.459063	-15.773968
0.030044	-2.566378	11.453270	-5.459938	-15.866670
0.030055	-2.556062	11.415517	-5.460916	-15.959264
0.030058	-2.546347	11.377502	-5.461993	-16.051751
0.030054	-2.536260	11.339225	-5.463168	-16.144127
0.030042	-2.527801	11.300684	-5.464436	-16.236393
0.030023	-2.518970	11.261881	-5.465796	-16.328548
0.029997	-2.509769	11.222813	-5.467245	-16.420589
0.029966	-2.502201	11.183482	-5.468781	-16.512517
0.029930	-2.494271	11.143887	-5.470400	-16.604330
0.029889	-2.486984	11.104028	-5.472101	-16.696027
0.029843	-2.480347	11.063906	-5.473882	-16.787608
0.029795	-2.474367	11.023520	-5.475740	-16.879071
0.029743	-2.470052	10.982872	-5.477673	-16.970416
0.029690	-2.465410	10.941961	-5.479680	-17.061643
0.029635	-2.461452	10.900788	-5.481761	-17.152750
0.029580	-2.458186	10.859354	-5.483912	-17.243737
0.029525	-2.456621	10.817660	-5.486134	-17.334602
0.029471	-2.454768	10.775705	-5.488425	-17.425347
0.029420	-2.454635	10.733491	-5.490785	-17.515969
0.029372	-2.455230	10.691019	-5.493214	-17.606469
0.029328	-2.457562	10.648289	-5.495712	-17.696845
0.029289	-2.460636	10.605302	-5.498279	-17.787098
0.029257	-2.464444	10.562060	-5.500917	-17.877227
0.029231	-2.468921	10.518563	-5.503625	-17.967230
0.029209	-2.474986	10.474812	-5.506406	-18.057109
0.029192	-2.481562	10.430807	-5.509260	-18.146861
0.029178	-2.488568	10.386551	-5.512191	-18.236487
0.029167	-2.496926	10.342044	-5.515199	-18.325986
0.029157	-2.505559	10.297287	-5.518287	-18.415357
0.029148	-2.514389	10.252281	-5.521457	-18.504601
0.029139	-2.523341	10.207028	-5.524712	-18.593716
0.029127	-2.533341	10.161528	-5.528054	-18.682703
0.029113	-2.542317	10.115783	-5.531485	-18.771560
0.029095	-2.552197	10.069794	-5.535009	-18.860288
0.029071	-2.561912	10.023563	-5.538628	-18.948885
0.029040	-2.570393	9.977091	-5.542345	-19.037353
0.029001	-2.579573	9.930379	-5.546161	-19.125690
0.028951	-2.588384	9.883429	-5.550079	-19.213897
0.028890	-2.596761	9.836243	-5.554101	-19.301972
0.028815	-2.604637	9.788822	-5.558229	-19.389917
0.028725	-2.611947	9.741169	-5.562465	-19.477730
0.028618	-2.618621	9.693284	-5.566810	-19.565412
0.028493	-2.624607	9.645171	-5.571266	-19.652964
0.028350	-2.629914	9.596830	-5.575835	-19.740384
0.028191	-2.633563	9.548265	-5.580515	-19.827674
0.028017	-2.637575	9.499477	-5.585309	-19.914833
0.027829	-2.639967	9.450468	-5.590216	-20.001862
0.027628	-2.642755	9.401240	-5.595236	-20.088761
0.027416	-2.643952	9.351796	-5.600368	-20.175530
0.027193	-2.645572	9.302137	-5.605613	-20.262170
0.026962	-2.645625	9.252267	-5.610970	-20.348682
0.026724	-2.645122	9.202187	-5.616437	-20.435066
0.026480	-2.644074	9.151900	-5.622014	-20.521321
0.026231	-2.642491	9.101407	-5.627699	-20.607450
0.025979	-2.640382	9.050710	-5.633491	-20.693452
0.025726	-2.637757	8.999812	-5.639389	-20.779327
0.025473	-2.633629	8.948716	-5.645390	-20.865078
0.025221	-2.630010	8.897421	-5.651492	-20.950703
0.024973	-2.624913	8.845932	-5.657695	-21.036203
0.024729	-2.620355	8.794249	-5.663994	-21.121580
0.024491	-2.614352	8.742374	-5.670390	-21.206833
0.024260	-2.607926	8.690309	-5.676878	-21.291963
0.024039	-2.601106	8.638055	-5.683457	-21.376971
0.023827	-2.593957	8.585614	-5.690125	-21.461856
0.023624	-2.586554	8.532988	-5.696879	-21.546619
0.023432	-2.578974	8.480177	-5.703716	-21.631261
0.023249	-2.571299	8.427182	-5.710635	-21.715782
0.023076	-2.563615	8.374006	-5.717632	-21.800181
0.022914	-2.555007	8.320648	-5.724706	-21.884460
0.022762	-2.547566	8.267110	-5.731855	-21.968618
0.022620	-2.540384	8.213393	-5.739075	-22.052656
0.022487	-2.533553	8.159498	-5.746366	-22.136573
0.022365	-2.527169	8.105425	-5.753724	-22.220371
0.022253	-2.521327	8.051176	-5.761149	-22.304048
0.022150	-2.516124	7.996750	-5.768639	-22.387605
0.022056	-2.511654	7.942150	-5.776192	-22.471042
0.021972	-2.509016	7.887376	-5.783807	-22.554359
0.021897	-2.506303	7.832427	-5.791483	-22.637557
0.021831	-2.505611	7.777306	-5.799220	-22.720634
0.021774	-2.506032	7.722013	-5.807017	-22.803591
0.021726	-2.507657	7.666548	-5.814874	-22.886428
0.021687	-2.511577	7.610913	-5.822791	-22.969144
0.021657	-2.515846	7.555108	-5.830768	-23.051740
0.021635	-2.522390	7.499134	-5.838808	-23.134216
0.021621	-2.531101	7.442991	-5.846910	-23.216571
0.021614	-2.539871	7.386682	-5.855076	-23.298806
0.021613	-2.550589	7.330205	-5.863309	-23.380920
0.021617	-2.562146	7.273563	-5.871611	-23.462912
0.021624	-2.574432	7.216757	-5.879983	-23.544784
0.021636	-2.587340	7.159787	-5.888428	-23.626534
0.021649	-2.600763	7.102655	-5.896949	-23.708163
0.021663	-2.614600	7.045362	-5.905549	-23.789671
0.021677	-2.629748	6.987908	-5.914230	-23.871057
0.021690	-2.644112	6.930296	-5.922995	-23.952323
0.021700	-2.658599	6.872527	-5.931848	-24.033467
0.021705	-2.674117	6.814602	-5.940791	-24.114490
0.021705	-2.688582	6.756523	-5.949826	-24.195391
0.021698	-2.702912	6.698290	-5.958958	-24.276173
0.021680	-2.717027	6.639907	-5.968188	-24.356834
0.021652	-2.731852	6.581374	-5.977520	-24.437374
0.021611	-2.745314	6.522693	-5.986955	-24.517795
0.021554	-2.758343	6.463866	-5.996496	-24.598097
0.021481	-2.769893	6.404896	-6.006145	-24.678281
0.021390	-2.782019	6.345784	-6.015905	-24.758346
0.021280	-2.793800	6.286531	-6.025775	-24.838295
0.021152	-2.804315	6.227141	-6.035759	-24.918127
0.021005	-2.815644	6.167616	-6.045857	-24.997843
0.020838	-2.825868	6.107957	-6.056071	-25.077446
0.020651	-2.836072	6.048167	-6.066400	-25.156935
0.020445	-2.846342	5.988249	-6.076847	-25.236312
0.020218	-2.855769	5.928206	-6.087410	-25.315578
0.019971	-2.866451	5.868039	-6.098091	-25.394735
0.019704	-2.877490	5.807752	-6.108890	-25.473785
0.019417	-2.887996	5.747348	-6.119807	-25.552729
0.019110	-2.899090	5.686829	-6.130842	-25.631569
0.018783	-2.910902	5.626200	-6.141993	-25.710307
0.018436	-2.923579	5.565462	-6.153263	-25.788946
0.018071	-2.937280	5.504621	-6.164648	-25.867487
0.017686	-2.951186	5.443679	-6.176150	-25.945933
0.017284	-2.967500	5.382640	-6.187768	-26.024286
0.016865	-2.984449	5.321508	-6.199501	-26.102550
0.016430	-3.003295	5.260287	-6.211348	-26.180727
0.015983	-3.024290	5.198982	-6.223308	-26.258821
0.015528	-3.046535	5.137598	-6.235382	-26.336835
0.015075	-3.072067	5.076137	-6.247567	-26.414772
0.014630	-3.098882	5.014606	-6.259864	-26.492636
0.014200	-3.128917	4.953010	-6.272271	-26.570430
0.013793	3.123150	4.891352	-6.284788	-26.648158
0.013416	3.090184	4.829638	-6.297414	-26.725823
0.013075	3.055715	4.767872	-6.310149	-26.803430
0.012775	3.020212	4.706059	-6.322993	-26.880981
0.012522	2.984268	4.644203	-6.335946	-26.958480
0.012318	2.948594	4.582309	-6.349007	-27.035930
0.012167	2.912995	4.520380	-6.362176	-27.113334
0.012071	2.880333	4.458421	-6.375456	-27.190695
0.012030	2.850488	4.396433	-6.388845	-27.268014
0.012045	2.823307	4.334421	-6.402345	-27.345295
0.012116	2.801560	4.272387	-6.415958	-27.422537
0.012242	2.783900	4.210332	-6.429684	-27.499744
0.012424	2.771836	4.148259	-6.443526	-27.576914
0.012663	2.765715	4.086167	-6.457486	-27.654049
0.012960	2.764712	4.024059	-6.471566	-27.731149
0.013318	2.769670	3.961933	-6.485768	-27.808211
0.013733	2.779677	3.899789	-6.500098	-27.885235
0.014199	2.793660	3.837624	-6.514556	-27.962219
0.014714	2.810608	3.775438	-6.529149	-28.039160
0.015271	2.828605	3.713226	-6.543879	-28.116055
0.015868	2.847850	3.650988	-6.558750	-28.192900
0.016497	2.867666	3.588718	-6.573768	-28.269692
0.017153	2.888492	3.526415	-6.588937	-28.346426
0.017831	2.906883	3.464073	-6.604261	-28.423099
0.018521	2.925487	3.401689	-6.619745	-28.499705
0.019217	2.943038	3.339259	-6.635394	-28.576240
0.019911	2.959338	3.276779	-6.651213	-28.652700
0.020594	2.974241	3.214246	-6.667205	-28.729079
0.021258	2.987641	3.151655	-6.683376	-28.805374
0.021893	2.999460	3.089002	-6.699730	-28.881579
0.022491	3.010638	3.026285	-6.716271	-28.957690
0.023043	3.019120	2.963500	-6.733003	-29.033704
0.023539	3.025856	2.900644	-6.749929	-29.109616
0.023971	3.031785	2.837715	-6.767053	-29.185423
0.024330	3.035833	2.774711	-6.784377	-29.261122
0.024609	3.037965	2.711631	-6.801905	-29.336711
0.024808	3.038357	2.648473	-6.819637	-29.412188
0.024932	3.037205	2.585238	-6.837575	-29.487550
0.024982	3.035675	2.521925	-6.855720	-29.562798
0.024962	3.032902	2.458535	-6.874074	-29.637930
0.024876	3.029005	2.395069	-6.892635	-29.712947
0.024727	3.023088	2.331529	-6.911404	-29.787850
0.024518	3.017243	2.267916	-6.930380	-29.862638
0.024253	3.011553	2.204232	-6.949562	-29.937313
0.023935	3.004099	2.140479	-6.968948	-30.011877
0.023567	2.995958	2.076660	-6.988536	-30.086332
0.023153	2.987207	2.012779	-7.008325	-30.160679
0.022695	2.977927	1.948836	-7.028310	-30.234922
0.022196	2.969204	1.884837	-7.048491	-30.309062
0.021660	2.959131	1.820783	-7.068862	-30.383103
0.021090	2.948813	1.756677	-7.089420	-30.457048
0.020486	2.938368	1.692524	-7.110162	-30.530901
0.019853	2.928935	1.628327	-7.131083	-30.604664
0.019192	2.918674	1.564087	-7.152178	-30.678341
0.018506	2.908776	1.499809	-7.173441	-30.751936
0.017796	2.898417	1.435495	-7.194869	-30.825452
0.017064	2.889596	1.371149	-7.216454	-30.898893
0.016315	2.881268	1.306773	-7.238192	-30.972263
0.015550	2.873388	1.242369	-7.260075	-31.045566
0.014772	2.864913	1.177940	-7.282098	-31.118804
0.013985	2.857801	1.113488	-7.304254	-31.191982
0.013191	2.850007	1.049015	-7.326536	-31.265104
0.012393	2.843487	0.984524	-7.348938	-31.338173
0.011594	2.836191	0.920015	-7.371452	-31.411192
0.010798	2.829064	0.855492	-7.394071	-31.484166
0.010007	2.823043	0.790956	-7.416789	-31.557097
0.009225	2.816051	0.726407	-7.439598	-31.629989
0.008455	2.809994	0.661849	-7.462492	-31.702845
0.007699	2.802753	0.597281	-7.485463	-31.775669
0.006962	2.796172	0.532705	-7.508505	-31.848464
0.006246	2.788042	0.468123	-7.531611	-31.921233
0.005555	2.780077	0.403535	-7.554775	-31.993978
0.004892	2.770874	0.338943	-7.577990	-32.066702
0.004261	2.758853	0.274347	-7.601250	-32.139409
0.003664	2.745161	0.209748	-7.624551	-32.212101
0.003105	2.727535	0.145147	-7.647885	-32.284780
0.002584	2.704096	0.080545	-7.671249	-32.357448
0.002101	2.672688	0.015942	-7.694637	-32.430108
0.001655	2.625518	-0.048661	-7.718046	-32.502762
0.001250	2.551856	-0.113263	-7.741470	-32.575411
0.000888	2.424791	-0.177864	-7.764906	-32.648057
0.000586	2.174882	-0.242463	-7.788351	-32.720702
0.000392	1.636870	-0.307061	-7.811801	-32.793347
0.000399	0.892255	-0.371655	-7.835254	-32.865993
0.000553	0.449109	-0.436247	-7.858707	-32.938642
0.000740	0.244649	-0.500835	-7.882157	-33.011295
0.000918	0.140480	-0.565420	-7.905603	-33.083952
0.001077	0.080476	-0.630001	-7.929043	-33.156616
0.001214	0.044420	-0.694577	-7.952476	-33.229285
0.001326	0.023851	-0.759149	-7.975899	-33.301961
0.001414	0.012103	-0.823716	-7.999313	-33.374645
0.001478	0.007761	-0.888278	-8.022716	-33.447336
0.001519	0.009601	-0.952835	-8.046107	-33.520036
0.001538	0.017132	-1.017386	-8.069488	-33.592744
0.001536	0.030387	-1.081932	-8.092856	-33.665461
0.001513	0.049785	-1.146473	-8.116214	-33.738186
0.001472	0.074899	-1.211007	-8.139560	-33.810920
0.001415	0.108679	-1.275536	-8.162896	-33.883662
0.001345	0.150602	-1.340059	-8.186222	-33.956413
0.001263	0.204792	-1.404576	-8.209539	-34.029172
0.001174	0.272183	-1.469087	-8.232849	-34.101939
0.001082	0.358679	-1.533592	-8.256151	-34.174714
0.000991	0.467117	-1.598091	-8.279449	-34.247495
0.000909	0.603630	-1.662584	-8.302742	-34.320283
0.000843	0.772628	-1.727070	-8.326033	-34.393078
0.000802	0.969886	-1.791551	-8.349322	-34.465878
0.000794	1.184700	-1.856025	-8.372612	-34.538683
0.000822	1.398530	-1.920494	-8.395905	-34.611493
0.000883	1.590877	-1.984956	-8.419201	-34.684307
0.000972	1.754092	-2.049412	-8.442503	-34.757125
0.001079	1.885485	-2.113863	-8.465812	-34.829946
0.001197	1.991102	-2.178308	-8.489129	-34.902769
0.001321	2.075163	-2.242747	-8.512457	-34.975593
0.001446	2.142399	-2.307180	-8.535797	-35.048419
0.001569	2.196588	-2.371607	-8.559150	-35.121246
0.001685	2.240663	-2.436030	-8.582518	-35.194073
0.001794	2.277018	-2.500446	-8.605902	-35.266899
0.001895	2.308406	-2.564858	-8.629303	-35.339725
0.001988	2.334085	-2.629264	-8.652722	-35.412549
0.002072	2.356968	-2.693665	-8.676160	-35.485372
0.002147	2.376730	-2.758062	-8.699618	-35.558192
0.002212	2.392873	-2.822453	-8.723098	-35.631010
0.002269	2.407776	-2.886840	-8.746598	-35.703826
0.002315	2.420722	-2.951222	-8.770121	-35.776638
0.002352	2.431923	-3.015600	-8.793666	-35.849447
0.002380	2.441533	-3.079974	-8.817233	-35.922252
0.002398	2.449660	-3.144343	-8.840824	-35.995054
0.002406	2.456372	-3.208708	-8.864439	-36.067852
0.002405	2.461700	-3.273069	-8.888076	-36.140645
0.002394	2.465645	-3.337427	-8.911737	-36.213435
0.002374	2.468170	-3.401780	-8.935421	-36.286220
0.002345	2.469206	-3.466130	-8.959129	-36.359001
0.002306	2.468643	-3.530476	-8.982859	-36.431778
0.002257	2.466324	-3.594818	-9.006611	-36.504551
0.002200	2.462036	-3.659157	-9.030386	-36.577320
0.002134	2.454548	-3.723493	-9.054182	-36.650085
0.002059	2.445760	-3.787824	-9.077998	-36.722846
0.001976	2.433564	-3.852152	-9.101835	-36.795604
0.001887	2.419794	-3.916477	-9.125690	-36.868359
0.001791	2.402208	-3.980798	-9.149564	-36.941112
0.001690	2.381472	-4.045115	-9.173456	-37.013862
0.001583	2.358133	-4.109428	-9.197364	-37.086609
0.001473	2.329577	-4.173737	-9.221286	-37.159356
0.001359	2.295965	-4.238043	-9.245224	-37.232100
0.001243	2.257136	-4.302345	-9.269174	-37.304845
0.001126	2.209453	-4.366643	-9.293136	-37.377588
0.001007	2.152558	-4.430937	-9.317108	-37.450332
0.000890	2.080970	-4.495227	-9.341090	-37.523076
0.000776	1.991447	-4.559513	-9.365080	-37.595820
0.000667	1.874006	-4.623796	-9.389076	-37.668566
0.000566	1.718760	-4.688075	-9.413078	-37.741313
0.000481	1.509006	-4.752350	-9.437084	-37.814062
0.000421	1.231941	-4.816622	-9.461093	-37.886814
0.000396	0.898519	-4.880890	-9.485103	-37.959567
0.000411	0.558977	-4.945156	-9.509112	-38.032323
0.000461	0.268663	-5.009419	-9.533121	-38.105082
0.000536	0.042983	-5.073680	-9.557127	-38.177844
0.000626	-0.126287	-5.137939	-9.581129	-38.250609
0.000724	-0.256888	-5.202196	-9.605126	-38.323378
0.000825	-0.359362	-5.266452	-9.629116	-38.396149
0.000927	-0.443292	-5.330707	-9.653099	-38.468923
0.001028	-0.514372	-5.394962	-9.677073	-38.541701
0.001127	-0.576419	-5.459218	-9.701037	-38.614481
0.001223	-0.632066	-5.523474	-9.724990	-38.687264
0.001314	-0.683189	-5.587732	-9.748932	-38.760049
0.001401	-0.731182	-5.651993	-9.772860	-38.832837
0.001482	-0.777119	-5.716256	-9.796775	-38.905627
0.001558	-0.821871	-5.780522	-9.820676	-38.978418
0.001627	-0.866173	-5.844793	-9.844562	-39.051211
0.001689	-0.910677	-5.909069	-9.868432	-39.124004
0.001745	-0.956987	-5.973350	-9.892286	-39.196798
0.001794	-1.003684	-6.037637	-9.916125	-39.269591
0.001837	-1.053350	-6.101932	-9.939946	-39.342384
0.001873	-1.104574	-6.166234	-9.963751	-39.415175
0.001902	-1.159967	-6.230545	-9.987540	-39.487964
0.001927	-1.218993	-6.294866	-10.011312	-39.560750
0.001948	-1.281416	-6.359196	-10.035068	-39.633533
0.001968	-1.346734	-6.423537	-10.058809	-39.706310
0.001988	-1.415337	-6.487890	-10.082534	-39.779083
0.002009	-1.484515	-6.552255	-10.106246	-39.851849
0.002033	-1.555495	-6.616634	-10.129944	-39.924608
0.002059	-1.625476	-6.681026	-10.153630	-39.997359
0.002088	-1.695680	-6.745432	-10.177303	-40.070101
0.002120	-1.764396	-6.809854	-10.200967	-40.142833
0.002153	-1.830015	-6.874291	-10.224621	-40.215554
0.002186	-1.894057	-6.938744	-10.248266	-40.288263
0.002219	-1.955179	-7.003214	-10.271904	-40.360961
0.002249	-2.012168	-7.067701	-10.295536	-40.433645
0.002275	-2.066935	-7.132205	-10.319163	-40.506316
0.002294	-2.117491	-7.196726	-10.342787	-40.578972
0.002305	-2.165934	-7.261265	-10.366407	-40.651614
0.002306	-2.210425	-7.325821	-10.390026	-40.724241
0.002293	-2.253182	-7.390395	-10.413643	-40.796853
0.002267	-2.292464	-7.454986	-10.437261	-40.869450
0.002223	-2.329572	-7.519593	-10.460880	-40.942031
0.002162	-2.365042	-7.584217	-10.484501	-41.014598
0.002082	-2.399201	-7.648856	-10.508125	-41.087149
0.001987	-2.435652	-7.713510	-10.531751	-41.159686
0.001877	-2.474227	-7.778179	-10.555382	-41.232210
0.001756	-2.519157	-7.842860	-10.579016	-41.304721
0.001626	-2.571301	-7.907553	-10.602655	-41.377219
0.001490	-2.635444	-7.972256	-10.626299	-41.449707
0.001353	-2.716608	-8.036969	-10.649949	-41.522184
0.001222	-2.821212	-8.101690	-10.673604	-41.594652
0.001106	-2.956456	-8.166418	-10.697267	-41.667113
0.001016	-3.127605	-8.231151	-10.720936	-41.739566
0.000966	2.951235	-8.295887	-10.744612	-41.812014
0.000969	2.730483	-8.360625	-10.768297	-41.884457
0.001028	2.520280	-8.425364	-10.791991	-41.956897
0.001138	2.342704	-8.490102	-10.815696	-42.029334
0.001290	2.205569	-8.554836	-10.839411	-42.101771
0.001474	2.105889	-8.619567	-10.863138	-42.174207
0.001681	2.035781	-8.684291	-10.886878	-42.246645
0.001906	1.990449	-8.749007	-10.910634	-42.319085
0.002145	1.962420	-8.813714	-10.934405	-42.391527
0.002398	1.949327	-8.878411	-10.958196	-42.463973
0.002659	1.945032	-8.943095	-10.982006	-42.536424
0.002927	1.947400	-9.007766	-11.005838	-42.608879
0.003199	1.954236	-9.072422	-11.029696	-42.681339
0.003473	1.964001	-9.137062	-11.053580	-42.753804
0.003747	1.974612	-9.201684	-11.077494	-42.826276
0.004018	1.987299	-9.266288	-11.101440	-42.898753
0.004283	1.999515	-9.330873	-11.125421	-42.971237
0.004542	2.012868	-9.395436	-11.149438	-43.043726
0.004791	2.025074	-9.459979	-11.173496	-43.116221
0.005027	2.036930	-9.524499	-11.197595	-43.188722
0.005249	2.048284	-9.588996	-11.221738	-43.261229
0.005453	2.059021	-9.653469	-11.245928	-43.333742
0.005637	2.069052	-9.717918	-11.270167	-43.406260
0.005799	2.078301	-9.782343	-11.294456	-43.478783
0.005935	2.086698	-9.846742	-11.318797	-43.551311
0.006043	2.094173	-9.911116	-11.343192	-43.623843
0.006121	2.100648	-9.975464	-11.367640	-43.696380
0.006165	2.107030	-10.039786	-11.392145	-43.768921
0.006173	2.111203	-10.104083	-11.416705	-43.841466
0.006142	2.114077	-10.168354	-11.441321	-43.914015
0.006076	2.115760	-10.232600	-11.465994	-43.986567
0.005977	2.116382	-10.296821	-11.490721	-44.059122
0.005847	2.116042	-10.361017	-11.515503	-44.131681
0.005690	2.115821	-10.425189	-11.540338	-44.204243
0.005509	2.113782	-10.489337	-11.565224	-44.276808
0.005306	2.110983	-10.553462	-11.590161	-44.349377
0.005085	2.108477	-10.617566	-11.615146	-44.421948
0.004849	2.105322	-10.681648	-11.640176	-44.494522
0.004600	2.100583	-10.745709	-11.665251	-44.567099
0.004341	2.096348	-10.809751	-11.690367	-44.639679
0.004076	2.091735	-10.873774	-11.715523	-44.712262
0.003807	2.086908	-10.937780	-11.740715	-44.784847
0.003537	2.083104	-11.001769	-11.765941	-44.857435
0.003268	2.078659	-11.065743	-11.791199	-44.930026
0.003005	2.076052	-11.129703	-11.816486	-45.002620
0.002748	2.073966	-11.193649	-11.841800	-45.075215
0.002502	2.075356	-11.257583	-11.867138	-45.147813
0.002269	2.080549	-11.321506	-11.892499	-45.220413
0.002052	2.092342	-11.385418	-11.917880	-45.293015
0.001853	2.110836	-11.449322	-11.943280	-45.365617
0.001672	2.139569	-11.513219	-11.968696	-45.438221
0.001511	2.178900	-11.577108	-11.994128	-45.510826
0.001367	2.230059	-11.640992	-12.019574	-45.583430
0.001243	2.293894	-11.704871	-12.045032	-45.656034
0.001138	2.371501	-11.768747	-12.070503	-45.728638
0.001053	2.459798	-11.832619	-12.095984	-45.801239
0.000987	2.558239	-11.896490	-12.121476	-45.873839
0.000939	2.661885	-11.960360	-12.146977	-45.946437
0.000906	2.765995	-12.024230	-12.172487	-46.019031
0.000886	2.865976	-12.088100	-12.198005	-46.091622
0.000875	2.958245	-12.151971	-12.223531	-46.164209
0.000868	3.040656	-12.215844	-12.249065	-46.236792
0.000862	3.112431	-12.279720	-12.274606	-46.309371
0.000851	-3.109392	-12.343598	-12.300153	-46.381945
0.000834	-3.057640	-12.407479	-12.325707	-46.454514
0.000807	-3.014458	-12.471363	-12.351267	-46.527078
0.000766	-2.978812	-12.535251	-12.376832	-46.599637
0.000711	-2.949835	-12.599143	-12.402402	-46.672191
0.000637	-2.927989	-12.663037	-12.427976	-46.744741
0.000544	-2.910884	-12.726935	-12.453554	-46.817287
0.000432	-2.898831	-12.790835	-12.479136	-46.889829
0.000304	-2.887675	-12.854737	-12.504720	-46.962369
0.000161	-2.865828	-12.918641	-12.530306	-47.034906
0.000009	-1.867983	-12.982546	-12.555893	-47.107443
0.000163	0.171608	-13.046450	-12.581480	-47.179979
0.000340	0.185352	-13.110354	-12.607065	-47.252517
0.000525	0.179888	-13.174257	-12.632649	-47.325057
0.000717	0.167524	-13.238157	-12.658229	-47.397600
0.000914	0.150675	-13.302054	-12.683805	-47.470147
0.001115	0.131111	-13.365946	-12.709374	-47.542700
0.001319	0.107124	-13.429835	-12.734937	-47.615260
0.001526	0.079817	-13.493717	-12.760490	-47.687828
0.001734	0.050215	-13.557594	-12.786032	-47.760404
0.001945	0.016304	-13.621465	-12.811562	-47.832991
0.002158	-0.019932	-13.685328	-12.837077	-47.905589
0.002375	-0.058497	-13.749185	-12.862575	-47.978199
0.002595	-0.101360	-13.813035	-12.888055	-48.050821
0.002822	-0.146438	-13.876878	-12.913514	-48.123457
0.003057	-0.194583	-13.940714	-12.938949	-48.196107
0.003303	-0.244314	-14.004544	-12.964358	-48.268772
0.003563	-0.295196	-14.068369	-12.989738	-48.341451
0.003839	-0.345831	-14.132190	-13.015085	-48.414145
0.004135	-0.394122	-14.196008	-13.040398	-48.486854
0.004449	-0.440241	-14.259824	-13.065672	-48.559579
0.004783	-0.483606	-14.323639	-13.090904	-48.632318
0.005136	-0.523842	-14.387455	-13.116091	-48.705072
0.005508	-0.559747	-14.451275	-13.141228	-48.777840
0.005897	-0.592251	-14.515098	-13.166313	-48.850623
0.006301	-0.621381	-14.578928	-13.191340	-48.923421
0.006720	-0.647233	-14.642766	-13.216307	-48.996232
0.007150	-0.668946	-14.706613	-13.241209	-49.069056
0.007589	-0.688683	-14.770472	-13.266041	-49.141895
0.008036	-0.704617	-14.834345	-13.290800	-49.214746
0.008488	-0.718921	-14.898233	-13.315481	-49.287611
0.008943	-0.729765	-14.962137	-13.340080	-49.360489
0.009398	-0.739305	-15.026060	-13.364592	-49.433379
0.009851	-0.745684	-15.090002	-13.389014	-49.506283
0.010301	-0.751034	-15.153966	-13.413340	-49.579200
0.010744	-0.754467	-15.217953	-13.437566	-49.652131
0.011178	-0.756115	-15.281963	-13.461689	-49.725075
0.011604	-0.756212	-15.345998	-13.485703	-49.798033
0.012022	-0.754982	-15.410059	-13.509606	-49.871005
0.012431	-0.753611	-15.474146	-13.533392	-49.943992
0.012832	-0.750256	-15.538260	-13.557057	-50.016995
0.013226	-0.747053	-15.602402	-13.580598	-50.090013
0.013613	-0.742114	-15.666571	-13.604011	-50.163049
0.013993	-0.737539	-15.730769	-13.627292	-50.236102
0.014367	-0.731414	-15.794994	-13.650438	-50.309173
0.014735	-0.724815	-15.859249	-13.673443	-50.382263
0.015098	-0.718808	-15.923531	-13.696306	-50.455373
0.015456	-0.711453	-15.987841	-13.719021	-50.528505
0.015810	-0.703801	-16.052179	-13.741586	-50.601659
0.016160	-0.695902	-16.116544	-13.763998	-50.674836
0.016507	-0.686797	-16.180936	-13.786251	-50.748038
0.016851	-0.677526	-16.245354	-13.808344	-50.821266
0.017193	-0.668124	-16.309797	-13.830272	-50.894521
0.017534	-0.657625	-16.374265	-13.852033	-50.967804
0.017873	-0.647058	-16.438755	-13.873622	-51.041118
0.018212	-0.635450	-16.503268	-13.895037	-51.114463
0.000000	0.000000	-16.503268	-13.895037	-51.114463
