0.047866	-1.040757	0.000000	0.000000	0.000000
0.043728	-0.979228	0.099999	0.000242	-0.000413
0.039774	-0.906483	0.199995	0.000728	-0.001189
0.036063	-0.820233	0.299986	0.001459	-0.002278
0.032665	-0.717971	0.399972	0.002436	-0.003631
0.029661	-0.597342	0.499952	0.003659	-0.005198
0.027144	-0.457938	0.599927	0.005127	-0.006933
0.025201	-0.298523	0.699895	0.006839	-0.008787
0.023903	-0.125274	0.799857	0.008791	-0.010715
0.023272	0.055029	0.899814	0.010981	-0.012674
0.023268	0.232770	0.999766	0.013402	-0.014619
0.023794	0.399518	1.099713	0.016051	-0.016511
0.024714	0.550247	1.199655	0.018918	-0.018309
0.025887	0.683581	1.299594	0.021996	-0.019979
0.027185	0.799704	1.399529	0.025274	-0.021485
0.028501	0.902068	1.499460	0.028742	-0.022796
0.029749	0.994504	1.599388	0.032386	-0.023884
0.030863	1.077775	1.699312	0.036193	-0.024721
0.031792	1.155425	1.799232	0.040145	-0.025287
0.032500	1.229783	1.899149	0.044225	-0.025562
0.032959	1.303038	1.999061	0.048414	-0.025531
0.033164	1.377261	2.098969	0.052690	-0.025182
0.033152	1.454100	2.198872	0.057029	-0.024507
0.032979	1.533871	2.298771	0.061406	-0.023503
0.032703	1.619611	2.398666	0.065795	-0.022169
0.032392	1.710026	2.498557	0.070168	-0.020509
0.032114	1.807389	2.598443	0.074496	-0.018528
0.031940	1.909409	2.698327	0.078748	-0.016235
0.031936	2.017134	2.798207	0.082893	-0.013641
0.032160	2.126927	2.898085	0.086900	-0.010759
0.032659	2.237588	2.997962	0.090737	-0.007604
0.033457	2.347621	3.097837	0.094372	-0.004193
0.034561	2.452583	3.197713	0.097772	-0.000544
0.035959	2.551411	3.297589	0.100904	0.003325
0.037621	2.642621	3.397466	0.103738	0.007394
0.039506	2.726357	3.497344	0.106241	0.011642
0.041568	2.800316	3.597224	0.108382	0.016048
0.043755	2.865609	3.697106	0.110131	0.020594
0.046017	2.922609	3.796988	0.111459	0.025257
0.048306	2.972824	3.896871	0.112338	0.030020
0.050574	3.014805	3.996752	0.112740	0.034862
0.052782	3.050211	4.096632	0.112641	0.039768
0.054907	3.081112	4.196507	0.112015	0.044720
0.056939	3.106505	4.296376	0.110842	0.049704
0.058868	3.128202	4.396236	0.109100	0.054706
0.060694	-3.136312	4.496083	0.106769	0.059713
0.062416	-3.119114	4.595915	0.103831	0.064716
0.064035	-3.104924	4.695727	0.100270	0.069702
0.065555	-3.092349	4.795515	0.096069	0.074662
0.066982	-3.080049	4.895276	0.091214	0.079586
0.068320	-3.069732	4.995004	0.085692	0.084466
0.069577	-3.060137	5.094695	0.079490	0.089293
0.070758	-3.050033	5.194343	0.072596	0.094060
0.071872	-3.041210	5.293943	0.064999	0.098759
0.072926	-3.031478	5.393490	0.056689	0.103380
0.073929	-3.022661	5.492978	0.047658	0.107917
0.074889	-3.012596	5.592401	0.037896	0.112362
0.075815	-3.003130	5.691753	0.027395	0.116704
0.076717	-2.992122	5.791029	0.016149	0.120937
0.077604	-2.981440	5.890221	0.004149	0.125049
0.078486	-2.968963	5.989324	-0.008611	0.129031
0.079374	-2.955610	6.088330	-0.022136	0.132872
0.080270	-2.942433	6.187234	-0.036434	0.136559
0.081176	-2.927516	6.286028	-0.051509	0.140081
0.082095	-2.911937	6.384707	-0.067367	0.143423
0.083026	-2.895775	6.483261	-0.084013	0.146570
0.083973	-2.880103	6.581685	-0.101452	0.149507
0.084935	-2.862993	6.679971	-0.119688	0.152220
0.085914	-2.846513	6.778111	-0.138725	0.154690
0.086911	-2.828732	6.876098	-0.158567	0.156901
0.087926	-2.811710	6.973923	-0.179217	0.158837
0.088959	-2.793511	7.071579	-0.200678	0.160478
0.090011	-2.776190	7.169058	-0.222953	0.161807
0.091081	-2.758803	7.266350	-0.246044	0.162805
0.092168	-2.740402	7.363448	-0.269953	0.163454
0.093272	-2.723034	7.460342	-0.294681	0.163733
0.094392	-2.706746	7.557023	-0.320230	0.163623
0.095525	-2.689579	7.653482	-0.346601	0.163106
0.096672	-2.672572	7.749709	-0.373795	0.162161
0.097828	-2.656763	7.845694	-0.401811	0.160771
0.098994	-2.640182	7.941427	-0.430650	0.158915
0.100165	-2.624858	8.036898	-0.460311	0.156574
0.101341	-2.609796	8.132096	-0.490794	0.153728
0.102520	-2.594997	8.227011	-0.522097	0.150361
0.103700	-2.580462	8.321631	-0.554219	0.146451
0.104879	-2.566191	8.415944	-0.587159	0.141982
0.106056	-2.553183	8.509939	-0.620914	0.136934
0.107227	-2.539435	8.603605	-0.655481	0.131291
0.108393	-2.525945	8.696928	-0.690859	0.125034
0.109550	-2.513710	8.789897	-0.727043	0.118146
0.110697	-2.500726	8.882499	-0.764031	0.110609
0.111831	-2.488989	8.974722	-0.801817	0.102406
0.112952	-2.476495	9.066551	-0.840398	0.093522
0.114056	-2.464239	9.157974	-0.879767	0.083939
0.115142	-2.452215	9.248977	-0.919920	0.073640
0.116208	-2.440419	9.339548	-0.960851	0.062611
0.117251	-2.428844	9.429673	-1.002551	0.050835
0.118271	-2.417484	9.519337	-1.045014	0.038297
0.119264	-2.406333	9.608527	-1.088233	0.024981
0.120230	-2.395385	9.697229	-1.132198	0.010874
0.121165	-2.383634	9.785429	-1.176901	-0.004039
0.122068	-2.372074	9.873113	-1.222331	-0.019772
0.122937	-2.360707	9.960268	-1.268479	-0.036338
0.123772	-2.349535	10.046879	-1.315333	-0.053752
0.124570	-2.338560	10.132933	-1.362881	-0.072026
0.125331	-2.327787	10.218416	-1.411110	-0.091172
0.126053	-2.316215	10.303314	-1.460009	-0.111202
0.126734	-2.304849	10.387614	-1.509563	-0.132127
0.127373	-2.294690	10.471303	-1.559758	-0.153959
0.127968	-2.282741	10.554368	-1.610579	-0.176707
0.128518	-2.272003	10.636795	-1.662011	-0.200382
0.129021	-2.261480	10.718572	-1.714037	-0.224993
0.129475	-2.250173	10.799688	-1.766642	-0.250549
0.129879	-2.240085	10.880128	-1.819808	-0.277056
0.130231	-2.229220	10.959883	-1.873519	-0.304522
0.130529	-2.218578	11.038940	-1.927755	-0.332954
0.130771	-2.208165	11.117289	-1.982500	-0.362358
0.130957	-2.197982	11.194918	-2.037733	-0.392737
0.131083	-2.187034	11.271817	-2.093438	-0.424097
0.131149	-2.177324	11.347978	-2.149593	-0.456442
0.131152	-2.167856	11.423390	-2.206180	-0.489773
0.131093	-2.157623	11.498044	-2.263180	-0.524092
0.130981	-2.147574	11.571933	-2.320571	-0.559400
0.130829	-2.137646	11.645048	-2.378335	-0.595697
0.130647	-2.127780	11.717383	-2.436451	-0.632983
0.130450	-2.117921	11.788930	-2.494898	-0.671258
0.130249	-2.108011	11.859683	-2.553656	-0.710520
0.130056	-2.097999	11.929635	-2.612705	-0.750768
0.129885	-2.086833	11.998782	-2.672023	-0.792000
0.129749	-2.075465	12.067117	-2.731590	-0.834215
0.129660	-2.064847	12.134635	-2.791384	-0.877412
0.129632	-2.051937	12.201331	-2.851382	-0.921591
0.129678	-2.039695	12.267200	-2.911564	-0.966751
0.129812	-2.027085	12.332238	-2.971904	-1.012894
0.130049	-2.013076	12.396438	-3.032382	-1.060019
0.130401	-1.998642	12.459797	-3.092972	-1.108129
0.130884	-1.983764	12.522308	-3.153649	-1.157226
0.131511	-1.967427	12.583968	-3.214388	-1.207315
0.132299	-1.950625	12.644769	-3.275162	-1.258400
0.133261	-1.933360	12.704707	-3.335943	-1.310488
0.134413	-1.914641	12.763776	-3.396701	-1.363585
0.135764	-1.895516	12.821969	-3.457407	-1.417700
0.137295	-1.876168	12.879279	-3.518026	-1.472843
0.138978	-1.855797	12.935699	-3.578527	-1.529026
0.140786	-1.836583	12.991223	-3.638873	-1.586258
0.142691	-1.816692	13.045840	-3.699029	-1.644551
0.144662	-1.797268	13.099544	-3.758959	-1.703917
0.146670	-1.779439	13.152326	-3.818625	-1.764366
0.148682	-1.761316	13.204177	-3.877989	-1.825907
0.150667	-1.745998	13.255088	-3.937015	-1.888549
0.152593	-1.731571	13.305049	-3.995666	-1.952298
0.154428	-1.719114	13.354048	-4.053907	-2.017160
0.156140	-1.708700	13.402075	-4.111704	-2.083136
0.157695	-1.700398	13.449117	-4.169027	-2.150227
0.159063	-1.695277	13.495160	-4.225847	-2.218429
0.160211	-1.692409	13.540189	-4.282138	-2.287738
0.161109	-1.692873	13.584188	-4.337880	-2.358143
0.161727	-1.695756	13.627141	-4.393054	-2.429634
0.162034	-1.702161	13.669027	-4.447648	-2.502194
0.162004	-1.711204	13.709829	-4.501655	-2.575804
0.161609	-1.723028	13.749526	-4.555071	-2.650442
0.160836	-1.738746	13.788100	-4.607899	-2.726082
0.159714	-1.757285	13.825530	-4.660147	-2.802692
0.158282	-1.778531	13.861798	-4.711828	-2.880240
0.156582	-1.800375	13.896885	-4.762962	-2.958689
0.154652	-1.824712	13.930777	-4.813568	-3.038001
0.152532	-1.850433	13.963461	-4.863670	-3.118135
0.150261	-1.876417	13.994924	-4.913295	-3.199051
0.147876	-1.902532	14.025158	-4.962472	-3.280706
0.145411	-1.929625	14.054159	-5.011227	-3.363059
0.142902	-1.957522	14.081922	-5.059590	-3.446066
0.140378	-1.984020	14.108445	-5.107591	-3.529686
0.137867	-2.010887	14.133732	-5.155258	-3.613879
0.135395	-2.037855	14.157783	-5.202620	-3.698604
0.132983	-2.062625	14.180605	-5.249704	-3.783823
0.130650	-2.086857	14.202204	-5.296536	-3.869499
0.128411	-2.109181	14.222588	-5.343139	-3.955596
0.126278	-2.130188	14.241765	-5.389533	-4.042081
0.124261	-2.147441	14.259746	-5.435739	-4.128924
0.122368	-2.162472	14.276542	-5.481771	-4.216096
0.120606	-2.173793	14.292163	-5.527640	-4.303572
0.118978	-2.180989	14.306622	-5.573355	-4.391328
0.117473	-2.184033	14.319930	-5.618918	-4.479344
0.116078	-2.183012	14.332098	-5.664328	-4.567604
0.114785	-2.178038	14.343140	-5.709580	-4.656094
0.113589	-2.169245	14.353067	-5.754664	-4.744800
0.112487	-2.157785	14.361892	-5.799568	-4.833714
0.111477	-2.142831	14.369628	-5.844277	-4.922829
0.110561	-2.123573	14.376287	-5.888771	-5.012137
0.109740	-2.102219	14.381883	-5.933028	-5.101635
0.109013	-2.077992	14.386429	-5.977026	-5.191321
0.108382	-2.051131	14.389940	-6.020737	-5.281193
0.107848	-2.022887	14.392432	-6.064132	-5.371252
0.107407	-1.991518	14.393918	-6.107184	-5.461498
0.107057	-1.959293	14.394416	-6.149859	-5.551934
0.106793	-1.924481	14.393944	-6.192126	-5.642561
0.106608	-1.889352	14.392519	-6.233950	-5.733383
0.106492	-1.854173	14.390162	-6.275298	-5.824404
0.106433	-1.818202	14.386891	-6.316136	-5.915626
0.106418	-1.782691	14.382729	-6.356431	-6.007054
0.106431	-1.748878	14.377697	-6.396149	-6.098690
0.106455	-1.715958	14.371817	-6.435260	-6.190537
0.106479	-1.684983	14.365110	-6.473734	-6.282595
0.106493	-1.654969	14.357599	-6.511544	-6.374866
0.106487	-1.627926	14.349304	-6.548664	-6.467351
0.106449	-1.602861	14.340248	-6.585071	-6.560046
0.106371	-1.580777	14.330450	-6.620744	-6.652952
0.106244	-1.559677	14.319928	-6.655665	-6.746063
0.106057	-1.541563	14.308701	-6.689818	-6.839378
0.105801	-1.524434	14.296786	-6.723188	-6.932889
0.105469	-1.510295	14.284199	-6.755764	-7.026593
0.105051	-1.498147	14.270955	-6.787535	-7.120482
0.104540	-1.487997	14.257070	-6.818495	-7.214550
0.103927	-1.478854	14.242554	-6.848638	-7.308787
0.103204	-1.471731	14.227421	-6.877960	-7.403187
0.102366	-1.466648	14.211684	-6.906460	-7.497738
0.101404	-1.462629	14.195352	-6.934139	-7.592433
0.100312	-1.459706	14.178436	-6.961000	-7.687261
0.099085	-1.458922	14.160946	-6.987047	-7.782212
0.097715	-1.458330	14.142893	-7.012288	-7.877275
0.096197	-1.459995	14.124285	-7.036730	-7.972440
0.094530	-1.461983	14.105132	-7.060384	-8.067696
0.092723	-1.465314	14.085443	-7.083264	-8.163031
0.090788	-1.470004	14.065229	-7.105384	-8.258436
0.088740	-1.475081	14.044497	-7.126759	-8.353900
0.086592	-1.482580	14.023259	-7.147407	-8.449412
0.084357	-1.490549	14.001523	-7.167348	-8.544962
0.082051	-1.500043	13.979297	-7.186603	-8.640541
0.079688	-1.511128	13.956591	-7.205193	-8.736138
0.077284	-1.523874	13.933413	-7.223140	-8.831745
0.074852	-1.538359	13.909772	-7.240470	-8.927353
0.072410	-1.554663	13.885674	-7.257205	-9.022952
0.069973	-1.571867	13.861128	-7.273373	-9.118535
0.067557	-1.592050	13.836140	-7.288999	-9.214093
0.065179	-1.614281	13.810717	-7.304108	-9.309620
0.062854	-1.637615	13.784865	-7.318729	-9.405108
0.060599	-1.664085	13.758590	-7.332886	-9.500550
0.058429	-1.691691	13.731898	-7.346608	-9.595940
0.056360	-1.722389	13.704793	-7.359920	-9.691272
0.054406	-1.754081	13.677281	-7.372848	-9.786539
0.052580	-1.788601	13.649364	-7.385419	-9.881737
0.050893	-1.823736	13.621047	-7.397657	-9.976860
0.049347	-1.861319	13.592333	-7.409587	-10.071903
0.047944	-1.900166	13.563224	-7.421232	-10.166861
0.046683	-1.939051	13.533724	-7.432617	-10.261730
0.045564	-1.979708	13.503834	-7.443761	-10.356506
0.044582	-2.020833	13.473556	-7.454688	-10.451183
0.043735	-2.062099	13.442891	-7.465418	-10.545759
0.043017	-2.103158	13.411842	-7.475970	-10.640229
0.042422	-2.143658	13.380407	-7.486363	-10.734589
0.041941	-2.183251	13.348589	-7.496615	-10.828836
0.041567	-2.221606	13.316387	-7.506744	-10.922966
0.041290	-2.258417	13.283803	-7.516766	-11.016976
0.041100	-2.293411	13.250835	-7.526695	-11.110862
0.040987	-2.327354	13.217484	-7.536546	-11.204620
0.040939	-2.358049	13.183750	-7.546333	-11.298248
0.040948	-2.387338	13.149633	-7.556068	-11.391743
0.041002	-2.414100	13.115132	-7.565763	-11.485101
0.041093	-2.437246	13.080247	-7.575428	-11.578319
0.041211	-2.458714	13.044976	-7.585072	-11.671394
0.041348	-2.478463	13.009321	-7.594705	-11.764324
0.041497	-2.494504	12.973279	-7.604334	-11.857105
0.041652	-2.507982	12.936852	-7.613965	-11.949734
0.041809	-2.520083	12.900037	-7.623604	-12.042210
0.041963	-2.528989	12.862835	-7.633256	-12.134529
0.042112	-2.536884	12.825245	-7.642925	-12.226689
0.042255	-2.542945	12.787266	-7.652613	-12.318688
0.042390	-2.546349	12.748898	-7.662323	-12.410523
0.042515	-2.549268	12.710142	-7.672057	-12.502192
0.042630	-2.549869	12.670995	-7.681815	-12.593692
0.042736	-2.550315	12.631459	-7.691598	-12.685022
0.042831	-2.548769	12.591532	-7.701405	-12.776180
0.042916	-2.546387	12.551215	-7.711237	-12.867162
0.042991	-2.543324	12.510508	-7.721091	-12.957969
0.043056	-2.539734	12.469410	-7.730967	-13.048597
0.043110	-2.535767	12.427921	-7.740862	-13.139044
0.043154	-2.530574	12.386042	-7.750775	-13.229310
0.043187	-2.526302	12.343773	-7.760704	-13.319392
0.043209	-2.520100	12.301114	-7.770646	-13.409288
0.043220	-2.515114	12.258066	-7.780598	-13.498998
0.043218	-2.509493	12.214629	-7.790559	-13.588519
0.043204	-2.504358	12.170804	-7.800525	-13.677850
0.043178	-2.498741	12.126591	-7.810495	-13.766989
0.043140	-2.494649	12.081992	-7.820465	-13.855936
0.043092	-2.490090	12.037008	-7.830434	-13.944689
0.043033	-2.485074	11.991640	-7.840400	-14.033246
0.042965	-2.481611	11.945889	-7.850360	-14.121607
0.042887	-2.477712	11.899757	-7.860312	-14.209770
0.042802	-2.474388	11.853244	-7.870255	-14.297734
0.042709	-2.471653	11.806353	-7.880187	-14.385499
0.042610	-2.469520	11.759086	-7.890108	-14.473063
0.042505	-2.469002	11.711444	-7.900014	-14.560424
0.042395	-2.468114	11.663428	-7.909908	-14.647583
0.042282	-2.467870	11.615041	-7.919787	-14.734537
0.042167	-2.468286	11.566285	-7.929652	-14.821287
0.042050	-2.470375	11.517161	-7.939502	-14.907831
0.041932	-2.472152	11.467671	-7.949339	-14.994167
0.041816	-2.475632	11.417818	-7.959164	-15.080296
0.041702	-2.479829	11.367602	-7.968976	-15.166215
0.041592	-2.485755	11.317027	-7.978778	-15.251924
0.041487	-2.492423	11.266093	-7.988573	-15.337421
0.041389	-2.499828	11.214803	-7.998362	-15.422706
0.041297	-2.507910	11.163159	-8.008150	-15.507777
0.041212	-2.517592	11.111162	-8.017938	-15.592633
0.041134	-2.527797	11.058815	-8.027731	-15.677273
0.041061	-2.538448	11.006119	-8.037533	-15.761695
0.040994	-2.550468	10.953076	-8.047347	-15.845897
0.040932	-2.562778	10.899687	-8.057179	-15.929879
0.040875	-2.575302	10.845956	-8.067034	-16.013640
0.040821	-2.587962	10.791883	-8.076916	-16.097177
0.040770	-2.601684	10.737470	-8.086830	-16.180490
0.040720	-2.614392	10.682721	-8.096782	-16.263576
0.040670	-2.628012	10.627635	-8.106776	-16.346436
0.040619	-2.641473	10.572217	-8.116818	-16.429068
0.040564	-2.653702	10.516468	-8.126913	-16.511470
0.040505	-2.666631	10.460390	-8.137065	-16.593641
0.040439	-2.679191	10.403985	-8.147280	-16.675582
0.040365	-2.691315	10.347257	-8.157563	-16.757289
0.040279	-2.702937	10.290207	-8.167917	-16.838764
0.040181	-2.713991	10.232838	-8.178346	-16.920004
0.040068	-2.724411	10.175152	-8.188856	-17.001010
0.039937	-2.734148	10.117154	-8.199450	-17.081781
0.039790	-2.743214	10.058844	-8.210130	-17.162316
0.039626	-2.750634	10.000227	-8.220900	-17.242616
0.039447	-2.758432	9.941305	-8.231763	-17.322680
0.039252	-2.764631	9.882081	-8.242720	-17.402507
0.039044	-2.771250	9.822559	-8.253774	-17.482100
0.038822	-2.776309	9.762741	-8.264925	-17.561456
0.038587	-2.781825	9.702631	-8.276176	-17.640577
0.038342	-2.785815	9.642232	-8.287528	-17.719464
0.038085	-2.789293	9.581547	-8.298981	-17.798116
0.037820	-2.792274	9.520579	-8.310535	-17.876534
0.037546	-2.794773	9.459331	-8.322192	-17.954718
0.037266	-2.796801	9.397807	-8.333950	-18.032670
0.036979	-2.798371	9.336009	-8.345810	-18.110390
0.036688	-2.798497	9.273941	-8.357771	-18.187879
0.036393	-2.799189	9.211606	-8.369833	-18.265137
0.036096	-2.798461	9.149007	-8.381994	-18.342166
0.035798	-2.798324	9.086146	-8.394254	-18.418966
0.035501	-2.796791	9.023027	-8.406611	-18.495538
0.035205	-2.794876	8.959652	-8.419064	-18.571883
0.034912	-2.792599	8.896025	-8.431611	-18.648003
0.034623	-2.790014	8.832147	-8.444251	-18.723896
0.034338	-2.787183	8.768022	-8.456981	-18.799566
0.034057	-2.784170	8.703652	-8.469801	-18.875012
0.033782	-2.781043	8.639039	-8.482708	-18.950236
0.033512	-2.777871	8.574186	-8.495700	-19.025238
0.033248	-2.773727	8.509095	-8.508776	-19.100019
0.032990	-2.770684	8.443769	-8.521933	-19.174580
0.032740	-2.767821	8.378209	-8.535169	-19.248921
0.032496	-2.765215	8.312418	-8.548484	-19.323045
0.032261	-2.762948	8.246398	-8.561874	-19.396950
0.032033	-2.761103	8.180151	-8.575340	-19.470639
0.031814	-2.759765	8.113680	-8.588880	-19.544112
0.031604	-2.759021	8.046986	-8.602492	-19.617369
0.031403	-2.759958	7.980072	-8.616176	-19.690412
0.031213	-2.760667	7.912939	-8.629932	-19.763241
0.031032	-2.763235	7.845590	-8.643758	-19.835856
0.030863	-2.766753	7.778027	-8.657657	-19.908258
0.030705	-2.771311	7.710252	-8.671627	-19.980447
0.030561	-2.777997	7.642267	-8.685670	-20.052425
0.030429	-2.784870	7.574074	-8.699787	-20.124192
0.030311	-2.793879	7.505676	-8.713980	-20.195747
0.030205	-2.804940	7.437073	-8.728251	-20.267092
0.030111	-2.815966	7.368270	-8.742603	-20.338226
0.030026	-2.828871	7.299268	-8.757039	-20.409151
0.029952	-2.842566	7.230069	-8.771561	-20.479866
0.029886	-2.856961	7.160676	-8.786174	-20.550371
0.029827	-2.871969	7.091090	-8.800881	-20.620668
0.029776	-2.887500	7.021316	-8.815686	-20.690756
0.029729	-2.903469	6.951355	-8.830593	-20.760636
0.029686	-2.920789	6.881209	-8.845606	-20.830308
0.029646	-2.937380	6.810882	-8.860729	-20.899773
0.029606	-2.954160	6.740376	-8.875968	-20.969031
0.029565	-2.972054	6.669694	-8.891325	-21.038083
0.029522	-2.988989	6.598839	-8.906806	-21.106930
0.029473	-3.005894	6.527813	-8.922414	-21.175572
0.029418	-3.022704	6.456620	-8.938154	-21.244011
0.029353	-3.040357	6.385263	-8.954029	-21.312246
0.029276	-3.056795	6.313744	-8.970044	-21.380280
0.029185	-3.072963	6.242068	-8.986203	-21.448113
0.029077	-3.087823	6.170236	-9.002508	-21.515747
0.028952	-3.103401	6.098253	-9.018963	-21.583184
0.028809	-3.118737	6.026122	-9.035570	-21.650424
0.028646	-3.132871	5.953845	-9.052333	-21.717470
0.028464	3.135339	5.881427	-9.069254	-21.784323
0.028261	3.121478	5.808871	-9.086335	-21.850985
0.028038	3.107689	5.736181	-9.103578	-21.917459
0.027793	3.093923	5.663359	-9.120984	-21.983746
0.027527	3.081131	5.590411	-9.138556	-22.049850
0.027239	3.067262	5.517338	-9.156294	-22.115773
0.026928	3.053261	5.444146	-9.174199	-22.181517
0.026594	3.040069	5.370837	-9.192272	-22.247085
0.026238	3.026622	5.297417	-9.210513	-22.312481
0.025858	3.012853	5.223888	-9.228923	-22.377708
0.025455	2.998686	5.150254	-9.247502	-22.442769
0.025029	2.984040	5.076521	-9.266250	-22.507668
0.024580	2.969822	5.002691	-9.285166	-22.572409
0.024107	2.953933	4.928769	-9.304249	-22.636995
0.023612	2.938259	4.854760	-9.323500	-22.701431
0.023094	2.921673	4.780667	-9.342917	-22.765721
0.022555	2.904049	4.706496	-9.362499	-22.829871
0.022002	2.886333	4.632250	-9.382244	-22.893884
0.021441	2.866500	4.557934	-9.402152	-22.957765
0.020881	2.846552	4.483553	-9.422220	-23.021521
0.020329	2.824516	4.409112	-9.442447	-23.085155
0.019792	2.802456	4.334614	-9.462831	-23.148673
0.019276	2.779483	4.260065	-9.483371	-23.212081
0.018789	2.755757	4.185468	-9.504065	-23.275383
0.018336	2.731499	4.110829	-9.524911	-23.338583
0.017925	2.706992	4.036150	-9.545909	-23.401688
0.017559	2.682586	3.961437	-9.567057	-23.464701
0.017243	2.657694	3.886692	-9.588354	-23.527627
0.016983	2.634786	3.811919	-9.609799	-23.590469
0.016782	2.613372	3.737122	-9.631391	-23.653231
0.016643	2.592985	3.662302	-9.653132	-23.715916
0.016570	2.576160	3.587464	-9.675020	-23.778527
0.016565	2.561403	3.512608	-9.697056	-23.841066
0.016631	2.550168	3.437738	-9.719241	-23.903533
0.016771	2.542831	3.362853	-9.741576	-23.965930
0.016989	2.538664	3.287955	-9.764062	-24.028257
0.017288	2.538661	3.213045	-9.786703	-24.090513
0.017664	2.542067	3.138122	-9.809500	-24.152697
0.018112	2.547945	3.063186	-9.832457	-24.214807
0.018626	2.555387	2.988236	-9.855577	-24.276839
0.019200	2.562551	2.913272	-9.878865	-24.338791
0.019830	2.569685	2.838292	-9.902324	-24.400659
0.020509	2.576133	2.763295	-9.925961	-24.462438
0.021231	2.582340	2.688279	-9.949779	-24.524126
0.021988	2.584841	2.613244	-9.973786	-24.585717
0.022774	2.586256	2.538190	-9.997987	-24.647207
0.023583	2.585274	2.463114	-10.022389	-24.708593
0.024407	2.581638	2.388018	-10.047000	-24.769870
0.025241	2.575133	2.312902	-10.071827	-24.831035
0.026080	2.565574	2.237766	-10.096877	-24.892085
0.026921	2.552798	2.162611	-10.122159	-24.953016
0.027759	2.537656	2.087441	-10.147681	-25.013828
0.028595	2.518007	2.012258	-10.173453	-25.074518
0.029429	2.494718	1.937066	-10.199483	-25.135086
0.030264	2.468667	1.861869	-10.225781	-25.195533
0.031105	2.438742	1.786674	-10.252358	-25.255860
0.031962	2.404989	1.711487	-10.279222	-25.316070
0.032848	2.367988	1.636317	-10.306385	-25.376167
0.033778	2.328438	1.561172	-10.333856	-25.436155
0.034764	2.288011	1.486064	-10.361648	-25.496041
0.035817	2.246357	1.411002	-10.389770	-25.555832
0.036945	2.204087	1.336000	-10.418235	-25.615534
0.038156	2.160771	1.261069	-10.447053	-25.675157
0.039451	2.118917	1.186224	-10.476236	-25.734710
0.040832	2.078972	1.111479	-10.505796	-25.794202
0.042296	2.039312	1.036849	-10.535745	-25.853644
0.043841	2.001241	0.962348	-10.566095	-25.913046
0.045460	1.964994	0.887994	-10.596856	-25.972419
0.047145	1.930745	0.813802	-10.628042	-26.031773
0.048887	1.899608	0.739788	-10.659664	-26.091120
0.050676	1.869653	0.665971	-10.691734	-26.150471
0.052502	1.841909	0.592366	-10.724264	-26.209835
0.054352	1.816376	0.518991	-10.757265	-26.269224
0.056215	1.794032	0.445864	-10.790749	-26.328648
0.058078	1.772837	0.373001	-10.824726	-26.388117
0.059929	1.753746	0.300420	-10.859209	-26.447639
0.061757	1.735677	0.228137	-10.894208	-26.507224
0.063554	1.720453	0.156171	-10.929732	-26.566879
0.065315	1.706890	0.084536	-10.965793	-26.626613
0.067034	1.694826	0.013251	-11.002399	-26.686432
0.068708	1.683120	-0.057670	-11.039560	-26.746343
0.070333	1.673645	-0.128211	-11.077285	-26.806350
0.071904	1.664292	-0.198355	-11.115583	-26.866458
0.073419	1.656963	-0.268089	-11.154460	-26.926673
0.074875	1.649573	-0.337396	-11.193926	-26.986996
0.076268	1.643046	-0.406263	-11.233987	-27.047432
0.077596	1.638316	-0.474675	-11.274648	-27.107983
0.078857	1.633324	-0.542618	-11.315918	-27.168650
0.080048	1.630019	-0.610080	-11.357801	-27.229434
0.081167	1.626355	-0.677048	-11.400302	-27.290336
0.082212	1.624292	-0.743508	-11.443426	-27.351354
0.083181	1.621796	-0.809450	-11.487178	-27.412489
0.084072	1.620835	-0.874862	-11.531560	-27.473739
0.084884	1.620385	-0.939733	-11.576576	-27.535100
0.085614	1.619421	-1.004053	-11.622229	-27.596571
0.086261	1.619926	-1.067813	-11.668520	-27.658149
0.086824	1.620882	-1.131004	-11.715451	-27.719829
0.087307	1.622270	-1.193617	-11.763023	-27.781606
0.087714	1.625071	-1.255646	-11.811237	-27.843476
0.088049	1.627269	-1.317083	-11.860093	-27.905432
0.088318	1.629850	-1.377922	-11.909590	-27.967469
0.088523	1.632803	-1.438159	-11.959728	-28.029580
0.088671	1.637117	-1.497787	-12.010506	-28.091758
0.088766	1.640782	-1.556802	-12.061923	-28.153996
0.088811	1.645788	-1.615201	-12.113975	-28.216285
0.088813	1.650128	-1.672981	-12.166663	-28.278619
0.088774	1.654794	-1.730139	-12.219984	-28.340988
0.088701	1.660777	-1.786671	-12.273934	-28.403385
0.088598	1.666071	-1.842577	-12.328512	-28.465801
0.088469	1.671666	-1.897855	-12.383715	-28.528227
0.088320	1.678555	-1.952504	-12.439540	-28.590654
0.088154	1.684728	-2.006523	-12.495983	-28.653073
0.087976	1.691176	-2.059911	-12.553043	-28.715474
0.087792	1.697887	-2.112668	-12.610715	-28.777849
0.087605	1.704850	-2.164795	-12.668996	-28.840187
0.087421	1.712052	-2.216290	-12.727884	-28.902480
0.087243	1.719477	-2.267156	-12.787375	-28.964718
0.087071	1.726112	-2.317391	-12.847465	-29.026891
0.086907	1.733941	-2.366996	-12.908153	-29.088991
0.086748	1.740949	-2.415972	-12.969434	-29.151006
0.086595	1.749121	-2.464320	-13.031305	-29.212929
0.086447	1.756442	-2.512040	-13.093764	-29.274749
0.086304	1.764897	-2.559132	-13.156808	-29.336456
0.086166	1.772470	-2.605599	-13.220433	-29.398041
0.086032	1.780148	-2.651441	-13.284636	-29.459494
0.085901	1.788914	-2.696658	-13.349414	-29.520806
0.085773	1.796754	-2.741253	-13.414764	-29.581967
0.085647	1.804654	-2.785227	-13.480683	-29.642967
0.085522	1.813599	-2.828580	-13.547168	-29.703796
0.085399	1.821575	-2.871315	-13.614216	-29.764445
0.085276	1.830568	-2.913434	-13.681822	-29.824905
0.085152	1.838564	-2.954937	-13.749986	-29.885165
0.085026	1.847549	-2.995828	-13.818701	-29.945215
0.084899	1.856511	-3.036107	-13.887967	-30.005047
0.084768	1.865435	-3.075779	-13.957778	-30.064651
0.084633	1.874309	-3.114843	-14.028132	-30.124016
0.084494	1.883122	-3.153305	-14.099025	-30.183134
0.084350	1.891876	-3.191165	-14.170453	-30.241994
0.084203	1.901575	-3.228427	-14.242413	-30.300588
0.084052	1.910221	-3.265095	-14.314902	-30.358906
0.083899	1.919817	-3.301170	-14.387914	-30.416939
0.083744	1.929365	-3.336656	-14.461446	-30.474677
0.083588	1.937869	-3.371558	-14.535495	-30.532111
0.083431	1.947331	-3.405877	-14.610055	-30.589232
0.083275	1.956752	-3.439618	-14.685124	-30.646032
0.083119	1.966134	-3.472785	-14.760697	-30.702501
0.082965	1.975479	-3.505381	-14.836769	-30.758630
0.082813	1.984788	-3.537410	-14.913337	-30.814410
0.082663	1.994062	-3.568876	-14.990397	-30.869834
0.082517	2.003302	-3.599784	-15.067943	-30.924891
0.082375	2.012507	-3.630136	-15.145971	-30.979574
0.082238	2.021680	-3.659937	-15.224478	-31.033875
0.082107	2.030818	-3.689192	-15.303459	-31.087785
0.081982	2.039923	-3.717903	-15.382908	-31.141295
0.081864	2.048994	-3.746076	-15.462823	-31.194398
0.081753	2.058030	-3.773715	-15.543197	-31.247086
0.081651	2.066031	-3.800822	-15.624028	-31.299351
0.081556	2.074995	-3.827403	-15.705309	-31.351185
0.081467	2.082924	-3.853461	-15.787037	-31.402581
0.081385	2.091816	-3.878999	-15.869207	-31.453530
0.081309	2.099672	-3.904022	-15.951814	-31.504027
0.081237	2.107494	-3.928533	-16.034854	-31.554063
0.081170	2.116281	-3.952536	-16.118322	-31.603631
0.081105	2.124035	-3.976034	-16.202212	-31.652725
0.081043	2.131757	-3.999032	-16.286521	-31.701336
0.080984	2.140449	-4.021533	-16.371244	-31.749459
0.080925	2.148113	-4.043542	-16.456375	-31.797086
0.080867	2.156750	-4.065061	-16.541910	-31.844210
0.080809	2.164362	-4.086095	-16.627843	-31.890825
0.080750	2.172953	-4.106649	-16.714171	-31.936923
0.080690	2.180525	-4.126726	-16.800888	-31.982499
0.080628	2.189081	-4.146329	-16.887988	-32.027545
0.080563	2.197623	-4.165465	-16.975468	-32.072055
0.080494	2.206156	-4.184137	-17.063321	-32.116022
0.080422	2.214682	-4.202350	-17.151543	-32.159441
0.080345	2.223206	-4.220109	-17.240128	-32.202304
0.080263	2.232732	-4.237418	-17.329072	-32.244606
0.080176	2.241266	-4.254283	-17.418368	-32.286340
0.080087	2.250815	-4.270709	-17.508012	-32.327500
0.079997	2.259385	-4.286703	-17.597998	-32.368080
0.079906	2.268983	-4.302268	-17.688321	-32.408074
0.079816	2.278613	-4.317411	-17.778975	-32.447476
0.079729	2.288282	-4.332137	-17.869955	-32.486279
0.079645	2.297993	-4.346454	-17.961255	-32.524479
0.079566	2.307751	-4.360366	-18.052871	-32.562070
0.079493	2.317559	-4.373880	-18.144796	-32.599044
0.079428	2.327422	-4.387003	-18.237025	-32.635398
0.079372	2.337342	-4.399740	-18.329553	-32.671124
0.079326	2.347321	-4.412098	-18.422373	-32.706218
0.079292	2.357362	-4.424082	-18.515482	-32.740674
0.079270	2.367465	-4.435701	-18.608872	-32.774485
0.079264	2.376632	-4.446959	-18.702539	-32.807647
0.079272	2.386863	-4.457863	-18.796478	-32.840154
0.079299	2.396158	-4.468419	-18.890682	-32.872000
0.079343	2.406516	-4.478633	-18.985146	-32.903179
0.079408	2.415936	-4.488511	-19.079865	-32.933686
0.079493	2.425409	-4.498060	-19.174834	-32.963515
0.079597	2.434903	-4.507285	-19.270047	-32.992660
0.079716	2.444378	-4.516192	-19.365498	-33.021116
0.079847	2.452799	-4.524787	-19.461182	-33.048876
0.079987	2.462130	-4.533075	-19.557094	-33.075935
0.080133	2.470338	-4.541062	-19.653228	-33.102287
0.080281	2.479389	-4.548753	-19.749579	-33.127927
0.080428	2.487253	-4.556154	-19.846140	-33.152848
0.080571	2.494901	-4.563269	-19.942907	-33.177047
0.080705	2.503303	-4.570103	-20.039873	-33.200516
0.080827	2.510434	-4.576662	-20.137033	-33.223253
0.080934	2.517266	-4.582950	-20.234381	-33.245251
0.081022	2.524774	-4.588972	-20.331910	-33.266507
0.081087	2.530934	-4.594733	-20.429614	-33.287016
0.081126	2.537722	-4.600236	-20.527488	-33.306775
0.081134	2.543113	-4.605487	-20.625525	-33.325780
0.081109	2.549083	-4.610490	-20.723718	-33.344029
0.081045	2.553607	-4.615248	-20.822061	-33.361520
0.080941	2.558662	-4.619766	-20.920548	-33.378250
0.080791	2.563220	-4.624046	-21.019172	-33.394218
0.080593	2.567263	-4.628094	-21.117926	-33.409424
0.080349	2.571812	-4.631911	-21.216804	-33.423868
0.080058	2.574892	-4.635502	-21.315799	-33.437549
0.079723	2.578531	-4.638871	-21.414903	-33.450469
0.079345	2.580753	-4.642020	-21.514111	-33.462630
0.078926	2.583582	-4.644952	-21.613415	-33.474033
0.078468	2.586041	-4.647671	-21.712809	-33.484682
0.077971	2.588152	-4.650178	-21.812287	-33.494580
0.077439	2.589938	-4.652478	-21.911840	-33.503731
0.076872	2.591420	-4.654572	-22.011464	-33.512138
0.076273	2.592621	-4.656463	-22.111152	-33.519806
0.075643	2.593561	-4.658153	-22.210897	-33.526741
0.074983	2.594263	-4.659645	-22.310693	-33.532948
0.074296	2.594750	-4.660941	-22.410534	-33.538432
0.073584	2.595045	-4.662042	-22.510414	-33.543201
0.072847	2.595170	-4.662952	-22.610327	-33.547259
0.072088	2.595152	-4.663671	-22.710268	-33.550615
0.071308	2.594015	-4.664202	-22.810231	-33.553276
0.070509	2.593787	-4.664546	-22.910211	-33.555249
0.069693	2.592495	-4.664704	-23.010202	-33.556541
0.068860	2.592166	-4.664679	-23.110200	-33.557161
0.068012	2.590819	-4.664472	-23.210200	-33.557117
0.067150	2.589469	-4.664085	-23.310197	-33.556418
0.066272	2.588133	-4.663518	-23.410186	-33.555071
0.065380	2.586829	-4.662774	-23.510164	-33.553086
0.064475	2.584576	-4.661854	-23.610125	-33.550471
0.063556	2.583394	-4.660759	-23.710067	-33.547236
0.062625	2.581305	-4.659491	-23.809985	-33.543390
0.061680	2.580331	-4.658052	-23.909875	-33.538943
0.060724	2.578499	-4.656442	-24.009735	-33.533903
0.059755	2.576833	-4.654665	-24.109561	-33.528281
0.058775	2.575363	-4.652721	-24.209350	-33.522085
0.057783	2.574119	-4.650613	-24.309099	-33.515327
0.056781	2.573135	-4.648343	-24.408805	-33.508017
0.055767	2.572446	-4.645913	-24.508467	-33.500163
0.054744	2.572092	-4.643326	-24.608081	-33.491776
0.053710	2.572115	-4.640584	-24.707645	-33.482866
0.052667	2.572561	-4.637691	-24.807158	-33.473443
0.051614	2.574479	-4.634650	-24.906618	-33.463518
0.050553	2.575927	-4.631465	-25.006023	-33.453101
0.049483	2.577945	-4.628139	-25.105371	-33.442201
0.048405	2.580514	-4.624676	-25.204662	-33.430829
0.047321	2.583591	-4.621082	-25.303894	-33.418995
0.046231	2.587132	-4.617359	-25.403067	-33.406709
0.045136	2.592089	-4.613514	-25.502179	-33.393982
0.044037	2.596409	-4.609551	-25.601230	-33.380823
0.042934	2.601031	-4.605474	-25.700219	-33.367243
0.041830	2.606892	-4.601289	-25.799147	-33.353253
0.040723	2.612920	-4.597001	-25.898013	-33.338862
0.039615	2.618033	-4.592615	-25.996818	-33.324080
0.038507	2.624141	-4.588135	-26.095560	-33.308918
0.037399	2.630145	-4.583567	-26.194241	-33.293387
0.036291	2.635929	-4.578916	-26.292860	-33.277496
0.035185	2.642367	-4.574186	-26.391419	-33.261257
0.034080	2.647314	-4.569382	-26.489918	-33.244678
0.032977	2.652605	-4.564507	-26.588358	-33.227772
0.031876	2.656053	-4.559566	-26.686740	-33.210548
0.030778	2.659447	-4.554562	-26.785063	-33.193016
0.029683	2.661541	-4.549499	-26.883331	-33.175188
0.028592	2.663054	-4.544379	-26.981543	-33.157074
0.027506	2.661715	-4.539205	-27.079701	-33.138684
0.026426	2.659426	-4.533978	-27.177807	-33.120030
0.025355	2.655132	-4.528700	-27.275861	-33.101122
0.024293	2.648773	-4.523372	-27.373865	-33.081969
0.023243	2.640288	-4.517994	-27.471821	-33.062585
0.022208	2.630613	-4.512568	-27.569729	-33.042977
0.021188	2.617681	-4.507092	-27.667592	-33.023159
0.020188	2.603429	-4.501567	-27.765412	-33.003138
0.019208	2.586799	-4.495992	-27.863189	-32.982927
0.018250	2.567740	-4.490367	-27.960926	-32.962535
0.017318	2.546213	-4.484690	-28.058624	-32.941972
0.016412	2.522198	-4.478961	-28.156285	-32.921248
0.015533	2.495697	-4.473179	-28.253911	-32.900373
0.014684	2.466743	-4.467343	-28.351503	-32.879356
0.013863	2.435407	-4.461452	-28.449063	-32.858207
0.013072	2.401799	-4.455504	-28.546594	-32.836935
0.012309	2.366081	-4.449500	-28.644095	-32.815549
0.011573	2.328468	-4.443438	-28.741570	-32.794057
0.010862	2.289227	-4.437318	-28.839020	-32.772468
0.010171	2.247684	-4.431141	-28.936446	-32.750790
0.009499	2.206094	-4.424906	-29.033851	-32.729032
0.008842	2.162239	-4.418613	-29.131235	-32.707200
0.008199	2.116676	-4.412265	-29.228601	-32.685302
0.007570	2.068816	-4.405861	-29.325951	-32.663346
0.006954	2.017871	-4.399405	-29.423285	-32.641338
0.006351	1.962774	-4.392897	-29.520606	-32.619285
0.005763	1.902078	-4.386339	-29.617914	-32.597194
0.005191	1.833790	-4.379735	-29.715213	-32.575072
0.004640	1.755145	-4.373087	-29.812502	-32.552923
0.004114	1.662301	-4.366398	-29.909784	-32.530754
0.003622	1.550993	-4.359670	-30.007060	-32.508571
0.003178	1.412384	-4.352908	-30.104332	-32.486379
0.002800	1.239833	-4.346114	-30.201600	-32.464183
0.002514	1.029197	-4.339293	-30.298867	-32.441989
0.002351	0.782895	-4.332447	-30.396134	-32.419801
0.002329	0.523037	-4.325580	-30.493402	-32.397625
0.002446	0.278864	-4.318697	-30.590672	-32.375464
0.002679	0.069572	-4.311800	-30.687946	-32.353324
0.002993	-0.097413	-4.304894	-30.785225	-32.331209
0.003360	-0.227810	-4.297983	-30.882510	-32.309122
0.003757	-0.328327	-4.291069	-30.979803	-32.287068
0.004171	-0.407321	-4.284157	-31.077103	-32.265050
0.004593	-0.470452	-4.277249	-31.174413	-32.243073
0.005017	-0.520777	-4.270350	-31.271734	-32.221140
0.005440	-0.562175	-4.263463	-31.369066	-32.199254
0.005858	-0.596697	-4.256590	-31.466411	-32.177419
0.006273	-0.625824	-4.249734	-31.563769	-32.155638
0.006681	-0.649636	-4.242900	-31.661141	-32.133915
0.007084	-0.669940	-4.236089	-31.758529	-32.112253
0.007480	-0.687338	-4.229304	-31.855932	-32.090654
0.007870	-0.702295	-4.222548	-31.953353	-32.069122
0.008255	-0.714164	-4.215823	-32.050791	-32.047660
0.008633	-0.725225	-4.209133	-32.148247	-32.026271
0.009007	-0.733694	-4.202479	-32.245723	-32.004958
0.009375	-0.741746	-4.195864	-32.343218	-31.983724
0.009739	-0.747517	-4.189289	-32.440734	-31.962572
0.010099	-0.753118	-4.182758	-32.538271	-31.941504
0.010455	-0.756639	-4.176272	-32.635830	-31.920524
0.010807	-0.760151	-4.169832	-32.733411	-31.899635
0.011157	-0.762712	-4.163442	-32.831016	-31.878839
0.011504	-0.764379	-4.157103	-32.928645	-31.858139
0.011849	-0.765239	-4.150816	-33.026297	-31.837539
0.012191	-0.765376	-4.144584	-33.123975	-31.817042
0.012532	-0.765865	-4.138407	-33.221679	-31.796649
0.012869	-0.764771	-4.132288	-33.319409	-31.776365
0.013205	-0.764151	-4.126228	-33.417165	-31.756192
0.013539	-0.762055	-4.120228	-33.514949	-31.736133
0.013870	-0.760530	-4.114290	-33.612760	-31.716192
0.014200	-0.757616	-4.108415	-33.710600	-31.696370
0.014528	-0.754347	-4.102604	-33.808468	-31.676673
0.014854	-0.751758	-4.096858	-33.906365	-31.657101
0.015180	-0.747877	-4.091179	-34.004293	-31.637660
0.015503	-0.743729	-4.085566	-34.102250	-31.618350
0.015826	-0.739340	-4.080023	-34.200238	-31.599177
0.016148	-0.733730	-4.074548	-34.298257	-31.580143
0.016469	-0.727919	-4.069142	-34.396307	-31.561251
0.016790	-0.721925	-4.063807	-34.494389	-31.542505
0.017110	-0.714763	-4.058543	-34.592504	-31.523907
0.017430	-0.707450	-4.053349	-34.690650	-31.505462
0.017750	-0.698998	-4.048226	-34.788830	-31.487173
0.000000	0.000000	-4.048226	-34.788830	-31.487173
