0.047561	-1.038852	0.000000	0.000000	0.000000
0.043438	-0.976934	0.099999	0.000241	-0.000410
0.039500	-0.903687	0.199995	0.000726	-0.001180
0.035806	-0.816798	0.299986	0.001454	-0.002260
0.032427	-0.713733	0.399973	0.002428	-0.003601
0.029446	-0.592138	0.499953	0.003647	-0.005155
0.026955	-0.451643	0.599928	0.005110	-0.006872
0.025042	-0.291121	0.699896	0.006816	-0.008707
0.023776	-0.116931	0.799859	0.008761	-0.010615
0.023178	0.063962	0.899816	0.010943	-0.012549
0.023206	0.241849	0.999769	0.013355	-0.014469
0.023759	0.408357	1.099717	0.015993	-0.016333
0.024701	0.558607	1.199660	0.018849	-0.018103
0.025891	0.691375	1.299600	0.021915	-0.019742
0.027202	0.806953	1.399536	0.025180	-0.021216
0.028526	0.908849	1.499468	0.028632	-0.022493
0.029781	1.000917	1.599397	0.032260	-0.023545
0.030900	1.083926	1.699322	0.036049	-0.024346
0.031833	1.161415	1.799243	0.039982	-0.024874
0.032544	1.235706	1.899160	0.044041	-0.025110
0.033008	1.308983	1.999073	0.048207	-0.025039
0.033218	1.383307	2.098982	0.052459	-0.024649
0.033214	1.460309	2.198886	0.056772	-0.023932
0.033051	1.540283	2.298786	0.061121	-0.022885
0.032789	1.626240	2.398682	0.065480	-0.021508
0.032493	1.716853	2.498573	0.069820	-0.019804
0.032235	1.814357	2.598460	0.074113	-0.017778
0.032083	1.916423	2.698344	0.078327	-0.015439
0.032104	2.024057	2.798225	0.082433	-0.012799
0.032355	2.133600	2.898103	0.086397	-0.009870
0.032881	2.243848	2.997980	0.090189	-0.006668
0.033707	2.353327	3.097856	0.093775	-0.003209
0.034838	2.457636	3.197731	0.097123	0.000488
0.036260	2.555764	3.297607	0.100201	0.004406
0.037943	2.646274	3.397484	0.102976	0.008523
0.039848	2.729352	3.497362	0.105418	0.012820
0.041926	2.802720	3.597241	0.107494	0.017276
0.044128	2.867499	3.697121	0.109174	0.021871
0.046403	2.924067	3.797002	0.110429	0.026585
0.048702	2.973929	3.896883	0.111231	0.031397
0.050979	3.015630	3.996763	0.111552	0.036290
0.053193	3.050822	4.096640	0.111368	0.041246
0.055325	3.081563	4.196512	0.110654	0.046248
0.057360	3.106840	4.296377	0.109387	0.051282
0.059294	3.128457	4.396233	0.107548	0.056334
0.061123	-3.136110	4.496075	0.105115	0.061392
0.062847	-3.118939	4.595901	0.102072	0.066444
0.064469	-3.104757	4.695706	0.098400	0.071480
0.065992	-3.092173	4.795488	0.094085	0.076489
0.067420	-3.079851	4.895240	0.089112	0.081462
0.068761	-3.069499	4.994959	0.083466	0.086390
0.070020	-3.059861	5.094639	0.077137	0.091266
0.071205	-3.049704	5.194276	0.070111	0.096080
0.072323	-3.040823	5.293863	0.062378	0.100824
0.073382	-3.031027	5.393396	0.053928	0.105492
0.074390	-3.022141	5.492869	0.044752	0.110073
0.075356	-3.012004	5.592276	0.034841	0.114561
0.076290	-3.002464	5.691610	0.024186	0.118946
0.077201	-2.991382	5.790865	0.012782	0.123220
0.078098	-2.980626	5.890036	0.000619	0.127372
0.078993	-2.968077	5.989115	-0.012308	0.131392
0.079895	-2.954656	6.088097	-0.026005	0.135270
0.080806	-2.941417	6.186974	-0.040479	0.138992
0.081730	-2.926445	6.285739	-0.055736	0.142546
0.082667	-2.910822	6.384386	-0.071781	0.145919
0.083617	-2.894626	6.482907	-0.088618	0.149094
0.084584	-2.878933	6.581295	-0.106253	0.152057
0.085567	-2.861816	6.679543	-0.124691	0.154792
0.086567	-2.845345	6.777642	-0.143935	0.157282
0.087585	-2.827586	6.875585	-0.163989	0.159511
0.088621	-2.810604	6.973364	-0.184857	0.161460
0.089675	-2.792458	7.070971	-0.206542	0.163111
0.090746	-2.775208	7.168397	-0.229046	0.164447
0.091834	-2.757906	7.265633	-0.252373	0.165448
0.092938	-2.739604	7.362671	-0.276523	0.166096
0.094058	-2.722350	7.459501	-0.301499	0.166370
0.095190	-2.706188	7.556115	-0.327301	0.166251
0.096335	-2.689159	7.652503	-0.353932	0.165721
0.097489	-2.672302	7.748654	-0.381391	0.164761
0.098652	-2.656650	7.844559	-0.409678	0.163349
0.099819	-2.640236	7.940208	-0.438795	0.161468
0.100990	-2.625084	8.035590	-0.468739	0.159097
0.102161	-2.610199	8.130694	-0.499511	0.156219
0.103333	-2.595578	8.225509	-0.531110	0.152813
0.104502	-2.581221	8.320025	-0.563533	0.148863
0.105668	-2.567125	8.414228	-0.596779	0.144348
0.106830	-2.554287	8.508108	-0.630846	0.139252
0.107985	-2.540705	8.601653	-0.665731	0.133557
0.109132	-2.527373	8.694850	-0.701431	0.127244
0.110269	-2.515289	8.787687	-0.737942	0.120297
0.111395	-2.502449	8.880150	-0.775262	0.112698
0.112508	-2.490847	8.972228	-0.813384	0.104432
0.113606	-2.478478	9.063907	-0.852306	0.095480
0.114688	-2.466338	9.155174	-0.892020	0.085828
0.115752	-2.454421	9.246014	-0.932522	0.075459
0.116796	-2.442723	9.336416	-0.973805	0.064357
0.117819	-2.431236	9.426365	-1.015862	0.052506
0.118819	-2.419956	9.515847	-1.058685	0.039891
0.119794	-2.408877	9.604849	-1.102266	0.026498
0.120743	-2.397993	9.693356	-1.146596	0.012312
0.121663	-2.386297	9.781355	-1.191668	-0.002681
0.122554	-2.374786	9.868832	-1.237470	-0.018494
0.123414	-2.363463	9.955772	-1.283991	-0.035142
0.124241	-2.352330	10.042162	-1.331221	-0.052638
0.125033	-2.341393	10.127988	-1.379147	-0.070995
0.125790	-2.330654	10.213237	-1.427757	-0.090224
0.126509	-2.319116	10.297894	-1.477038	-0.110338
0.127189	-2.307784	10.381946	-1.526976	-0.131347
0.127828	-2.297661	10.465380	-1.577557	-0.153264
0.128424	-2.285749	10.548183	-1.628766	-0.176097
0.128976	-2.275052	10.630341	-1.680587	-0.199858
0.129482	-2.264572	10.711843	-1.733004	-0.224555
0.129939	-2.253313	10.792675	-1.786001	-0.250196
0.130347	-2.243278	10.872826	-1.839561	-0.276791
0.130703	-2.232470	10.952283	-1.893666	-0.304344
0.131005	-2.221892	11.031035	-1.948299	-0.332864
0.131251	-2.211549	11.109071	-2.003441	-0.362355
0.131440	-2.201442	11.186381	-2.059073	-0.392823
0.131569	-2.190577	11.262953	-2.115177	-0.424271
0.131637	-2.180957	11.338779	-2.171733	-0.456704
0.131641	-2.171587	11.413848	-2.228721	-0.490124
0.131582	-2.161461	11.488152	-2.286123	-0.524532
0.131469	-2.151524	11.561683	-2.343919	-0.559929
0.131314	-2.141715	11.634432	-2.402087	-0.596316
0.131130	-2.131973	11.706393	-2.460607	-0.633692
0.130927	-2.122240	11.777559	-2.519460	-0.672056
0.130720	-2.112459	11.847923	-2.578625	-0.711406
0.130520	-2.102576	11.917478	-2.638081	-0.751742
0.130340	-2.091538	11.986220	-2.697808	-0.793062
0.130193	-2.080294	12.054142	-2.757784	-0.835364
0.130092	-2.069796	12.121240	-2.817987	-0.878648
0.130051	-2.056999	12.187507	-2.878396	-0.922912
0.130082	-2.044862	12.252941	-2.938988	-0.968157
0.130200	-2.032346	12.317534	-2.999741	-1.014383
0.130419	-2.018419	12.381284	-3.060630	-1.061590
0.130751	-2.004052	12.444184	-3.121633	-1.109780
0.131213	-1.989224	12.506229	-3.182723	-1.158956
0.131818	-1.972918	12.567416	-3.243876	-1.209121
0.132582	-1.956127	12.627737	-3.305064	-1.260281
0.133519	-1.938850	12.687189	-3.366259	-1.312442
0.134644	-1.920094	12.745765	-3.427432	-1.365609
0.135967	-1.900909	12.803458	-3.488551	-1.419793
0.137469	-1.881476	12.860263	-3.549585	-1.475002
0.139124	-1.860999	12.916173	-3.610499	-1.531248
0.140903	-1.841662	12.971180	-3.671259	-1.588541
0.142780	-1.821633	13.025276	-3.731829	-1.646892
0.144724	-1.802060	13.078455	-3.792172	-1.706313
0.146706	-1.784073	13.130707	-3.852249	-1.766814
0.148695	-1.765787	13.182025	-3.912025	-1.828404
0.150658	-1.750303	13.232399	-3.971461	-1.891092
0.152565	-1.735711	13.281820	-4.030521	-1.954885
0.154384	-1.723092	13.330277	-4.089169	-2.019787
0.156082	-1.712519	13.377760	-4.147373	-2.085800
0.157627	-1.704065	13.424255	-4.205100	-2.152925
0.158988	-1.698799	13.469751	-4.262322	-2.221159
0.160134	-1.695797	13.514232	-4.319013	-2.290495
0.161033	-1.696137	13.557683	-4.375152	-2.360926
0.161655	-1.698909	13.600086	-4.430721	-2.432438
0.161972	-1.705213	13.641423	-4.485707	-2.505018
0.161955	-1.714170	13.681675	-4.540102	-2.578644
0.161580	-1.725920	13.720823	-4.593904	-2.653296
0.160831	-1.741578	13.758848	-4.647113	-2.728946
0.159737	-1.760066	13.795728	-4.699737	-2.805565
0.158337	-1.781268	13.831447	-4.751791	-2.883119
0.156672	-1.803074	13.865985	-4.803292	-2.961571
0.154779	-1.827373	13.899327	-4.854260	-3.040885
0.152697	-1.853053	13.931459	-4.904719	-3.121018
0.150466	-1.878994	13.962371	-4.954695	-3.201931
0.148119	-1.905058	13.992052	-5.004216	-3.283581
0.145693	-1.932093	14.020497	-5.053309	-3.365927
0.143220	-1.959922	14.047703	-5.102003	-3.448925
0.140730	-1.986343	14.073666	-5.150329	-3.532534
0.138250	-2.013121	14.098390	-5.198313	-3.616714
0.135805	-2.039993	14.121875	-5.245984	-3.701425
0.133415	-2.064659	14.144128	-5.293371	-3.786627
0.131099	-2.088785	14.165153	-5.340497	-3.872284
0.128870	-2.111002	14.184959	-5.387385	-3.958360
0.126741	-2.131909	14.203555	-5.434059	-4.044823
0.124720	-2.149072	14.220950	-5.480535	-4.131641
0.122814	-2.164030	14.237156	-5.526829	-4.218786
0.121032	-2.175298	14.252183	-5.572952	-4.306232
0.119374	-2.182469	14.266044	-5.618913	-4.393956
0.117830	-2.185512	14.278750	-5.664713	-4.481938
0.116389	-2.184514	14.290314	-5.710353	-4.570161
0.115043	-2.179582	14.300748	-5.755827	-4.658611
0.113787	-2.170844	14.310066	-5.801125	-4.747274
0.112621	-2.159449	14.318280	-5.846236	-4.836142
0.111542	-2.144560	14.325404	-5.891143	-4.925208
0.110553	-2.125363	14.331452	-5.935829	-5.014463
0.109655	-2.104057	14.336438	-5.980272	-5.103906
0.108851	-2.079861	14.340376	-6.024448	-5.193533
0.108141	-2.053006	14.343282	-6.068331	-5.283343
0.107526	-2.024739	14.345171	-6.111894	-5.373336
0.107005	-1.993316	14.346061	-6.155107	-5.463513
0.106577	-1.961004	14.345968	-6.197939	-5.553875
0.106237	-1.926071	14.344910	-6.240358	-5.644426
0.105979	-1.890791	14.342908	-6.282330	-5.735169
0.105794	-1.855432	14.339981	-6.323824	-5.826108
0.105671	-1.819258	14.336151	-6.364804	-5.917245
0.105598	-1.783525	14.331438	-6.405239	-6.008584
0.105559	-1.749480	14.325866	-6.445095	-6.100128
0.105539	-1.716324	14.319456	-6.484344	-6.191880
0.105526	-1.685114	14.312232	-6.522955	-6.283842
0.105510	-1.654869	14.304215	-6.560902	-6.376015
0.105479	-1.627603	14.295428	-6.598160	-6.468398
0.105423	-1.602324	14.285891	-6.634706	-6.560991
0.105332	-1.580037	14.275625	-6.670519	-6.653792
0.105195	-1.558747	14.264649	-6.705582	-6.746798
0.105004	-1.540455	14.252981	-6.739879	-6.840005
0.104749	-1.523162	14.240638	-6.773395	-6.933409
0.104421	-1.508870	14.227638	-6.806119	-7.027005
0.104010	-1.496582	14.213994	-6.838042	-7.120786
0.103509	-1.486303	14.199722	-6.869155	-7.214744
0.102909	-1.477041	14.184833	-6.899454	-7.308874
0.102202	-1.469808	14.169342	-6.928936	-7.403165
0.101381	-1.464621	14.153258	-6.957598	-7.497610
0.100437	-1.460504	14.136594	-6.985442	-7.592198
0.099366	-1.457486	14.119359	-7.012470	-7.686921
0.098158	-1.456609	14.101564	-7.038688	-7.781768
0.096809	-1.455923	14.083217	-7.064101	-7.876729
0.095313	-1.457490	14.064329	-7.088718	-7.971794
0.093667	-1.459376	14.044909	-7.112550	-8.066951
0.091881	-1.462599	14.024966	-7.135609	-8.162191
0.089967	-1.467174	14.004510	-7.157910	-8.257502
0.087938	-1.472129	13.983548	-7.179469	-8.352874
0.085808	-1.479501	13.962092	-7.200302	-8.448297
0.083592	-1.487335	13.940149	-7.220430	-8.543761
0.081302	-1.496689	13.917729	-7.239873	-8.639256
0.078955	-1.507628	13.894840	-7.258651	-8.734773
0.076564	-1.520224	13.871490	-7.276789	-8.830302
0.074145	-1.534556	13.847687	-7.294309	-8.925835
0.071713	-1.550706	13.823439	-7.311237	-9.021362
0.069285	-1.567759	13.798752	-7.327597	-9.116876
0.066875	-1.587797	13.773635	-7.343415	-9.212369
0.064501	-1.609895	13.748092	-7.358717	-9.307834
0.062178	-1.633113	13.722131	-7.373530	-9.403262
0.059923	-1.659492	13.695757	-7.387881	-9.498648
0.057750	-1.687039	13.668975	-7.401795	-9.593985
0.055676	-1.717723	13.641790	-7.415299	-9.689267
0.053714	-1.749455	13.614205	-7.428420	-9.784488
0.051879	-1.784081	13.586227	-7.441182	-9.879642
0.050180	-1.819399	13.557857	-7.453612	-9.974724
0.048621	-1.857253	13.529098	-7.465732	-10.069730
0.047204	-1.896466	13.499955	-7.477568	-10.164654
0.045929	-1.935818	13.470428	-7.489142	-10.259492
0.044795	-1.977045	13.440520	-7.500476	-10.354239
0.043800	-2.018843	13.410233	-7.511592	-10.448892
0.042940	-2.060877	13.379567	-7.522510	-10.543445
0.042212	-2.102789	13.348524	-7.533250	-10.637897
0.041609	-2.144213	13.317106	-7.543831	-10.732241
0.041123	-2.184785	13.285311	-7.554272	-10.826476
0.040746	-2.224153	13.253141	-7.564588	-10.920596
0.040470	-2.261992	13.220596	-7.574798	-11.014599
0.040283	-2.298011	13.187676	-7.584915	-11.108482
0.040176	-2.332956	13.154381	-7.594954	-11.202240
0.040139	-2.364614	13.120710	-7.604929	-11.295871
0.040161	-2.394815	13.086663	-7.614853	-11.389372
0.040231	-2.422427	13.052239	-7.624737	-11.482738
0.040341	-2.446352	13.017438	-7.634592	-11.575968
0.040481	-2.468523	12.982260	-7.644428	-11.669058
0.040643	-2.488897	12.946703	-7.654252	-11.762005
0.040820	-2.505483	12.910766	-7.664074	-11.854807
0.041005	-2.519432	12.874449	-7.673899	-11.947460
0.041193	-2.531931	12.837751	-7.683734	-12.039961
0.041380	-2.541169	12.800671	-7.693582	-12.132309
0.041564	-2.549334	12.763209	-7.703449	-12.224500
0.041741	-2.555611	12.725363	-7.713337	-12.316533
0.041911	-2.559180	12.687133	-7.723249	-12.408403
0.042072	-2.562217	12.648518	-7.733185	-12.500110
0.042223	-2.562893	12.609517	-7.743149	-12.591651
0.042364	-2.563375	12.570131	-7.753138	-12.683023
0.042494	-2.561826	12.530357	-7.763154	-12.774225
0.042614	-2.559406	12.490196	-7.773196	-12.865254
0.042722	-2.556270	12.449647	-7.783263	-12.956108
0.042819	-2.552571	12.408710	-7.793353	-13.046785
0.042904	-2.548461	12.367384	-7.803465	-13.137284
0.042977	-2.543087	12.325670	-7.813597	-13.227601
0.043038	-2.538597	12.283567	-7.823745	-13.317736
0.043086	-2.532134	12.241076	-7.833909	-13.407687
0.043121	-2.526845	12.198196	-7.844085	-13.497453
0.043141	-2.520873	12.154928	-7.854271	-13.587030
0.043146	-2.515338	12.111272	-7.864464	-13.676418
0.043136	-2.509272	12.067229	-7.874661	-13.765616
0.043112	-2.504684	12.022800	-7.884860	-13.854622
0.043075	-2.499584	11.977985	-7.895059	-13.943435
0.043025	-2.493985	11.932786	-7.905254	-14.032052
0.042962	-2.489898	11.887204	-7.915444	-14.120474
0.042888	-2.485338	11.841241	-7.925627	-14.208700
0.042804	-2.481319	11.794897	-7.935801	-14.296727
0.042709	-2.477857	11.748174	-7.945963	-14.384555
0.042605	-2.474967	11.701074	-7.956111	-14.472182
0.042492	-2.473668	11.653599	-7.966246	-14.559609
0.042372	-2.471978	11.605751	-7.976366	-14.646834
0.042245	-2.470916	11.557531	-7.986469	-14.733855
0.042113	-2.470500	11.508941	-7.996556	-14.820673
0.041976	-2.471751	11.459984	-8.006626	-14.907286
0.041835	-2.472688	11.410661	-8.016680	-14.993693
0.041692	-2.475333	11.360975	-8.026718	-15.079893
0.041548	-2.478706	11.310927	-8.036741	-15.165886
0.041405	-2.483827	11.260521	-8.046749	-15.251671
0.041263	-2.489716	11.209757	-8.056746	-15.337246
0.041124	-2.496376	11.158638	-8.066733	-15.422611
0.040989	-2.503751	11.107167	-8.076713	-15.507765
0.040858	-2.512768	11.055345	-8.086689	-15.592706
0.040731	-2.522351	11.003175	-8.096664	-15.677434
0.040609	-2.532426	10.950659	-8.106643	-15.761947
0.040491	-2.543915	10.897798	-8.116628	-15.846244
0.040377	-2.555741	10.844596	-8.126625	-15.930325
0.040268	-2.567826	10.791054	-8.136637	-16.014188
0.040163	-2.580090	10.737175	-8.146671	-16.097832
0.040062	-2.593455	10.682960	-8.156729	-16.181257
0.039963	-2.605840	10.628413	-8.166818	-16.264460
0.039866	-2.619168	10.573535	-8.176942	-16.347442
0.039771	-2.632360	10.518329	-8.187106	-16.430201
0.039675	-2.644335	10.462797	-8.197315	-16.512736
0.039579	-2.657018	10.406942	-8.207573	-16.595046
0.039480	-2.669329	10.350766	-8.217886	-16.677131
0.039376	-2.681193	10.294272	-8.228257	-16.758990
0.039268	-2.692532	10.237463	-8.238690	-16.840622
0.039152	-2.703269	10.180340	-8.249191	-16.922026
0.039026	-2.713329	10.122906	-8.259762	-17.003203
0.038891	-2.722651	10.065165	-8.270408	-17.084152
0.038744	-2.731246	10.007119	-8.281130	-17.164872
0.038587	-2.738142	9.948771	-8.291933	-17.245363
0.038420	-2.745365	9.890123	-8.302817	-17.325625
0.038243	-2.750941	9.831179	-8.313786	-17.405657
0.038057	-2.756894	9.771941	-8.324841	-17.485461
0.037861	-2.761247	9.712411	-8.335983	-17.565036
0.037658	-2.766024	9.652594	-8.347213	-17.644381
0.037447	-2.769246	9.592490	-8.358533	-17.723498
0.037230	-2.771935	9.532105	-8.369943	-17.802387
0.037006	-2.774112	9.471439	-8.381443	-17.881047
0.036777	-2.775798	9.410496	-8.393033	-17.959479
0.036544	-2.777015	9.349278	-8.404714	-18.037684
0.036307	-2.777783	9.287789	-8.416484	-18.115662
0.036068	-2.777124	9.226030	-8.428344	-18.193413
0.035827	-2.777059	9.164005	-8.440293	-18.270938
0.035585	-2.775609	9.101716	-8.452329	-18.348237
0.035343	-2.774799	9.039165	-8.464451	-18.425311
0.035103	-2.772650	8.976355	-8.476659	-18.502161
0.034864	-2.770187	8.913288	-8.488952	-18.578786
0.034629	-2.767440	8.849966	-8.501326	-18.655188
0.034397	-2.764463	8.786392	-8.513781	-18.731367
0.034168	-2.761317	8.722568	-8.526316	-18.807324
0.033944	-2.758065	8.658496	-8.538928	-18.883058
0.033723	-2.754772	8.594178	-8.551615	-18.958571
0.033507	-2.751503	8.529616	-8.564377	-19.033864
0.033295	-2.747328	8.464813	-8.577211	-19.108936
0.033088	-2.744316	8.399769	-8.590115	-19.183788
0.032886	-2.741539	8.334488	-8.603088	-19.258420
0.032689	-2.739070	8.268970	-8.616128	-19.332834
0.032497	-2.736984	8.203219	-8.629235	-19.407030
0.032310	-2.735356	8.137235	-8.642406	-19.481007
0.032129	-2.734265	8.071021	-8.655642	-19.554767
0.031953	-2.733790	8.004579	-8.668940	-19.628310
0.031783	-2.735009	7.937910	-8.682300	-19.701637
0.031619	-2.736004	7.871016	-8.695723	-19.774747
0.031461	-2.738857	7.803900	-8.709208	-19.847641
0.031311	-2.742649	7.736564	-8.722756	-19.920321
0.031167	-2.747463	7.669009	-8.736367	-19.992785
0.031032	-2.754380	7.601237	-8.750042	-20.065034
0.030906	-2.761457	7.533251	-8.763783	-20.137069
0.030788	-2.770640	7.465052	-8.777592	-20.208890
0.030678	-2.781852	7.396643	-8.791471	-20.280497
0.030575	-2.793009	7.328026	-8.805423	-20.351891
0.030480	-2.806030	7.259203	-8.819451	-20.423072
0.030390	-2.819830	7.190178	-8.833558	-20.494040
0.030306	-2.834326	7.120951	-8.847748	-20.564795
0.030228	-2.849432	7.051526	-8.862025	-20.635338
0.030153	-2.865065	6.981905	-8.876393	-20.705670
0.030082	-2.881141	6.912091	-8.890855	-20.775790
0.030013	-2.898580	6.842087	-8.905416	-20.845700
0.029945	-2.915300	6.771895	-8.920081	-20.915399
0.029877	-2.932223	6.701518	-8.934854	-20.984889
0.029807	-2.950273	6.630959	-8.949738	-21.054171
0.029733	-2.967378	6.560221	-8.964739	-21.123244
0.029655	-2.984465	6.489307	-8.979861	-21.192110
0.029569	-3.001467	6.418220	-8.995107	-21.260770
0.029475	-3.019320	6.346964	-9.010482	-21.329226
0.029370	-3.035961	6.275540	-9.025990	-21.397477
0.029252	-3.052331	6.203954	-9.041635	-21.465526
0.029118	-3.067387	6.132208	-9.057420	-21.533374
0.028968	-3.083144	6.060305	-9.073348	-21.601022
0.028802	-3.098629	5.988249	-9.089421	-21.668473
0.028618	-3.112874	5.916044	-9.105644	-21.735728
0.028416	-3.127907	5.843692	-9.122018	-21.802788
0.028196	3.141426	5.771198	-9.138545	-21.869657
0.027957	3.127722	5.698564	-9.155227	-21.936336
0.027698	3.114136	5.625795	-9.172067	-22.002827
0.027420	3.101632	5.552894	-9.189065	-22.069133
0.027123	3.088177	5.479865	-9.206223	-22.135257
0.026804	3.074732	5.406712	-9.223541	-22.201202
0.026465	3.062258	5.333438	-9.241021	-22.266969
0.026105	3.049714	5.260046	-9.258662	-22.332563
0.025724	3.037054	5.186542	-9.276466	-22.397986
0.025322	3.024230	5.112929	-9.294431	-22.463242
0.024898	3.011190	5.039210	-9.312558	-22.528334
0.024452	2.998875	4.965390	-9.330847	-22.593265
0.023985	2.985222	4.891472	-9.349296	-22.658040
0.023496	2.972158	4.817461	-9.367904	-22.722663
0.022985	2.958606	4.743360	-9.386672	-22.787137
0.022454	2.944472	4.669174	-9.405596	-22.851467
0.021908	2.930651	4.594907	-9.424677	-22.915656
0.021355	2.915039	4.520563	-9.443911	-22.979711
0.020800	2.899539	4.446146	-9.463298	-23.043635
0.020252	2.882068	4.371660	-9.482835	-23.107432
0.019717	2.864559	4.297109	-9.502520	-23.171108
0.019204	2.845970	4.222497	-9.522353	-23.234668
0.018718	2.826290	4.147829	-9.542331	-23.298115
0.018267	2.805548	4.073108	-9.562452	-23.361455
0.017859	2.783823	3.998338	-9.582716	-23.424691
0.017500	2.761251	3.923523	-9.603122	-23.487829
0.017198	2.737034	3.848666	-9.623668	-23.550871
0.016959	2.713438	3.773771	-9.644355	-23.613821
0.016789	2.689795	3.698841	-9.665182	-23.676684
0.016694	2.665492	3.623880	-9.686151	-23.739462
0.016680	2.642956	3.548889	-9.707263	-23.802158
0.016752	2.620631	3.473872	-9.728518	-23.864773
0.016915	2.599956	3.398832	-9.749919	-23.927310
0.017173	2.581331	3.323770	-9.771470	-23.989771
0.017531	2.564096	3.248688	-9.793173	-24.052155
0.017990	2.549470	3.173589	-9.815033	-24.114463
0.018541	2.537410	3.098474	-9.837055	-24.176694
0.019172	2.527738	3.023344	-9.859245	-24.238847
0.019872	2.520215	2.948200	-9.881609	-24.300922
0.020629	2.513573	2.873042	-9.904153	-24.362914
0.021434	2.508536	2.797872	-9.926886	-24.424823
0.022274	2.504838	2.722690	-9.949814	-24.486645
0.023141	2.503231	2.647496	-9.972946	-24.548378
0.024022	2.500491	2.572292	-9.996289	-24.610016
0.024909	2.499421	2.497076	-10.019851	-24.671558
0.025791	2.498849	2.421849	-10.043641	-24.732999
0.026658	2.498627	2.346612	-10.067667	-24.794336
0.027499	2.498628	2.271365	-10.091936	-24.855564
0.028305	2.498741	2.196108	-10.116456	-24.916680
0.029065	2.498872	2.120841	-10.141234	-24.977680
0.029768	2.499937	2.045565	-10.166276	-25.038559
0.030405	2.499862	1.970279	-10.191589	-25.099316
0.030966	2.499579	1.894985	-10.217178	-25.159946
0.031440	2.500021	1.819683	-10.243049	-25.220446
0.031816	2.500124	1.744373	-10.269205	-25.280814
0.032088	2.499839	1.669056	-10.295649	-25.341048
0.032257	2.499191	1.593734	-10.322383	-25.401146
0.032328	2.498215	1.518406	-10.349410	-25.461106
0.032304	2.497939	1.443073	-10.376729	-25.520929
0.032191	2.497389	1.367738	-10.404339	-25.580613
0.031993	2.496585	1.292400	-10.432241	-25.640159
0.031713	2.494546	1.217060	-10.460431	-25.699567
0.031358	2.493287	1.141720	-10.488907	-25.758837
0.030930	2.492823	1.066381	-10.517665	-25.817972
0.030435	2.491167	0.991043	-10.546702	-25.876973
0.029876	2.489335	0.915708	-10.576014	-25.935841
0.029259	2.487338	0.840376	-10.605594	-25.994579
0.028587	2.485194	0.765048	-10.635437	-26.053189
0.027866	2.483916	0.689726	-10.665538	-26.111675
0.027098	2.481525	0.614411	-10.695889	-26.170039
0.026289	2.479042	0.539102	-10.726483	-26.228284
0.025443	2.476492	0.463800	-10.757314	-26.286414
0.024565	2.474908	0.388507	-10.788374	-26.344434
0.023658	2.472326	0.313223	-10.819655	-26.402346
0.022726	2.469794	0.237948	-10.851148	-26.460155
0.021775	2.466354	0.162682	-10.882845	-26.517864
0.020807	2.463998	0.087427	-10.914739	-26.575479
0.019826	2.461704	0.012182	-10.946819	-26.633004
0.018835	2.459446	-0.063052	-10.979078	-26.690442
0.017838	2.456198	-0.138276	-11.011506	-26.747799
0.016839	2.453927	-0.213490	-11.044094	-26.805078
0.015839	2.450597	-0.288693	-11.076834	-26.862285
0.014844	2.448164	-0.363885	-11.109717	-26.919423
0.013857	2.444577	-0.439068	-11.142733	-26.976498
0.012880	2.440771	-0.514240	-11.175874	-27.033513
0.011917	2.437666	-0.589403	-11.209131	-27.090474
0.010973	2.433163	-0.664557	-11.242496	-27.147383
0.010050	2.429132	-0.739702	-11.275960	-27.204247
0.009152	2.423409	-0.814838	-11.309514	-27.261068
0.008282	2.417776	-0.889966	-11.343152	-27.317851
0.007444	2.409945	-0.965086	-11.376864	-27.374600
0.006641	2.401532	-1.040199	-11.410644	-27.431319
0.005878	2.391012	-1.115305	-11.444484	-27.488011
0.005157	2.376672	-1.190404	-11.478378	-27.544679
0.004483	2.359529	-1.265497	-11.512319	-27.601328
0.003859	2.337224	-1.340583	-11.546301	-27.657960
0.003284	2.307849	-1.415664	-11.580319	-27.714579
0.002759	2.269564	-1.490740	-11.614367	-27.771186
0.002284	2.216028	-1.565810	-11.648441	-27.827785
0.001861	2.141446	-1.640875	-11.682537	-27.884378
0.001492	2.035146	-1.715935	-11.716650	-27.940967
0.001185	1.882174	-1.790990	-11.750777	-27.997554
0.000951	1.661548	-1.866040	-11.784914	-28.054141
0.000807	1.369972	-1.941085	-11.819060	-28.110731
0.000760	1.045171	-2.016125	-11.853211	-28.167323
0.000792	0.759387	-2.091160	-11.887365	-28.223920
0.000870	0.550425	-2.166190	-11.921521	-28.280523
0.000964	0.409513	-2.241215	-11.955676	-28.337133
0.001056	0.318807	-2.316234	-11.989830	-28.393751
0.001137	0.263949	-2.391248	-12.023982	-28.450378
0.001204	0.232909	-2.466257	-12.058130	-28.507014
0.001255	0.220553	-2.541259	-12.092275	-28.563659
0.001289	0.223248	-2.616256	-12.126415	-28.620316
0.001308	0.238961	-2.691247	-12.160552	-28.676982
0.001312	0.266714	-2.766231	-12.194684	-28.733660
0.001305	0.306186	-2.841209	-12.228813	-28.790348
0.001289	0.356278	-2.916180	-12.262938	-28.847047
0.001267	0.419054	-2.991145	-12.297061	-28.903757
0.001241	0.492561	-3.066102	-12.331182	-28.960477
0.001217	0.578554	-3.141052	-12.365302	-29.017207
0.001197	0.674194	-3.215995	-12.399423	-29.073946
0.001184	0.779790	-3.290930	-12.433544	-29.130695
0.001182	0.890706	-3.365858	-12.467668	-29.187453
0.001191	1.004533	-3.440777	-12.501795	-29.244219
0.001213	1.118546	-3.515689	-12.535927	-29.300993
0.001247	1.227300	-3.590593	-12.570065	-29.357773
0.001290	1.329128	-3.665489	-12.604210	-29.414560
0.001341	1.423363	-3.740377	-12.638364	-29.471352
0.001396	1.507299	-3.815256	-12.672526	-29.528149
0.001453	1.582962	-3.890128	-12.706700	-29.584951
0.001507	1.648858	-3.964992	-12.740885	-29.641756
0.001555	1.707737	-4.039847	-12.775082	-29.698564
0.001596	1.759436	-4.114695	-12.809293	-29.755375
0.001625	1.804770	-4.189536	-12.843518	-29.812187
0.001640	1.844480	-4.264369	-12.877757	-29.869000
0.001639	1.879361	-4.339194	-12.912011	-29.925814
0.001622	1.910674	-4.414013	-12.946279	-29.982628
0.001591	1.940585	-4.488825	-12.980563	-30.039442
0.001546	1.968082	-4.563631	-13.014861	-30.096255
0.001490	1.996069	-4.638431	-13.049173	-30.153066
0.001423	2.024431	-4.713226	-13.083500	-30.209877
0.001349	2.053102	-4.788016	-13.117839	-30.266686
0.001267	2.085130	-4.862802	-13.152191	-30.323493
0.001180	2.120752	-4.937584	-13.186555	-30.380298
0.001091	2.161468	-5.012362	-13.220931	-30.437101
0.001000	2.209124	-5.087138	-13.255316	-30.493901
0.000912	2.265964	-5.161911	-13.289711	-30.550699
0.000827	2.334601	-5.236682	-13.324114	-30.607494
0.000750	2.417761	-5.311452	-13.358525	-30.664286
0.000682	2.517582	-5.386221	-13.392942	-30.721075
0.000629	2.634249	-5.460991	-13.427366	-30.777861
0.000592	2.764162	-5.535760	-13.461795	-30.834643
0.000574	2.898811	-5.610530	-13.496228	-30.891421
0.000575	3.026153	-5.685302	-13.530665	-30.948196
0.000594	3.134521	-5.760075	-13.565106	-31.004966
0.000627	-3.067210	-5.834850	-13.599550	-31.061731
0.000671	-3.010002	-5.909628	-13.633996	-31.118492
0.000722	-2.974768	-5.984408	-13.668445	-31.175247
0.000777	-2.954594	-6.059192	-13.702897	-31.231996
0.000835	-2.947041	-6.133979	-13.737352	-31.288739
0.000894	-2.947491	-6.208771	-13.771809	-31.345475
0.000953	-2.952128	-6.283566	-13.806270	-31.402203
0.001011	-2.960813	-6.358366	-13.840734	-31.458924
0.001066	-2.970932	-6.433170	-13.875201	-31.515637
0.001117	-2.980260	-6.507979	-13.909673	-31.572340
0.001163	-2.989850	-6.582793	-13.944148	-31.629035
0.001203	-2.996933	-6.657612	-13.978628	-31.685721
0.001234	-3.002843	-6.732437	-14.013113	-31.742396
0.001256	-3.004941	-6.807267	-14.047603	-31.799062
0.001268	-3.004539	-6.882102	-14.082097	-31.855717
0.001267	-2.998816	-6.956943	-14.116597	-31.912362
0.001253	-2.987706	-7.031789	-14.151101	-31.968997
0.001224	-2.969730	-7.106640	-14.185611	-32.025622
0.001179	-2.942740	-7.181498	-14.220124	-32.082236
0.001119	-2.903485	-7.256360	-14.254642	-32.138841
0.001043	-2.846345	-7.331228	-14.289163	-32.195437
0.000958	-2.768245	-7.406102	-14.323687	-32.252025
0.000868	-2.660432	-7.480980	-14.358212	-32.308604
0.000783	-2.516541	-7.555864	-14.392739	-32.365176
0.000714	-2.327576	-7.630752	-14.427265	-32.421742
0.000673	-2.096680	-7.705645	-14.461789	-32.478303
0.000673	-1.844136	-7.780542	-14.496310	-32.534860
0.000714	-1.603499	-7.855444	-14.530828	-32.591414
0.000791	-1.400681	-7.930349	-14.565339	-32.647965
0.000892	-1.242710	-8.005259	-14.599844	-32.704516
0.001006	-1.124283	-8.080172	-14.634341	-32.761067
0.001123	-1.036867	-8.155089	-14.668828	-32.817619
0.001239	-0.972963	-8.230009	-14.703305	-32.874173
0.001346	-0.927050	-8.304932	-14.737770	-32.930730
0.001440	-0.895383	-8.379859	-14.772223	-32.987290
0.001519	-0.876599	-8.454788	-14.806662	-33.043855
0.001578	-0.867403	-8.529720	-14.841087	-33.100424
0.001614	-0.869399	-8.604656	-14.875497	-33.156998
0.001627	-0.881056	-8.679594	-14.909893	-33.213577
0.001614	-0.905823	-8.754536	-14.944273	-33.270161
0.001575	-0.944956	-8.829482	-14.978638	-33.326750
0.001514	-1.000273	-8.904431	-15.012988	-33.383342
0.001439	-1.074230	-8.979384	-15.047324	-33.439938
0.001356	-1.171119	-9.054342	-15.081647	-33.496535
0.001275	-1.292428	-9.129305	-15.115957	-33.553134
0.001207	-1.442345	-9.204273	-15.150255	-33.609732
0.001162	-1.617142	-9.279248	-15.184544	-33.666329
0.001152	-1.810575	-9.354229	-15.218823	-33.722922
0.001183	-2.007333	-9.429217	-15.253095	-33.779510
0.001254	-2.191186	-9.504214	-15.287361	-33.836091
0.001358	-2.353996	-9.579218	-15.321622	-33.892664
0.001487	-2.491558	-9.654231	-15.355881	-33.949227
0.001631	-2.604533	-9.729254	-15.390139	-34.005778
0.001780	-2.698663	-9.804286	-15.424397	-34.062316
0.001928	-2.775993	-9.879328	-15.458658	-34.118840
0.002068	-2.842118	-9.954380	-15.492922	-34.175348
0.002194	-2.898006	-10.029443	-15.527191	-34.231838
0.002301	-2.948064	-10.104517	-15.561467	-34.288311
0.002385	-2.992271	-10.179601	-15.595751	-34.344765
0.002441	-3.033327	-10.254695	-15.630044	-34.401199
0.002466	-3.072839	-10.329800	-15.664347	-34.457614
0.002463	-3.111455	-10.404914	-15.698661	-34.514009
0.002436	3.130533	-10.480038	-15.732987	-34.570384
0.002387	3.087385	-10.555170	-15.767326	-34.626741
0.002321	3.038943	-10.630310	-15.801678	-34.683079
0.002242	2.985848	-10.705456	-15.836043	-34.739399
0.002155	2.925744	-10.780609	-15.870423	-34.795704
0.002066	2.857362	-10.855767	-15.904816	-34.851992
0.001981	2.779709	-10.930928	-15.939225	-34.908267
0.001904	2.692377	-11.006093	-15.973648	-34.964529
0.001842	2.595955	-11.081259	-16.008086	-35.020779
0.001802	2.492414	-11.156425	-16.042540	-35.077020
0.001786	2.385246	-11.231590	-16.077010	-35.133252
0.001798	2.279128	-11.306753	-16.111496	-35.189477
0.001837	2.179088	-11.381912	-16.145999	-35.245697
0.001904	2.089534	-11.457067	-16.180519	-35.301912
0.001993	2.013564	-11.532217	-16.215057	-35.358124
0.002102	1.951809	-11.607359	-16.249613	-35.414333
0.002227	1.906680	-11.682493	-16.284189	-35.470542
0.002364	1.875779	-11.757618	-16.318785	-35.526750
0.002512	1.859955	-11.832733	-16.353403	-35.582959
0.002667	1.854760	-11.907837	-16.388043	-35.639168
0.002826	1.858772	-11.982929	-16.422707	-35.695378
0.002987	1.869987	-12.058010	-16.457397	-35.751588
0.003148	1.886794	-12.133077	-16.492113	-35.807799
0.003308	1.906916	-12.208131	-16.526859	-35.864010
0.003465	1.931357	-12.283172	-16.561634	-35.920220
0.003619	1.957351	-12.358199	-16.596441	-35.976429
0.003767	1.986317	-12.433212	-16.631282	-36.032635
0.003908	2.015832	-12.508212	-16.666157	-36.088839
0.004041	2.046600	-12.583197	-16.701069	-36.145038
0.004163	2.078433	-12.658169	-16.736019	-36.201232
0.004274	2.111239	-12.733128	-16.771007	-36.257419
0.004371	2.145011	-12.808075	-16.806035	-36.313598
0.004453	2.179819	-12.883009	-16.841105	-36.369768
0.004517	2.215813	-12.957931	-16.876216	-36.425927
0.004563	2.253225	-13.032843	-16.911369	-36.482074
0.004587	2.292375	-13.107746	-16.946565	-36.538207
0.004590	2.334688	-13.182640	-16.981803	-36.594325
0.004569	2.378718	-13.257526	-17.017083	-36.650427
0.004525	2.426079	-13.332406	-17.052405	-36.706510
0.004462	2.477097	-13.407282	-17.087767	-36.762574
0.004384	2.531956	-13.482154	-17.123169	-36.818617
0.004297	2.590742	-13.557026	-17.158609	-36.874638
0.004205	2.654408	-13.631897	-17.194084	-36.930636
0.004113	2.720734	-13.706770	-17.229594	-36.986610
0.004024	2.790293	-13.781647	-17.265137	-37.042558
0.003942	2.863424	-13.856530	-17.300709	-37.098480
0.003868	2.938235	-13.931420	-17.336308	-37.154374
0.003805	3.012628	-14.006318	-17.371933	-37.210241
0.003753	3.087355	-14.081228	-17.407581	-37.266079
0.003709	-3.123092	-14.156149	-17.443249	-37.321888
0.003672	-3.053656	-14.231083	-17.478935	-37.377668
0.003640	-2.987768	-14.306032	-17.514638	-37.433417
0.003607	-2.928561	-14.380997	-17.550353	-37.489137
0.003569	-2.875067	-14.455978	-17.586081	-37.544827
0.003522	-2.830258	-14.530977	-17.621818	-37.600488
0.003462	-2.793136	-14.605993	-17.657564	-37.656119
0.003383	-2.765858	-14.681027	-17.693317	-37.711722
0.003282	-2.748921	-14.756079	-17.729076	-37.767296
0.003157	-2.745981	-14.831149	-17.764840	-37.822843
0.003010	-2.755742	-14.906236	-17.800609	-37.878364
0.002844	-2.780182	-14.981338	-17.836383	-37.933860
0.002664	-2.821016	-15.056456	-17.872163	-37.989333
0.002478	-2.880726	-15.131587	-17.907948	-38.044783
0.002295	-2.961428	-15.206730	-17.943741	-38.100213
0.002127	-3.068331	-15.281883	-17.979542	-38.155623
0.001987	3.081777	-15.357045	-18.015352	-38.211017
0.001890	2.923085	-15.432212	-18.051173	-38.266395
0.001850	2.746212	-15.507384	-18.087006	-38.321759
0.001875	2.564236	-15.582557	-18.122854	-38.377112
0.001961	2.391529	-15.657730	-18.158717	-38.432455
0.002099	2.238251	-15.732901	-18.194599	-38.487790
0.002275	2.108214	-15.808067	-18.230499	-38.543119
0.002475	2.000424	-15.883226	-18.266421	-38.598443
0.002684	1.911605	-15.958375	-18.302366	-38.653765
0.002893	1.837967	-16.033514	-18.338335	-38.709086
0.003092	1.776019	-16.108640	-18.374331	-38.764408
0.003272	1.722808	-16.183750	-18.410353	-38.819733
0.003428	1.674895	-16.258845	-18.446403	-38.875062
0.003554	1.632236	-16.333921	-18.482481	-38.930396
0.003649	1.591151	-16.408978	-18.518589	-38.985738
0.003714	1.551298	-16.484014	-18.554725	-39.041088
0.003750	1.511555	-16.559030	-18.590891	-39.096449
0.003758	1.470909	-16.634023	-18.627085	-39.151820
0.003739	1.428388	-16.708995	-18.663306	-39.207204
0.003695	1.382995	-16.783943	-18.699554	-39.262601
0.003630	1.333661	-16.858869	-18.735827	-39.318013
0.003545	1.279198	-16.933771	-18.772124	-39.373440
0.003444	1.218265	-17.008651	-18.808442	-39.428884
0.003332	1.150350	-17.083509	-18.844779	-39.484346
0.003213	1.071794	-17.158344	-18.881133	-39.539826
0.003096	0.981890	-17.233159	-18.917502	-39.595325
0.002987	0.880115	-17.307952	-18.953883	-39.650844
0.002898	0.763555	-17.382726	-18.990272	-39.706384
0.002838	0.634513	-17.457482	-19.026667	-39.761946
0.002820	0.495155	-17.532220	-19.063063	-39.817529
0.002854	0.347796	-17.606942	-19.099457	-39.873136
0.002949	0.200392	-17.681649	-19.135845	-39.928767
0.003107	0.058218	-17.756343	-19.172224	-39.984422
0.003329	-0.072551	-17.831025	-19.208588	-40.040102
0.003609	-0.189553	-17.905697	-19.244934	-40.095808
0.003942	-0.291571	-17.980360	-19.281257	-40.151540
0.004319	-0.378028	-18.055017	-19.317552	-40.207299
0.004733	-0.451265	-18.129669	-19.353814	-40.263086
0.005177	-0.512973	-18.204317	-19.390039	-40.318902
0.005645	-0.564849	-18.278965	-19.426221	-40.374746
0.006132	-0.607438	-18.353612	-19.462355	-40.430622
0.006632	-0.643073	-18.428262	-19.498436	-40.486528
0.007142	-0.672868	-18.502917	-19.534460	-40.542466
0.007658	-0.697747	-18.577576	-19.570421	-40.598438
0.008175	-0.717464	-18.652243	-19.606313	-40.654443
0.008691	-0.734638	-18.726919	-19.642132	-40.710484
0.009203	-0.747775	-18.801605	-19.677873	-40.766561
0.009707	-0.759290	-18.876303	-19.713530	-40.822675
0.010201	-0.767526	-18.951013	-19.749100	-40.878828
0.010681	-0.774764	-19.025738	-19.784577	-40.935022
0.011146	-0.779238	-19.100477	-19.819956	-40.991256
0.011592	-0.783141	-19.175233	-19.855234	-41.047534
0.012018	-0.785632	-19.250005	-19.890405	-41.103855
0.012420	-0.786862	-19.324795	-19.925467	-41.160221
0.012800	-0.787013	-19.399603	-19.960415	-41.216634
0.013158	-0.786248	-19.474429	-19.995246	-41.273095
0.013495	-0.785701	-19.549274	-20.029956	-41.329606
0.013814	-0.783482	-19.624139	-20.064543	-41.386166
0.014113	-0.781684	-19.699022	-20.099003	-41.442779
0.014396	-0.778384	-19.773926	-20.133333	-41.499444
0.014663	-0.775648	-19.848848	-20.167532	-41.556164
0.014914	-0.771532	-19.923790	-20.201596	-41.612939
0.015153	-0.767086	-19.998750	-20.235524	-41.669771
0.015378	-0.763351	-20.073729	-20.269313	-41.726660
0.015593	-0.758365	-20.148727	-20.302961	-41.783609
0.015798	-0.753159	-20.223743	-20.336467	-41.840618
0.015994	-0.747764	-20.298776	-20.369828	-41.897689
0.016183	-0.741203	-20.373826	-20.403043	-41.954823
0.016365	-0.734501	-20.448893	-20.436110	-42.012021
0.016543	-0.727678	-20.523975	-20.469028	-42.069284
0.016716	-0.719752	-20.599072	-20.501796	-42.126615
0.016888	-0.711739	-20.674182	-20.534412	-42.184014
0.017058	-0.702655	-20.749306	-20.566874	-42.241483
0.000000	0.000000	-20.749306	-20.566874	-42.241483
